TEFF   7500.  GRAVITY 3.50000 LTE 
TITLE SDSC GRID  [-0.1]   VTURB 2.0 KM/S    L/H 1.25                            
 OPACITY IFOP 1 1 1 1 1 1 1 1 1 1 1 1 1 0 1 0 0 0 0 0
 CONVECTION ON   1.25 TURBULENCE OFF  0.00  0.00  0.00  0.00
ABUNDANCE SCALE   0.79430 ABUNDANCE CHANGE 1 0.91100 2 0.08900
 ABUNDANCE CHANGE  3 -10.88  4 -10.89  5  -9.44  6  -3.48  7  -3.99  8  -3.11
 ABUNDANCE CHANGE  9  -7.48 10  -3.95 11  -5.71 12  -4.46 13  -5.57 14  -4.49
 ABUNDANCE CHANGE 15  -6.59 16  -4.83 17  -6.54 18  -5.48 19  -6.82 20  -5.68
 ABUNDANCE CHANGE 21  -8.94 22  -7.05 23  -8.04 24  -6.37 25  -6.65 26  -4.37
 ABUNDANCE CHANGE 27  -7.12 28  -5.79 29  -7.83 30  -7.44 31  -9.16 32  -8.63
 ABUNDANCE CHANGE 33  -9.67 34  -8.69 35  -9.41 36  -8.81 37  -9.44 38  -9.14
 ABUNDANCE CHANGE 39  -9.80 40  -9.54 41 -10.62 42 -10.12 43 -20.00 44 -10.20
 ABUNDANCE CHANGE 45 -10.92 46 -10.35 47 -11.10 48 -10.18 49 -10.58 50 -10.04
 ABUNDANCE CHANGE 51 -11.04 52  -9.80 53 -10.53 54  -9.81 55 -10.92 56  -9.91
 ABUNDANCE CHANGE 57 -10.82 58 -10.49 59 -11.33 60 -10.54 61 -20.00 62 -11.04
 ABUNDANCE CHANGE 63 -11.53 64 -10.92 65 -11.94 66 -10.94 67 -11.78 68 -11.11
 ABUNDANCE CHANGE 69 -12.04 70 -10.96 71 -11.28 72 -11.16 73 -11.91 74 -10.93
 ABUNDANCE CHANGE 75 -11.77 76 -10.59 77 -10.69 78 -10.24 79 -11.03 80 -10.95
 ABUNDANCE CHANGE 81 -11.14 82 -10.19 83 -11.33 84 -20.00 85 -20.00 86 -20.00
 ABUNDANCE CHANGE 87 -20.00 88 -20.00 89 -20.00 90 -11.92 91 -20.00 92 -12.51
 ABUNDANCE CHANGE 93 -20.00 94 -20.00 95 -20.00 96 -20.00 97 -20.00 98 -20.00
 ABUNDANCE CHANGE 99 -20.00
READ DECK6 72 RHOX,T,P,XNE,ABROSS,ACCRAD,VTURB
 1.22827202E-04   4759.7 3.884E-01 1.373E+09 1.086E-03 3.380E-01 2.000E+05 0.000E+00 0.000E+00
 1.64591481E-04   4779.1 5.204E-01 1.705E+09 1.044E-03 3.424E-01 2.000E+05 0.000E+00 0.000E+00
 2.22013787E-04   4803.3 7.020E-01 2.159E+09 1.022E-03 3.332E-01 2.000E+05 0.000E+00 0.000E+00
 2.99811313E-04   4829.9 9.480E-01 2.754E+09 1.011E-03 3.205E-01 2.000E+05 0.000E+00 0.000E+00
 4.04236815E-04   4857.0 1.278E+00 3.514E+09 1.010E-03 3.082E-01 2.000E+05 0.000E+00 0.000E+00
 5.43104151E-04   4884.3 1.718E+00 4.472E+09 1.016E-03 2.985E-01 2.000E+05 0.000E+00 0.000E+00
 7.26184586E-04   4911.4 2.297E+00 5.669E+09 1.032E-03 2.912E-01 2.000E+05 0.000E+00 0.000E+00
 9.65136828E-04   4938.6 3.053E+00 7.161E+09 1.060E-03 2.861E-01 2.000E+05 0.000E+00 0.000E+00
 1.27373600E-03   4966.5 4.030E+00 9.022E+09 1.102E-03 2.834E-01 2.000E+05 0.000E+00 0.000E+00
 1.66661173E-03   4995.3 5.272E+00 1.134E+10 1.162E-03 2.819E-01 2.000E+05 0.000E+00 0.000E+00
 2.15992716E-03   5025.1 6.833E+00 1.420E+10 1.242E-03 2.810E-01 2.000E+05 0.000E+00 0.000E+00
 2.77112654E-03   5056.0 8.766E+00 1.774E+10 1.346E-03 2.808E-01 2.000E+05 0.000E+00 0.000E+00
 3.51894266E-03   5088.0 1.113E+01 2.208E+10 1.475E-03 2.809E-01 2.000E+05 0.000E+00 0.000E+00
 4.42386589E-03   5120.8 1.399E+01 2.738E+10 1.633E-03 2.814E-01 2.000E+05 0.000E+00 0.000E+00
 5.50867386E-03   5154.4 1.742E+01 3.381E+10 1.824E-03 2.817E-01 2.000E+05 0.000E+00 0.000E+00
 6.79944994E-03   5188.6 2.151E+01 4.159E+10 2.051E-03 2.817E-01 2.000E+05 0.000E+00 0.000E+00
 8.32611794E-03   5223.2 2.633E+01 5.093E+10 2.318E-03 2.817E-01 2.000E+05 0.000E+00 0.000E+00
 1.01234789E-02   5258.1 3.202E+01 6.212E+10 2.630E-03 2.819E-01 2.000E+05 0.000E+00 0.000E+00
 1.22314032E-02   5293.2 3.868E+01 7.547E+10 2.996E-03 2.830E-01 2.000E+05 0.000E+00 0.000E+00
 1.46959826E-02   5328.7 4.648E+01 9.138E+10 3.421E-03 2.843E-01 2.000E+05 0.000E+00 0.000E+00
 1.75708816E-02   5364.3 5.557E+01 1.103E+11 3.915E-03 2.859E-01 2.000E+05 0.000E+00 0.000E+00
 2.09167351E-02   5400.4 6.615E+01 1.328E+11 4.491E-03 2.882E-01 2.000E+05 0.000E+00 0.000E+00
 2.48029471E-02   5436.7 7.844E+01 1.595E+11 5.160E-03 2.912E-01 2.000E+05 0.000E+00 0.000E+00
 2.93101346E-02   5473.5 9.269E+01 1.912E+11 5.937E-03 2.947E-01 2.000E+05 0.000E+00 0.000E+00
 3.45303007E-02   5510.7 1.092E+02 2.289E+11 6.841E-03 2.994E-01 2.000E+05 0.000E+00 0.000E+00
 4.05677763E-02   5548.5 1.283E+02 2.735E+11 7.893E-03 3.053E-01 2.000E+05 0.000E+00 0.000E+00
 4.75423660E-02   5586.8 1.503E+02 3.266E+11 9.115E-03 3.118E-01 2.000E+05 0.000E+00 0.000E+00
 5.55926390E-02   5625.7 1.758E+02 3.895E+11 1.053E-02 3.189E-01 2.000E+05 0.000E+00 0.000E+00
 6.48802529E-02   5664.9 2.052E+02 4.638E+11 1.218E-02 3.266E-01 2.000E+05 0.000E+00 0.000E+00
 7.55958615E-02   5704.3 2.391E+02 5.515E+11 1.407E-02 3.352E-01 2.000E+05 0.000E+00 0.000E+00
 8.79639626E-02   5743.8 2.782E+02 6.545E+11 1.625E-02 3.449E-01 2.000E+05 0.000E+00 0.000E+00
 1.02247392E-01   5783.1 3.233E+02 7.750E+11 1.876E-02 3.569E-01 2.000E+05 0.000E+00 0.000E+00
 1.18751016E-01   5822.2 3.755E+02 9.160E+11 2.165E-02 3.719E-01 2.000E+05 0.000E+00 0.000E+00
 1.37828342E-01   5861.4 4.358E+02 1.081E+12 2.497E-02 3.893E-01 2.000E+05 0.000E+00 0.000E+00
 1.59894401E-01   5900.7 5.056E+02 1.274E+12 2.878E-02 4.091E-01 2.000E+05 0.000E+00 0.000E+00
 1.85428123E-01   5940.2 5.863E+02 1.501E+12 3.317E-02 4.320E-01 2.000E+05 0.000E+00 0.000E+00
 2.14981858E-01   5979.9 6.798E+02 1.767E+12 3.821E-02 4.584E-01 2.000E+05 0.000E+00 0.000E+00
 2.49194643E-01   6020.0 7.879E+02 2.078E+12 4.401E-02 4.889E-01 2.000E+05 0.000E+00 0.000E+00
 2.88801410E-01   6060.6 9.131E+02 2.445E+12 5.071E-02 5.244E-01 2.000E+05 0.000E+00 0.000E+00
 3.34628585E-01   6102.1 1.058E+03 2.878E+12 5.847E-02 5.666E-01 2.000E+05 0.000E+00 0.000E+00
 3.87569328E-01   6145.0 1.225E+03 3.392E+12 6.756E-02 6.174E-01 2.000E+05 0.000E+00 0.000E+00
 4.48587509E-01   6189.8 1.418E+03 4.009E+12 7.829E-02 6.787E-01 2.000E+05 0.000E+00 0.000E+00
 5.18660224E-01   6237.6 1.640E+03 4.756E+12 9.111E-02 7.537E-01 2.000E+05 0.000E+00 0.000E+00
 5.98746384E-01   6289.2 1.893E+03 5.675E+12 1.066E-01 8.462E-01 2.000E+05 0.000E+00 0.000E+00
 6.89656403E-01   6346.6 2.180E+03 6.826E+12 1.258E-01 9.621E-01 2.000E+05 0.000E+00 0.000E+00
 7.91978209E-01   6410.5 2.504E+03 8.287E+12 1.497E-01 1.109E+00 2.000E+05 0.000E+00 0.000E+00
 9.05927748E-01   6483.6 2.864E+03 1.019E+13 1.804E-01 1.303E+00 2.000E+05 0.000E+00 0.000E+00
 1.03087378E+00   6569.9 3.259E+03 1.277E+13 2.217E-01 1.571E+00 2.000E+05 4.274E-12 0.000E+00
 1.16434273E+00   6678.7 3.680E+03 1.653E+13 2.820E-01 1.975E+00 2.000E+05 1.116E-10 0.000E+00
 1.30197599E+00   6814.3 4.114E+03 2.217E+13 3.727E-01 2.608E+00 2.000E+05 2.005E-09 0.000E+00
 1.43473910E+00   7012.3 4.533E+03 3.230E+13 5.399E-01 3.763E+00 2.000E+05 4.982E-07 3.320E+02
 1.55355781E+00   7245.5 4.908E+03 4.828E+13 8.167E-01 5.528E+00 2.000E+05 4.194E-04 7.420E+02
 1.65827831E+00   7478.2 5.238E+03 7.001E+13 1.218E+00 7.725E+00 2.000E+05 4.056E-02 1.237E+03
 1.75511291E+00   7674.9 5.544E+03 9.448E+13 1.700E+00 9.828E+00 2.000E+05 1.023E-01 1.826E+03
 1.84993409E+00   7850.7 5.843E+03 1.222E+14 2.282E+00 1.214E+01 2.000E+05 1.578E-01 3.535E+03
 1.94168514E+00   8070.6 6.132E+03 1.644E+14 3.252E+00 1.629E+01 2.000E+05 1.916E-01 8.689E+03
 2.02693182E+00   8311.4 6.400E+03 2.218E+14 4.725E+00 2.333E+01 2.000E+05 2.023E-01 2.578E+04
 2.09960446E+00   8670.4 6.628E+03 3.301E+14 8.004E+00 4.145E+01 2.000E+05 1.898E-01 8.962E+04
 2.15330700E+00   9145.8 6.794E+03 5.190E+14 1.510E+01 7.927E+01 2.000E+05 1.762E-01 1.596E+05
 2.19104893E+00   9677.8 6.910E+03 7.874E+14 2.771E+01 1.284E+02 2.000E+05 2.134E-01 4.626E+05
 2.22161369E+00  10109.9 7.002E+03 1.036E+15 4.130E+01 1.354E+02 2.000E+05 4.766E-01 6.434E+05
 2.25171129E+00  10423.4 7.094E+03 1.222E+15 5.191E+01 1.209E+02 2.000E+05 5.950E-01 6.958E+05
 2.28450999E+00  10734.8 7.194E+03 1.399E+15 6.220E+01 1.181E+02 2.000E+05 6.826E-01 7.555E+05
 2.32177480E+00  11064.7 7.307E+03 1.569E+15 7.156E+01 1.207E+02 2.000E+05 7.131E-01 7.855E+05
 2.36610168E+00  11442.4 7.441E+03 1.730E+15 7.805E+01 1.423E+02 2.000E+05 7.054E-01 8.297E+05
 2.42230480E+00  12019.4 7.609E+03 1.888E+15 7.861E+01 2.287E+02 2.000E+05 5.565E-01 8.460E+05
 2.50857471E+00  13234.4 7.859E+03 1.962E+15 5.878E+01 2.787E+02 2.000E+05 8.291E-02 2.901E+05
 2.68338520E+00  14820.3 8.372E+03 1.929E+15 3.414E+01 1.906E+02 2.000E+05 6.248E-02 4.092E+04
 3.06851678E+00  16395.3 9.531E+03 2.017E+15 2.250E+01 1.284E+02 2.000E+05 5.452E-02 1.562E+04
 3.78066772E+00  17998.8 1.170E+04 2.300E+15 1.776E+01 1.037E+02 2.000E+05 2.195E-03 8.042E+03
 4.91775092E+00  19674.1 1.519E+04 2.766E+15 1.556E+01 9.206E+01 2.000E+05 7.467E-08 1.861E+03
 6.57837595E+00  21385.9 2.029E+04 3.417E+15 1.456E+01 8.537E+01 2.000E+05 8.270E-14 5.817E+01
PRADK 4.2075E+00
BEGIN                    ITERATION  15 COMPLETED
