TEFF  18000.  GRAVITY 4.50000 LTE 
TITLE SDSC GRID  [+0.1]   VTURB 2.0 KM/S                                        
 OPACITY IFOP 1 1 1 1 1 1 1 1 1 1 1 1 1 0 1 0 0 0 0 0
 CONVECTION OFF  1.00 TURBULENCE OFF  0.00  0.00  0.00  0.00
ABUNDANCE SCALE   1.25890 ABUNDANCE CHANGE 1 0.91100 2 0.08900
 ABUNDANCE CHANGE  3 -10.88  4 -10.89  5  -9.44  6  -3.48  7  -3.99  8  -3.11
 ABUNDANCE CHANGE  9  -7.48 10  -3.95 11  -5.71 12  -4.46 13  -5.57 14  -4.49
 ABUNDANCE CHANGE 15  -6.59 16  -4.83 17  -6.54 18  -5.48 19  -6.82 20  -5.68
 ABUNDANCE CHANGE 21  -8.94 22  -7.05 23  -8.04 24  -6.37 25  -6.65 26  -4.37
 ABUNDANCE CHANGE 27  -7.12 28  -5.79 29  -7.83 30  -7.44 31  -9.16 32  -8.63
 ABUNDANCE CHANGE 33  -9.67 34  -8.69 35  -9.41 36  -8.81 37  -9.44 38  -9.14
 ABUNDANCE CHANGE 39  -9.80 40  -9.54 41 -10.62 42 -10.12 43 -20.00 44 -10.20
 ABUNDANCE CHANGE 45 -10.92 46 -10.35 47 -11.10 48 -10.18 49 -10.58 50 -10.04
 ABUNDANCE CHANGE 51 -11.04 52  -9.80 53 -10.53 54  -9.81 55 -10.92 56  -9.91
 ABUNDANCE CHANGE 57 -10.82 58 -10.49 59 -11.33 60 -10.54 61 -20.00 62 -11.04
 ABUNDANCE CHANGE 63 -11.53 64 -10.92 65 -11.94 66 -10.94 67 -11.78 68 -11.11
 ABUNDANCE CHANGE 69 -12.04 70 -10.96 71 -11.28 72 -11.16 73 -11.91 74 -10.93
 ABUNDANCE CHANGE 75 -11.77 76 -10.59 77 -10.69 78 -10.24 79 -11.03 80 -10.95
 ABUNDANCE CHANGE 81 -11.14 82 -10.19 83 -11.33 84 -20.00 85 -20.00 86 -20.00
 ABUNDANCE CHANGE 87 -20.00 88 -20.00 89 -20.00 90 -11.92 91 -20.00 92 -12.51
 ABUNDANCE CHANGE 93 -20.00 94 -20.00 95 -20.00 96 -20.00 97 -20.00 98 -20.00
 ABUNDANCE CHANGE 99 -20.00
READ DECK6 64 RHOX,T,P,XNE,ABROSS,ACCRAD,VTURB
 5.63543676E-06   9362.7 1.764E-01 6.507E+10 3.190E-01 3.191E+02 2.000E+05
 5.63660332E-06   9890.5 1.764E-01 6.173E+10 3.190E-01 2.923E+02 2.000E+05
 7.42053639E-06   9992.5 2.323E-01 8.046E+10 3.235E-01 2.921E+02 2.000E+05
 9.84458164E-06  10116.8 3.083E-01 1.055E+11 3.291E-01 2.895E+02 2.000E+05
 1.30176526E-05  10251.6 4.077E-01 1.377E+11 3.355E-01 2.850E+02 2.000E+05
 1.71630421E-05  10391.2 5.376E-01 1.792E+11 3.428E-01 2.775E+02 2.000E+05
 2.25679715E-05  10532.8 7.071E-01 2.326E+11 3.510E-01 2.669E+02 2.000E+05
 2.95989024E-05  10672.9 9.276E-01 3.012E+11 3.603E-01 2.539E+02 2.000E+05
 3.87165641E-05  10807.6 1.214E+00 3.894E+11 3.711E-01 2.410E+02 2.000E+05
 5.04932744E-05  10930.5 1.583E+00 5.023E+11 3.840E-01 2.298E+02 2.000E+05
 6.56340380E-05  11036.9 2.059E+00 6.469E+11 3.993E-01 2.220E+02 2.000E+05
 8.49921398E-05  11124.3 2.667E+00 8.311E+11 4.177E-01 2.200E+02 2.000E+05
 1.09580764E-04  11196.0 3.439E+00 1.064E+12 4.400E-01 2.256E+02 2.000E+05
 1.40568568E-04  11258.5 4.411E+00 1.357E+12 4.675E-01 2.407E+02 2.000E+05
 1.79326211E-04  11318.9 5.627E+00 1.722E+12 4.998E-01 2.616E+02 2.000E+05
 2.27544630E-04  11384.7 7.139E+00 2.171E+12 5.369E-01 2.846E+02 2.000E+05
 2.87292547E-04  11460.4 9.011E+00 2.721E+12 5.787E-01 3.070E+02 2.000E+05
 3.61100652E-04  11548.4 1.132E+01 3.392E+12 6.256E-01 3.274E+02 2.000E+05
 4.52009470E-04  11645.4 1.417E+01 4.209E+12 6.783E-01 3.455E+02 2.000E+05
 5.63686025E-04  11748.2 1.766E+01 5.200E+12 7.372E-01 3.614E+02 2.000E+05
 7.00525456E-04  11854.5 2.193E+01 6.402E+12 8.033E-01 3.760E+02 2.000E+05
 8.67768576E-04  11962.4 2.716E+01 7.855E+12 8.776E-01 3.902E+02 2.000E+05
 1.07163857E-03  12071.4 3.352E+01 9.609E+12 9.613E-01 4.050E+02 2.000E+05
 1.31941420E-03  12181.3 4.126E+01 1.172E+13 1.056E+00 4.222E+02 2.000E+05
 1.61968342E-03  12290.5 5.062E+01 1.425E+13 1.164E+00 4.411E+02 2.000E+05
 1.98269381E-03  12398.6 6.194E+01 1.728E+13 1.285E+00 4.625E+02 2.000E+05
 2.42059364E-03  12505.5 7.558E+01 2.091E+13 1.422E+00 4.868E+02 2.000E+05
 2.94769864E-03  12611.7 9.198E+01 2.523E+13 1.578E+00 5.162E+02 2.000E+05
 3.58008580E-03  12719.8 1.116E+02 3.036E+13 1.757E+00 5.540E+02 2.000E+05
 4.33710678E-03  12830.4 1.351E+02 3.643E+13 1.957E+00 5.957E+02 2.000E+05
 5.24313875E-03  12942.2 1.632E+02 4.363E+13 2.181E+00 6.412E+02 2.000E+05
 6.32740536E-03  13055.3 1.968E+02 5.214E+13 2.430E+00 6.921E+02 2.000E+05
 7.62533623E-03  13171.5 2.369E+02 6.221E+13 2.706E+00 7.496E+02 2.000E+05
 9.18071560E-03  13293.5 2.849E+02 7.412E+13 3.008E+00 8.141E+02 2.000E+05
 1.10491257E-02  13429.0 3.424E+02 8.819E+13 3.334E+00 8.845E+02 2.000E+05
 1.33021496E-02  13583.7 4.115E+02 1.048E+14 3.679E+00 9.588E+02 2.000E+05
 1.60323984E-02  13759.5 4.952E+02 1.246E+14 4.037E+00 1.035E+03 2.000E+05
 1.93620282E-02  13962.7 5.969E+02 1.481E+14 4.399E+00 1.112E+03 2.000E+05
 2.34505657E-02  14201.1 7.214E+02 1.762E+14 4.763E+00 1.190E+03 2.000E+05
 2.85023400E-02  14485.6 8.750E+02 2.099E+14 5.124E+00 1.268E+03 2.000E+05
 3.47956705E-02  14820.8 1.066E+03 2.505E+14 5.458E+00 1.339E+03 2.000E+05
 4.27130410E-02  15218.7 1.305E+03 2.999E+14 5.759E+00 1.399E+03 2.000E+05
 5.27772788E-02  15681.3 1.609E+03 3.605E+14 6.014E+00 1.446E+03 2.000E+05
 6.56452001E-02  16225.4 1.997E+03 4.349E+14 6.264E+00 1.491E+03 2.000E+05
 8.21831142E-02  16852.8 2.495E+03 5.263E+14 6.471E+00 1.523E+03 2.000E+05
 1.03730678E-01  17570.2 3.144E+03 6.396E+14 6.584E+00 1.532E+03 2.000E+05
 1.31891390E-01  18388.0 3.991E+03 7.791E+14 6.736E+00 1.546E+03 2.000E+05
 1.68658526E-01  19303.8 5.097E+03 9.506E+14 6.859E+00 1.550E+03 2.000E+05
 2.16949667E-01  20319.7 6.549E+03 1.163E+15 6.954E+00 1.545E+03 2.000E+05
 2.80299856E-01  21441.0 8.454E+03 1.424E+15 7.087E+00 1.546E+03 2.000E+05
 3.63016733E-01  22672.6 1.094E+04 1.744E+15 7.250E+00 1.556E+03 2.000E+05
 4.70891262E-01  24016.9 1.419E+04 2.135E+15 7.414E+00 1.554E+03 2.000E+05
 6.10812466E-01  25481.3 1.839E+04 2.609E+15 7.661E+00 1.580E+03 2.000E+05
 7.90985570E-01  27072.5 2.380E+04 3.178E+15 7.951E+00 1.609E+03 2.000E+05
 1.02138547E+00  28808.7 3.071E+04 3.854E+15 8.334E+00 1.669E+03 2.000E+05
 1.31076173E+00  30701.9 3.936E+04 4.636E+15 8.952E+00 1.775E+03 2.000E+05
 1.66807873E+00  32773.0 5.000E+04 5.520E+15 9.716E+00 1.918E+03 2.000E+05
 2.10505390E+00  35032.5 6.294E+04 6.508E+15 1.064E+01 2.094E+03 2.000E+05
 2.63723344E+00  37495.9 7.861E+04 7.616E+15 1.164E+01 2.285E+03 2.000E+05
 3.28498646E+00  40172.1 9.754E+04 8.878E+15 1.275E+01 2.501E+03 2.000E+05
 4.08790938E+00  43087.1 1.209E+05 1.036E+16 1.340E+01 2.621E+03 2.000E+05
 5.13822662E+00  46251.0 1.513E+05 1.219E+16 1.329E+01 2.614E+03 2.000E+05
 6.59444667E+00  49672.6 1.937E+05 1.462E+16 1.247E+01 2.458E+03 2.000E+05
 8.67654024E+00  53314.5 2.546E+05 1.796E+16 1.155E+01 2.247E+03 2.000E+05
PRADK 1.8801E+02
BEGIN                    ITERATION   6 COMPLETED
