EFF  23000.  GRAVITY 4.00000 LTE
ITLE SDSC GRID  [-4.5]   VTURB 2.0 KM/S
OPACITY IFOP 1 1 1 1 1 1 1 1 1 1 1 1 1 0 1 0 0 0 0 0
CONVECTION OFF  1.00 TURBULENCE OFF  0.00  0.00  0.00  0.00
BUNDANCE SCALE .00003162 ABUNDANCE CHANGE 1 0.91100 2 0.08900
ABUNDANCE CHANGE  3 -10.88  4 -10.89  5  -9.44  6  -3.48  7  -3.99  8  -3.11
ABUNDANCE CHANGE  9  -7.48 10  -3.95 11  -5.71 12  -4.46 13  -5.57 14  -4.49
ABUNDANCE CHANGE 15  -6.59 16  -4.83 17  -6.54 18  -5.48 19  -6.82 20  -5.68
ABUNDANCE CHANGE 21  -8.94 22  -7.05 23  -8.04 24  -6.37 25  -6.65 26  -4.37
ABUNDANCE CHANGE 27  -7.12 28  -5.79 29  -7.83 30  -7.44 31  -9.16 32  -8.63
ABUNDANCE CHANGE 33  -9.67 34  -8.69 35  -9.41 36  -8.81 37  -9.44 38  -9.14
ABUNDANCE CHANGE 39  -9.80 40  -9.54 41 -10.62 42 -10.12 43 -20.00 44 -10.20
ABUNDANCE CHANGE 45 -10.92 46 -10.35 47 -11.10 48 -10.18 49 -10.58 50 -10.04
ABUNDANCE CHANGE 51 -11.04 52  -9.80 53 -10.53 54  -9.81 55 -10.92 56  -9.91
ABUNDANCE CHANGE 57 -10.82 58 -10.49 59 -11.33 60 -10.54 61 -20.00 62 -11.04
ABUNDANCE CHANGE 63 -11.53 64 -10.92 65 -11.94 66 -10.94 67 -11.78 68 -11.11
ABUNDANCE CHANGE 69 -12.04 70 -10.96 71 -11.28 72 -11.16 73 -11.91 74 -10.93
ABUNDANCE CHANGE 75 -11.77 76 -10.59 77 -10.69 78 -10.24 79 -11.03 80 -10.95
ABUNDANCE CHANGE 81 -11.14 82 -10.19 83 -11.33 84 -20.00 85 -20.00 86 -20.00
ABUNDANCE CHANGE 87 -20.00 88 -20.00 89 -20.00 90 -11.92 91 -20.00 92 -12.51
ABUNDANCE CHANGE 93 -20.00 94 -20.00 95 -20.00 96 -20.00 97 -20.00 98 -20.00
ABUNDANCE CHANGE 99 -20.00
EAD DECK6 64 RHOX,T,P,XNE,ABROSS,ACCRAD,VTURB
4.91499454E-06  12958.2 4.840E-02 1.352E+10 3.172E-01 1.679E+02 2.000E+05
5.53211647E-06  12959.2 5.447E-02 1.522E+10 3.172E-01 1.679E+02 2.000E+05
7.37629611E-06  12960.2 7.263E-02 2.029E+10 3.176E-01 1.683E+02 2.000E+05
9.84321016E-06  12961.2 9.691E-02 2.707E+10 3.180E-01 1.688E+02 2.000E+05
1.31439867E-05  12962.2 1.294E-01 3.613E+10 3.185E-01 1.694E+02 2.000E+05
1.75484567E-05  12963.2 1.727E-01 4.821E+10 3.192E-01 1.703E+02 2.000E+05
2.34176606E-05  12964.2 2.304E-01 6.429E+10 3.200E-01 1.714E+02 2.000E+05
3.12248558E-05  12966.5 3.071E-01 8.567E+10 3.211E-01 1.729E+02 2.000E+05
4.15892545E-05  12979.5 4.089E-01 1.139E+11 3.225E-01 1.746E+02 2.000E+05
5.53387252E-05  12994.9 5.440E-01 1.513E+11 3.244E-01 1.769E+02 2.000E+05
7.35559316E-05  13014.0 7.229E-01 2.007E+11 3.267E-01 1.797E+02 2.000E+05
9.76536024E-05  13037.7 9.595E-01 2.658E+11 3.298E-01 1.833E+02 2.000E+05
1.29454838E-04  13060.7 1.272E+00 3.514E+11 3.336E-01 1.879E+02 2.000E+05
1.71306180E-04  13090.0 1.682E+00 4.634E+11 3.385E-01 1.936E+02 2.000E+05
2.26204629E-04  13125.6 2.220E+00 6.095E+11 3.447E-01 2.005E+02 2.000E+05
2.97963933E-04  13172.4 2.923E+00 7.990E+11 3.524E-01 2.086E+02 2.000E+05
3.91368247E-04  13225.4 3.837E+00 1.044E+12 3.618E-01 2.184E+02 2.000E+05
5.12389133E-04  13291.8 5.020E+00 1.357E+12 3.732E-01 2.294E+02 2.000E+05
6.68460222E-04  13370.6 6.544E+00 1.757E+12 3.868E-01 2.415E+02 2.000E+05
8.68778997E-04  13463.5 8.498E+00 2.265E+12 4.027E-01 2.545E+02 2.000E+05
1.12469284E-03  13567.9 1.099E+01 2.905E+12 4.213E-01 2.686E+02 2.000E+05
1.45018132E-03  13685.1 1.415E+01 3.707E+12 4.426E-01 2.836E+02 2.000E+05
1.86242537E-03  13813.0 1.816E+01 4.710E+12 4.670E-01 2.998E+02 2.000E+05
2.38260028E-03  13954.3 2.320E+01 5.956E+12 4.943E-01 3.171E+02 2.000E+05
3.03690531E-03  14108.8 2.953E+01 7.499E+12 5.247E-01 3.350E+02 2.000E+05
3.85782723E-03  14277.0 3.745E+01 9.402E+12 5.583E-01 3.528E+02 2.000E+05
4.88538188E-03  14454.4 4.736E+01 1.174E+13 5.955E-01 3.709E+02 2.000E+05
6.16819821E-03  14636.6 5.970E+01 1.462E+13 6.370E-01 3.901E+02 2.000E+05
7.76514240E-03  14820.4 7.503E+01 1.816E+13 6.833E-01 4.114E+02 2.000E+05
9.74700874E-03  15003.0 9.401E+01 2.248E+13 7.353E-01 4.362E+02 2.000E+05
1.21988648E-02  15185.1 1.174E+02 2.775E+13 7.938E-01 4.654E+02 2.000E+05
1.52229183E-02  15366.1 1.462E+02 3.414E+13 8.594E-01 5.002E+02 2.000E+05
1.89425995E-02  15548.4 1.815E+02 4.189E+13 9.327E-01 5.425E+02 2.000E+05
2.35100287E-02  15738.3 2.245E+02 5.122E+13 1.013E+00 5.935E+02 2.000E+05
2.91192553E-02  15947.5 2.771E+02 6.241E+13 1.099E+00 6.529E+02 2.000E+05
3.60273673E-02  16190.9 3.415E+02 7.578E+13 1.188E+00 7.175E+02 2.000E+05
4.45789778E-02  16479.0 4.206E+02 9.176E+13 1.276E+00 7.841E+02 2.000E+05
5.52320934E-02  16817.7 5.184E+02 1.109E+14 1.361E+00 8.511E+02 2.000E+05
6.86006604E-02  17217.6 6.402E+02 1.339E+14 1.441E+00 9.163E+02 2.000E+05
8.55128457E-02  17687.5 7.933E+02 1.617E+14 1.513E+00 9.770E+02 2.000E+05
1.07082448E-01  18239.2 9.873E+02 1.953E+14 1.576E+00 1.031E+03 2.000E+05
1.34797569E-01  18882.2 1.235E+03 2.362E+14 1.630E+00 1.076E+03 2.000E+05
1.70610173E-01  19619.8 1.554E+03 2.861E+14 1.679E+00 1.112E+03 2.000E+05
2.17027674E-01  20456.6 1.966E+03 3.473E+14 1.727E+00 1.139E+03 2.000E+05
2.77196098E-01  21392.4 2.498E+03 4.221E+14 1.778E+00 1.161E+03 2.000E+05
3.54998819E-01  22424.5 3.185E+03 5.135E+14 1.837E+00 1.178E+03 2.000E+05
4.55079901E-01  23549.5 4.067E+03 6.244E+14 1.910E+00 1.195E+03 2.000E+05
5.83031375E-01  24768.5 5.193E+03 7.580E+14 1.998E+00 1.215E+03 2.000E+05
7.45524259E-01  26079.7 6.618E+03 9.174E+14 2.106E+00 1.245E+03 2.000E+05
9.50605117E-01  27502.5 8.409E+03 1.106E+15 2.230E+00 1.283E+03 2.000E+05
1.20805571E+00  29043.7 1.065E+04 1.326E+15 2.375E+00 1.336E+03 2.000E+05
1.52961117E+00  30732.7 1.342E+04 1.580E+15 2.542E+00 1.403E+03 2.000E+05
1.92884731E+00  32577.7 1.684E+04 1.871E+15 2.741E+00 1.491E+03 2.000E+05
2.42000501E+00  34606.9 2.099E+04 2.200E+15 2.986E+00 1.606E+03 2.000E+05
3.01688897E+00  36830.9 2.595E+04 2.570E+15 3.298E+00 1.756E+03 2.000E+05
3.73689006E+00  39277.1 3.183E+04 2.981E+15 3.637E+00 1.917E+03 2.000E+05
4.62967145E+00  41950.1 3.901E+04 3.455E+15 3.790E+00 1.984E+03 2.000E+05
5.83135343E+00  44876.4 4.869E+04 4.061E+15 3.600E+00 1.890E+03 2.000E+05
7.55770803E+00  47997.5 6.284E+04 4.919E+15 3.270E+00 1.724E+03 2.000E+05
1.01061879E+01  51429.0 8.415E+04 6.159E+15 2.962E+00 1.560E+03 2.000E+05
1.38223289E+01  55090.4 1.158E+05 7.918E+15 2.729E+00 1.428E+03 2.000E+05
1.91888832E+01  59096.8 1.621E+05 1.034E+16 2.532E+00 1.317E+03 2.000E+05
2.68258814E+01  63379.9 2.288E+05 1.361E+16 2.382E+00 1.223E+03 2.000E+05
3.75645298E+01  67994.9 3.232E+05 1.792E+16 2.265E+00 1.195E+03 2.000E+05
RADK 5.0686E+02
EGIN                    ITERATION   9 COMPLETED
