TEFF   8500.  GRAVITY 3.50000 LTE
TITLE SDSC GRID  [+0.0]   VTURB 2.0 KM/S    L/H 1.25
 OPACITY IFOP 1 1 1 1 1 1 1 1 1 1 1 1 1 0 1 0 0 0 0 0
 CONVECTION ON   1.25 TURBULENCE OFF  0.00  0.00  0.00  0.00
ABUNDANCE SCALE   1.00000 ABUNDANCE CHANGE 1 0.91100 2 0.08900
 ABUNDANCE CHANGE  3 -10.88  4 -10.89  5  -9.44  6  -3.48  7  -3.99  8  -3.11
 ABUNDANCE CHANGE  9  -7.48 10  -3.95 11  -5.71 12  -4.46 13  -5.57 14  -4.49
 ABUNDANCE CHANGE 15  -6.59 16  -4.83 17  -6.54 18  -5.48 19  -6.82 20  -5.68
 ABUNDANCE CHANGE 21  -8.94 22  -7.05 23  -8.04 24  -6.37 25  -6.65 26  -4.37
 ABUNDANCE CHANGE 27  -7.12 28  -5.79 29  -7.83 30  -7.44 31  -9.16 32  -8.63
 ABUNDANCE CHANGE 33  -9.67 34  -8.69 35  -9.41 36  -8.81 37  -9.44 38  -9.14
 ABUNDANCE CHANGE 39  -9.80 40  -9.54 41 -10.62 42 -10.12 43 -20.00 44 -10.20
 ABUNDANCE CHANGE 45 -10.92 46 -10.35 47 -11.10 48 -10.18 49 -10.58 50 -10.04
 ABUNDANCE CHANGE 51 -11.04 52  -9.80 53 -10.53 54  -9.81 55 -10.92 56  -9.91
 ABUNDANCE CHANGE 57 -10.82 58 -10.49 59 -11.33 60 -10.54 61 -20.00 62 -11.04
 ABUNDANCE CHANGE 63 -11.53 64 -10.92 65 -11.94 66 -10.94 67 -11.78 68 -11.11
 ABUNDANCE CHANGE 69 -12.04 70 -10.96 71 -11.28 72 -11.16 73 -11.91 74 -10.93
 ABUNDANCE CHANGE 75 -11.77 76 -10.59 77 -10.69 78 -10.24 79 -11.03 80 -10.95
 ABUNDANCE CHANGE 81 -11.14 82 -10.19 83 -11.33 84 -20.00 85 -20.00 86 -20.00
 ABUNDANCE CHANGE 87 -20.00 88 -20.00 89 -20.00 90 -11.92 91 -20.00 92 -12.51
 ABUNDANCE CHANGE 93 -20.00 94 -20.00 95 -20.00 96 -20.00 97 -20.00 98 -20.00
 ABUNDANCE CHANGE 99 -20.00
READ DECK6 72 RHOX,T,P,XNE,ABROSS,ACCRAD,VTURB
 1.40959142E-05   5156.9 4.453E-02 1.592E+09 9.460E-03 3.164E+00 2.000E+05 0.000E+00 0.000E+00
 1.88903679E-05   5186.5 5.968E-02 2.017E+09 9.093E-03 3.061E+00 2.000E+05 0.000E+00 0.000E+00
 2.55346804E-05   5218.0 8.067E-02 2.579E+09 8.760E-03 2.930E+00 2.000E+05 0.000E+00 0.000E+00
 3.46913467E-05   5253.1 1.096E-01 3.336E+09 8.515E-03 2.796E+00 2.000E+05 0.000E+00 2.656E+06
 4.72217935E-05   5290.7 1.492E-01 4.343E+09 8.337E-03 2.670E+00 2.000E+05 0.000E+00 1.944E+06
 6.42339923E-05   5329.9 2.029E-01 5.669E+09 8.212E-03 2.552E+00 2.000E+05 0.000E+00 1.401E+06
 8.71863006E-05   5370.7 2.755E-01 7.411E+09 8.142E-03 2.438E+00 2.000E+05 0.000E+00 9.952E+05
 1.17952883E-04   5412.6 3.727E-01 9.683E+09 8.124E-03 2.322E+00 2.000E+05 0.000E+00 6.865E+05
 1.58959880E-04   5454.9 5.023E-01 1.262E+10 8.146E-03 2.209E+00 2.000E+05 0.000E+00 4.452E+05
 2.13392525E-04   5496.9 6.743E-01 1.637E+10 8.197E-03 2.103E+00 2.000E+05 0.000E+00 1.889E+05
 2.85432428E-04   5538.0 9.019E-01 2.113E+10 8.270E-03 2.012E+00 2.000E+05 0.000E+00 1.127E+04
 3.80476929E-04   5578.5 1.202E+00 2.711E+10 8.374E-03 1.939E+00 2.000E+05 0.000E+00 0.000E+00
 5.05297831E-04   5618.5 1.597E+00 3.465E+10 8.528E-03 1.884E+00 2.000E+05 0.000E+00 0.000E+00
 6.68096506E-04   5658.8 2.111E+00 4.414E+10 8.755E-03 1.844E+00 2.000E+05 0.000E+00 0.000E+00
 8.78413447E-04   5699.9 2.776E+00 5.611E+10 9.086E-03 1.816E+00 2.000E+05 0.000E+00 0.000E+00
 1.14690449E-03   5742.3 3.625E+00 7.118E+10 9.550E-03 1.796E+00 2.000E+05 0.000E+00 0.000E+00
 1.48514412E-03   5786.2 4.694E+00 9.009E+10 1.018E-02 1.784E+00 2.000E+05 0.000E+00 0.000E+00
 1.90570867E-03   5831.2 6.023E+00 1.136E+11 1.098E-02 1.777E+00 2.000E+05 0.000E+00 0.000E+00
 2.42245975E-03   5877.2 7.656E+00 1.427E+11 1.198E-02 1.772E+00 2.000E+05 0.000E+00 0.000E+00
 3.05057008E-03   5924.1 9.641E+00 1.784E+11 1.321E-02 1.772E+00 2.000E+05 0.000E+00 0.000E+00
 3.80659869E-03   5971.8 1.203E+01 2.221E+11 1.469E-02 1.777E+00 2.000E+05 0.000E+00 0.000E+00
 4.70908169E-03   6020.0 1.488E+01 2.750E+11 1.647E-02 1.784E+00 2.000E+05 0.000E+00 0.000E+00
 5.77911337E-03   6068.7 1.826E+01 3.390E+11 1.858E-02 1.793E+00 2.000E+05 0.000E+00 0.000E+00
 7.04103855E-03   6117.6 2.225E+01 4.158E+11 2.105E-02 1.803E+00 2.000E+05 0.000E+00 0.000E+00
 8.52350089E-03   6166.4 2.694E+01 5.074E+11 2.394E-02 1.814E+00 2.000E+05 0.000E+00 0.000E+00
 1.02605184E-02   6214.7 3.243E+01 6.158E+11 2.726E-02 1.831E+00 2.000E+05 0.000E+00 0.000E+00
 1.22931180E-02   6262.3 3.885E+01 7.434E+11 3.108E-02 1.856E+00 2.000E+05 0.000E+00 0.000E+00
 1.46711066E-02   6309.0 4.637E+01 8.928E+11 3.542E-02 1.887E+00 2.000E+05 0.000E+00 0.000E+00
 1.74539334E-02   6355.0 5.516E+01 1.068E+12 4.036E-02 1.928E+00 2.000E+05 0.000E+00 0.000E+00
 2.07107573E-02   6400.4 6.545E+01 1.272E+12 4.599E-02 1.977E+00 2.000E+05 0.000E+00 0.000E+00
 2.45216798E-02   6445.4 7.750E+01 1.511E+12 5.242E-02 2.036E+00 2.000E+05 0.000E+00 0.000E+00
 2.89792471E-02   6490.4 9.158E+01 1.790E+12 5.977E-02 2.106E+00 2.000E+05 0.000E+00 0.000E+00
 3.41906867E-02   6535.2 1.081E+02 2.116E+12 6.819E-02 2.189E+00 2.000E+05 0.000E+00 0.000E+00
 4.02803604E-02   6580.2 1.273E+02 2.498E+12 7.784E-02 2.286E+00 2.000E+05 0.000E+00 0.000E+00
 4.73927277E-02   6625.1 1.498E+02 2.944E+12 8.890E-02 2.398E+00 2.000E+05 0.000E+00 0.000E+00
 5.56956201E-02   6670.1 1.760E+02 3.463E+12 1.016E-01 2.529E+00 2.000E+05 0.000E+00 0.000E+00
 6.53829470E-02   6715.4 2.066E+02 4.070E+12 1.161E-01 2.681E+00 2.000E+05 0.000E+00 0.000E+00
 7.66753077E-02   6761.4 2.423E+02 4.781E+12 1.329E-01 2.858E+00 2.000E+05 0.000E+00 0.000E+00
 8.98226445E-02   6808.3 2.838E+02 5.615E+12 1.524E-01 3.066E+00 2.000E+05 0.000E+00 0.000E+00
 1.05099212E-01   6856.8 3.321E+02 6.602E+12 1.751E-01 3.315E+00 2.000E+05 0.000E+00 0.000E+00
 1.22792788E-01   6907.7 3.880E+02 7.779E+12 2.020E-01 3.617E+00 2.000E+05 0.000E+00 0.000E+00
 1.43197756E-01   6961.7 4.524E+02 9.189E+12 2.342E-01 3.984E+00 2.000E+05 1.137E-17 0.000E+00
 1.66600560E-01   7019.8 5.263E+02 1.090E+13 2.731E-01 4.438E+00 2.000E+05 0.000E+00 0.000E+00
 1.93242261E-01   7083.6 6.105E+02 1.301E+13 3.214E-01 5.009E+00 2.000E+05 1.120E-17 0.000E+00
 2.23245738E-01   7155.2 7.052E+02 1.564E+13 3.831E-01 5.747E+00 2.000E+05 0.000E+00 0.000E+00
 2.56575492E-01   7236.4 8.104E+02 1.899E+13 4.632E-01 6.712E+00 2.000E+05 0.000E+00 0.000E+00
 2.93013792E-01   7329.6 9.253E+02 2.333E+13 5.702E-01 8.006E+00 2.000E+05 0.000E+00 0.000E+00
 3.32074561E-01   7437.8 1.049E+03 2.903E+13 7.172E-01 9.786E+00 2.000E+05 1.013E-14 1.298E+01
 3.72964796E-01   7564.2 1.177E+03 3.670E+13 9.258E-01 1.231E+01 2.000E+05 5.078E-13 1.345E+02
 4.14553362E-01   7712.8 1.308E+03 4.719E+13 1.233E+00 1.597E+01 2.000E+05 4.800E-12 2.714E+02
 4.55500407E-01   7886.3 1.437E+03 6.166E+13 1.699E+00 2.141E+01 2.000E+05 2.911E-11 4.735E+02
 4.94441435E-01   8089.2 1.559E+03 8.187E+13 2.426E+00 2.975E+01 2.000E+05 2.227E-10 8.966E+02
 5.30101936E-01   8326.7 1.671E+03 1.103E+14 3.600E+00 4.274E+01 2.000E+05 2.804E-09 2.017E+03
 5.61631211E-01   8600.6 1.769E+03 1.499E+14 5.512E+00 6.328E+01 2.000E+05 6.290E-08 5.416E+03
 5.88695971E-01   8919.7 1.852E+03 2.044E+14 8.651E+00 9.556E+01 2.000E+05 1.627E-06 1.578E+04
 6.11787493E-01   9273.7 1.923E+03 2.739E+14 1.343E+01 1.435E+02 2.000E+05 4.094E-05 4.503E+04
 6.31681670E-01   9692.6 1.982E+03 3.610E+14 2.042E+01 2.110E+02 2.000E+05 4.613E-04 1.052E+05
 6.49988602E-01  10144.6 2.035E+03 4.498E+14 2.817E+01 2.851E+02 2.000E+05 1.219E-03 1.594E+05
 6.68839234E-01  10681.7 2.089E+03 5.310E+14 3.431E+01 3.425E+02 2.000E+05 9.797E-04 1.590E+05
 6.91210886E-01  11264.0 2.152E+03 5.837E+14 3.561E+01 3.559E+02 2.000E+05 1.781E-04 8.062E+04
 7.22771200E-01  11948.8 2.241E+03 6.123E+14 3.122E+01 3.120E+02 2.000E+05 6.013E-06 2.075E+04
 7.72708510E-01  12688.4 2.385E+03 6.323E+14 2.536E+01 2.539E+02 2.000E+05 6.294E-08 4.576E+03
 8.57195226E-01  13530.4 2.633E+03 6.638E+14 1.961E+01 1.958E+02 2.000E+05 4.468E-10 1.125E+03
 1.00053666E+00  14431.4 3.062E+03 7.291E+14 1.576E+01 1.565E+02 2.000E+05 9.392E-12 4.442E+02
 1.23252962E+00  15432.4 3.762E+03 8.448E+14 1.334E+01 1.319E+02 2.000E+05 1.061E-11 4.303E+02
 1.58293441E+00  16498.1 4.827E+03 1.026E+15 1.220E+01 1.201E+02 2.000E+05 2.501E-11 5.660E+02
 2.08491711E+00  17675.3 6.356E+03 1.277E+15 1.152E+01 1.133E+02 2.000E+05 1.353E-11 4.192E+02
 2.78138694E+00  18930.5 8.480E+03 1.605E+15 1.122E+01 1.100E+02 2.000E+05 7.891E-13 0.000E+00
 3.73450191E+00  20309.1 1.139E+04 2.019E+15 1.095E+01 1.074E+02 2.000E+05 0.000E+00 0.000E+00
 5.01798722E+00  21778.7 1.531E+04 2.536E+15 1.097E+01 1.073E+02 2.000E+05 0.000E+00 0.000E+00
 6.72591468E+00  23382.1 2.053E+04 3.170E+15 1.100E+01 1.071E+02 2.000E+05 0.000E+00 0.000E+00
 8.97984126E+00  25098.4 2.742E+04 3.947E+15 1.120E+01 1.047E+02 2.000E+05 0.000E+00 0.000E+00
PRADK 6.9790E+00
BEGIN                    ITERATION  15 COMPLETED
