EFF  21000.  GRAVITY 4.50000 LTE
ITLE SDSC GRID  [-3.5]   VTURB 2.0 KM/S
OPACITY IFOP 1 1 1 1 1 1 1 1 1 1 1 1 1 0 1 0 0 0 0 0
CONVECTION OFF  1.00 TURBULENCE OFF  0.00  0.00  0.00  0.00
BUNDANCE SCALE  .0003162 ABUNDANCE CHANGE 1 0.91100 2 0.08900
ABUNDANCE CHANGE  3 -10.88  4 -10.89  5  -9.44  6  -3.48  7  -3.99  8  -3.11
ABUNDANCE CHANGE  9  -7.48 10  -3.95 11  -5.71 12  -4.46 13  -5.57 14  -4.49
ABUNDANCE CHANGE 15  -6.59 16  -4.83 17  -6.54 18  -5.48 19  -6.82 20  -5.68
ABUNDANCE CHANGE 21  -8.94 22  -7.05 23  -8.04 24  -6.37 25  -6.65 26  -4.37
ABUNDANCE CHANGE 27  -7.12 28  -5.79 29  -7.83 30  -7.44 31  -9.16 32  -8.63
ABUNDANCE CHANGE 33  -9.67 34  -8.69 35  -9.41 36  -8.81 37  -9.44 38  -9.14
ABUNDANCE CHANGE 39  -9.80 40  -9.54 41 -10.62 42 -10.12 43 -20.00 44 -10.20
ABUNDANCE CHANGE 45 -10.92 46 -10.35 47 -11.10 48 -10.18 49 -10.58 50 -10.04
ABUNDANCE CHANGE 51 -11.04 52  -9.80 53 -10.53 54  -9.81 55 -10.92 56  -9.91
ABUNDANCE CHANGE 57 -10.82 58 -10.49 59 -11.33 60 -10.54 61 -20.00 62 -11.04
ABUNDANCE CHANGE 63 -11.53 64 -10.92 65 -11.94 66 -10.94 67 -11.78 68 -11.11
ABUNDANCE CHANGE 69 -12.04 70 -10.96 71 -11.28 72 -11.16 73 -11.91 74 -10.93
ABUNDANCE CHANGE 75 -11.77 76 -10.59 77 -10.69 78 -10.24 79 -11.03 80 -10.95
ABUNDANCE CHANGE 81 -11.14 82 -10.19 83 -11.33 84 -20.00 85 -20.00 86 -20.00
ABUNDANCE CHANGE 87 -20.00 88 -20.00 89 -20.00 90 -11.92 91 -20.00 92 -12.51
ABUNDANCE CHANGE 93 -20.00 94 -20.00 95 -20.00 96 -20.00 97 -20.00 98 -20.00
ABUNDANCE CHANGE 99 -20.00
EAD DECK6 64 RHOX,T,P,XNE,ABROSS,ACCRAD,VTURB
5.09149947E-06  11798.5 1.606E-01 4.904E+10 3.174E-01 1.200E+02 2.000E+05
5.54392909E-06  11811.8 1.749E-01 5.332E+10 3.174E-01 1.199E+02 2.000E+05
7.39271115E-06  11812.8 2.332E-01 7.099E+10 3.180E-01 1.210E+02 2.000E+05
9.86263714E-06  11813.8 3.110E-01 9.451E+10 3.189E-01 1.224E+02 2.000E+05
1.31600734E-05  11814.8 4.149E-01 1.258E+11 3.202E-01 1.243E+02 2.000E+05
1.75372145E-05  11819.6 5.528E-01 1.671E+11 3.220E-01 1.267E+02 2.000E+05
2.33364655E-05  11827.4 7.354E-01 2.216E+11 3.247E-01 1.299E+02 2.000E+05
3.09974461E-05  11839.7 9.767E-01 2.931E+11 3.284E-01 1.341E+02 2.000E+05
4.10784867E-05  11858.7 1.294E+00 3.867E+11 3.336E-01 1.392E+02 2.000E+05
5.42761083E-05  11884.4 1.710E+00 5.084E+11 3.404E-01 1.456E+02 2.000E+05
7.14695025E-05  11917.3 2.251E+00 6.658E+11 3.493E-01 1.533E+02 2.000E+05
9.37447854E-05  11959.1 2.952E+00 8.683E+11 3.605E-01 1.624E+02 2.000E+05
1.22445065E-04  12008.5 3.854E+00 1.127E+12 3.744E-01 1.728E+02 2.000E+05
1.59183995E-04  12067.9 5.010E+00 1.456E+12 3.911E-01 1.846E+02 2.000E+05
2.05937207E-04  12136.8 6.479E+00 1.870E+12 4.110E-01 1.976E+02 2.000E+05
2.65106086E-04  12217.5 8.338E+00 2.388E+12 4.341E-01 2.115E+02 2.000E+05
3.39623341E-04  12309.1 1.068E+01 3.034E+12 4.607E-01 2.260E+02 2.000E+05
4.33068008E-04  12412.4 1.361E+01 3.834E+12 4.908E-01 2.409E+02 2.000E+05
5.49808624E-04  12525.6 1.727E+01 4.821E+12 5.248E-01 2.558E+02 2.000E+05
6.95151650E-04  12646.3 2.183E+01 6.035E+12 5.630E-01 2.713E+02 2.000E+05
8.75533261E-04  12773.1 2.749E+01 7.523E+12 6.059E-01 2.877E+02 2.000E+05
1.09871120E-03  12904.9 3.448E+01 9.342E+12 6.539E-01 3.051E+02 2.000E+05
1.37405546E-03  13040.8 4.310E+01 1.156E+13 7.078E-01 3.235E+02 2.000E+05
1.71281007E-03  13177.9 5.370E+01 1.426E+13 7.682E-01 3.431E+02 2.000E+05
2.12832067E-03  13313.3 6.669E+01 1.753E+13 8.365E-01 3.650E+02 2.000E+05
2.63630299E-03  13444.8 8.256E+01 2.149E+13 9.139E-01 3.904E+02 2.000E+05
3.25516346E-03  13571.0 1.019E+02 2.628E+13 1.002E+00 4.210E+02 2.000E+05
4.00655256E-03  13693.8 1.253E+02 3.203E+13 1.102E+00 4.574E+02 2.000E+05
4.91596837E-03  13812.3 1.536E+02 3.892E+13 1.216E+00 5.009E+02 2.000E+05
6.01368189E-03  13928.8 1.878E+02 4.717E+13 1.345E+00 5.529E+02 2.000E+05
7.33625178E-03  14046.9 2.288E+02 5.699E+13 1.489E+00 6.141E+02 2.000E+05
8.92863851E-03  14171.5 2.781E+02 6.866E+13 1.649E+00 6.860E+02 2.000E+05
1.08475385E-02  14310.6 3.374E+02 8.250E+13 1.823E+00 7.679E+02 2.000E+05
1.31667089E-02  14473.7 4.089E+02 9.890E+13 2.008E+00 8.568E+02 2.000E+05
1.59814053E-02  14662.4 4.953E+02 1.184E+14 2.201E+00 9.523E+02 2.000E+05
1.94149711E-02  14884.4 6.005E+02 1.416E+14 2.399E+00 1.053E+03 2.000E+05
2.36296558E-02  15145.7 7.291E+02 1.693E+14 2.598E+00 1.156E+03 2.000E+05
2.88391125E-02  15453.6 8.875E+02 2.025E+14 2.793E+00 1.259E+03 2.000E+05
3.53281360E-02  15816.9 1.084E+03 2.425E+14 2.979E+00 1.360E+03 2.000E+05
4.34794477E-02  16247.4 1.331E+03 2.908E+14 3.149E+00 1.452E+03 2.000E+05
5.38087694E-02  16747.1 1.642E+03 3.495E+14 3.300E+00 1.533E+03 2.000E+05
6.70191366E-02  17325.2 2.039E+03 4.212E+14 3.425E+00 1.599E+03 2.000E+05
8.40694432E-02  17989.2 2.550E+03 5.090E+14 3.525E+00 1.647E+03 2.000E+05
1.06235649E-01  18744.4 3.214E+03 6.172E+14 3.607E+00 1.676E+03 2.000E+05
1.35162376E-01  19591.0 4.080E+03 7.508E+14 3.684E+00 1.689E+03 2.000E+05
1.72889994E-01  20526.4 5.210E+03 9.158E+14 3.771E+00 1.695E+03 2.000E+05
2.21903147E-01  21547.3 6.676E+03 1.119E+15 3.881E+00 1.698E+03 2.000E+05
2.85206661E-01  22652.9 8.570E+03 1.367E+15 4.020E+00 1.706E+03 2.000E+05
3.66389066E-01  23844.9 1.100E+04 1.666E+15 4.196E+00 1.726E+03 2.000E+05
4.69784142E-01  25134.0 1.409E+04 2.025E+15 4.405E+00 1.760E+03 2.000E+05
6.00647547E-01  26532.6 1.799E+04 2.450E+15 4.656E+00 1.815E+03 2.000E+05
7.65477641E-01  28061.7 2.290E+04 2.949E+15 4.937E+00 1.887E+03 2.000E+05
9.72118272E-01  29735.2 2.903E+04 3.529E+15 5.266E+00 1.982E+03 2.000E+05
1.23006811E+00  31575.1 3.667E+04 4.198E+15 5.636E+00 2.096E+03 2.000E+05
1.55011916E+00  33592.1 4.609E+04 4.963E+15 6.082E+00 2.244E+03 2.000E+05
1.94427642E+00  35810.0 5.764E+04 5.832E+15 6.609E+00 2.425E+03 2.000E+05
2.42468258E+00  38231.2 7.161E+04 6.815E+15 7.276E+00 2.659E+03 2.000E+05
3.00667552E+00  40896.2 8.839E+04 7.927E+15 7.975E+00 2.896E+03 2.000E+05
3.73293346E+00  43792.5 1.092E+05 9.238E+15 8.253E+00 2.996E+03 2.000E+05
4.72978845E+00  47000.9 1.378E+05 1.095E+16 7.617E+00 2.787E+03 2.000E+05
6.20608325E+00  50380.8 1.807E+05 1.345E+16 6.674E+00 2.449E+03 2.000E+05
8.46336071E+00  54049.1 2.469E+05 1.717E+16 5.875E+00 2.147E+03 2.000E+05
1.18301979E+01  57959.0 3.466E+05 2.251E+16 5.313E+00 1.923E+03 2.000E+05
1.67102638E+01  62152.0 4.917E+05 2.979E+16 4.896E+00 1.848E+03 2.000E+05
RADK 3.5086E+02
EGIN                    ITERATION   9 COMPLETED
