EFF   8500.  GRAVITY 4.00000 LTE 
ITLE SDSC GRID  [-5.0]   VTURB 2.0 KM/S    L/H 1.25                            
OPACITY IFOP 1 1 1 1 1 1 1 1 1 1 1 1 1 0 1 0 0 0 0 0
CONVECTION ON   1.25 TURBULENCE OFF  0.00  0.00  0.00  0.00
BUNDANCE SCALE   0.00001 ABUNDANCE CHANGE 1 0.91100 2 0.08900
ABUNDANCE CHANGE  3 -10.88  4 -10.89  5  -9.44  6  -3.48  7  -3.99  8  -3.11
ABUNDANCE CHANGE  9  -7.48 10  -3.95 11  -5.71 12  -4.46 13  -5.57 14  -4.49
ABUNDANCE CHANGE 15  -6.59 16  -4.83 17  -6.54 18  -5.48 19  -6.82 20  -5.68
ABUNDANCE CHANGE 21  -8.94 22  -7.05 23  -8.04 24  -6.37 25  -6.65 26  -4.37
ABUNDANCE CHANGE 27  -7.12 28  -5.79 29  -7.83 30  -7.44 31  -9.16 32  -8.63
ABUNDANCE CHANGE 33  -9.67 34  -8.69 35  -9.41 36  -8.81 37  -9.44 38  -9.14
ABUNDANCE CHANGE 39  -9.80 40  -9.54 41 -10.62 42 -10.12 43 -20.00 44 -10.20
ABUNDANCE CHANGE 45 -10.92 46 -10.35 47 -11.10 48 -10.18 49 -10.58 50 -10.04
ABUNDANCE CHANGE 51 -11.04 52  -9.80 53 -10.53 54  -9.81 55 -10.92 56  -9.91
ABUNDANCE CHANGE 57 -10.82 58 -10.49 59 -11.33 60 -10.54 61 -20.00 62 -11.04
ABUNDANCE CHANGE 63 -11.53 64 -10.92 65 -11.94 66 -10.94 67 -11.78 68 -11.11
ABUNDANCE CHANGE 69 -12.04 70 -10.96 71 -11.28 72 -11.16 73 -11.91 74 -10.93
ABUNDANCE CHANGE 75 -11.77 76 -10.59 77 -10.69 78 -10.24 79 -11.03 80 -10.95
ABUNDANCE CHANGE 81 -11.14 82 -10.19 83 -11.33 84 -20.00 85 -20.00 86 -20.00
ABUNDANCE CHANGE 87 -20.00 88 -20.00 89 -20.00 90 -11.92 91 -20.00 92 -12.51
ABUNDANCE CHANGE 93 -20.00 94 -20.00 95 -20.00 96 -20.00 97 -20.00 98 -20.00
ABUNDANCE CHANGE 99 -20.00
EAD DECK6 72 RHOX,T,P,XNE,ABROSS,ACCRAD,VTURB
8.07837300E-07   5992.9 8.077E-03 3.286E+09 1.651E-01 1.752E+00 2.000E+05 0.000E+00 0.000E+00
1.08880626E-06   6000.7 1.089E-02 4.155E+09 1.515E-01 1.621E+00 2.000E+05 0.000E+00 0.000E+00
1.50162584E-06   6003.1 1.501E-02 5.274E+09 1.358E-01 1.475E+00 2.000E+05 0.000E+00 0.000E+00
2.11880921E-06   6007.6 2.118E-02 6.764E+09 1.205E-01 1.335E+00 2.000E+05 0.000E+00 0.000E+00
3.05674867E-06   6012.9 3.056E-02 8.737E+09 1.056E-01 1.202E+00 2.000E+05 0.000E+00 0.000E+00
4.48243957E-06   6024.4 4.482E-02 1.142E+10 9.277E-02 1.088E+00 2.000E+05 0.000E+00 0.000E+00
6.64820910E-06   6037.6 6.647E-02 1.496E+10 8.133E-02 9.885E-01 2.000E+05 0.000E+00 0.000E+00
9.94683137E-06   6051.7 9.946E-02 1.961E+10 7.119E-02 9.061E-01 2.000E+05 0.000E+00 0.000E+00
1.49460700E-05   6070.7 1.494E-01 2.583E+10 6.295E-02 8.417E-01 2.000E+05 0.000E+00 0.000E+00
2.24709040E-05   6089.9 2.247E-01 3.392E+10 5.584E-02 7.906E-01 2.000E+05 0.000E+00 0.000E+00
3.37605143E-05   6108.3 3.376E-01 4.426E+10 4.962E-02 7.492E-01 2.000E+05 0.000E+00 0.000E+00
5.09277279E-05   6115.0 5.092E-01 5.641E+10 4.300E-02 6.981E-01 2.000E+05 0.000E+00 0.000E+00
7.72631585E-05   6123.8 7.726E-01 7.215E+10 3.760E-02 6.608E-01 2.000E+05 0.000E+00 0.000E+00
1.17146166E-04   6135.0 1.171E+00 9.238E+10 3.336E-02 6.349E-01 2.000E+05 0.000E+00 0.000E+00
1.76244223E-04   6152.1 1.762E+00 1.189E+11 3.044E-02 6.225E-01 2.000E+05 0.000E+00 0.000E+00
2.61424978E-04   6173.2 2.614E+00 1.527E+11 2.854E-02 6.217E-01 2.000E+05 0.000E+00 0.000E+00
3.80457636E-04   6200.2 3.804E+00 1.963E+11 2.769E-02 6.331E-01 2.000E+05 0.000E+00 0.000E+00
5.41252717E-04   6232.8 5.412E+00 2.518E+11 2.779E-02 6.564E-01 2.000E+05 0.000E+00 0.000E+00
7.50782168E-04   6272.7 7.507E+00 3.229E+11 2.895E-02 6.939E-01 2.000E+05 0.000E+00 0.000E+00
1.01440202E-03   6319.1 1.014E+01 4.132E+11 3.117E-02 7.448E-01 2.000E+05 0.000E+00 0.000E+00
1.33506205E-03   6373.1 1.335E+01 5.285E+11 3.466E-02 8.103E-01 2.000E+05 0.000E+00 0.000E+00
1.71673391E-03   6428.3 1.717E+01 6.682E+11 3.906E-02 8.818E-01 2.000E+05 0.000E+00 0.000E+00
2.16663313E-03   6483.3 2.166E+01 8.350E+11 4.432E-02 9.576E-01 2.000E+05 0.000E+00 0.000E+00
2.69720722E-03   6532.0 2.697E+01 1.022E+12 4.981E-02 1.026E+00 2.000E+05 0.000E+00 0.000E+00
3.33233140E-03   6571.0 3.332E+01 1.224E+12 5.497E-02 1.083E+00 2.000E+05 0.000E+00 0.000E+00
4.10916257E-03   6598.1 4.109E+01 1.432E+12 5.926E-02 1.127E+00 2.000E+05 0.000E+00 0.000E+00
5.08013547E-03   6614.9 5.080E+01 1.646E+12 6.268E-02 1.161E+00 2.000E+05 0.000E+00 0.000E+00
6.31241224E-03   6624.4 6.312E+01 1.872E+12 6.557E-02 1.191E+00 2.000E+05 0.000E+00 0.000E+00
7.88391282E-03   6631.2 7.883E+01 2.125E+12 6.861E-02 1.224E+00 2.000E+05 0.000E+00 0.000E+00
9.88202449E-03   6637.8 9.881E+01 2.413E+12 7.217E-02 1.262E+00 2.000E+05 0.000E+00 0.000E+00
1.23974601E-02   6647.9 1.240E+02 2.760E+12 7.695E-02 1.314E+00 2.000E+05 0.000E+00 0.000E+00
1.55316512E-02   6659.2 1.553E+02 3.159E+12 8.260E-02 1.373E+00 2.000E+05 0.000E+00 0.000E+00
1.94117615E-02   6671.8 1.941E+02 3.620E+12 8.926E-02 1.441E+00 2.000E+05 0.000E+00 0.000E+00
2.41834981E-02   6686.2 2.418E+02 4.153E+12 9.708E-02 1.520E+00 2.000E+05 0.000E+00 0.000E+00
3.00229509E-02   6701.6 3.002E+02 4.763E+12 1.060E-01 1.609E+00 2.000E+05 0.000E+00 0.000E+00
3.71185162E-02   6720.8 3.711E+02 5.487E+12 1.169E-01 1.719E+00 2.000E+05 0.000E+00 0.000E+00
4.56837936E-02   6741.5 4.568E+02 6.321E+12 1.293E-01 1.844E+00 2.000E+05 0.000E+00 0.000E+00
5.59913363E-02   6763.6 5.598E+02 7.284E+12 1.435E-01 1.986E+00 2.000E+05 0.000E+00 0.000E+00
6.83522339E-02   6787.8 6.834E+02 8.402E+12 1.599E-01 2.150E+00 2.000E+05 0.000E+00 0.000E+00
8.31180453E-02   6814.2 8.310E+02 9.707E+12 1.788E-01 2.342E+00 2.000E+05 0.000E+00 0.000E+00
1.00689787E-01   6843.0 1.007E+03 1.124E+13 2.008E-01 2.565E+00 2.000E+05 0.000E+00 0.000E+00
1.21435335E-01   6878.6 1.214E+03 1.312E+13 2.281E-01 2.853E+00 2.000E+05 0.000E+00 0.000E+00
1.45705795E-01   6918.6 1.457E+03 1.538E+13 2.608E-01 3.199E+00 2.000E+05 0.000E+00 0.000E+00
1.73876206E-01   6965.4 1.738E+03 1.817E+13 3.012E-01 3.632E+00 2.000E+05 0.000E+00 0.000E+00
2.06207582E-01   7020.4 2.062E+03 2.167E+13 3.522E-01 4.184E+00 2.000E+05 0.000E+00 0.000E+00
2.42819258E-01   7085.9 2.427E+03 2.614E+13 4.179E-01 4.904E+00 2.000E+05 0.000E+00 0.000E+00
2.83525230E-01   7166.4 2.834E+03 3.208E+13 5.067E-01 5.878E+00 2.000E+05 0.000E+00 0.000E+00
3.27810400E-01   7262.7 3.277E+03 4.001E+13 6.281E-01 7.217E+00 2.000E+05 0.000E+00 0.000E+00
3.74775246E-01   7380.1 3.746E+03 5.098E+13 8.017E-01 9.148E+00 2.000E+05 9.644E-15 0.000E+00
4.23091063E-01   7520.8 4.229E+03 6.630E+13 1.056E+00 1.198E+01 2.000E+05 4.506E-12 5.734E+01
4.71091429E-01   7690.8 4.708E+03 8.837E+13 1.445E+00 1.631E+01 2.000E+05 1.020E-10 3.971E+02
5.16895822E-01   7893.9 5.165E+03 1.206E+14 2.063E+00 2.313E+01 2.000E+05 1.959E-09 9.454E+02
5.58706775E-01   8135.0 5.582E+03 1.683E+14 3.086E+00 3.438E+01 2.000E+05 6.614E-08 2.324E+03
5.95029540E-01   8423.3 5.944E+03 2.406E+14 4.858E+00 5.351E+01 2.000E+05 1.190E-05 6.753E+03
6.25082185E-01   8761.0 6.242E+03 3.487E+14 7.996E+00 8.675E+01 2.000E+05 4.031E-04 2.256E+04
6.49031952E-01   9152.4 6.479E+03 5.074E+14 1.351E+01 1.426E+02 2.000E+05 3.685E-03 7.377E+04
6.68099442E-01   9580.8 6.666E+03 7.197E+14 2.231E+01 2.261E+02 2.000E+05 2.274E-02 1.504E+05
6.83842636E-01  10047.2 6.819E+03 9.827E+14 3.500E+01 3.406E+02 2.000E+05 4.260E-02 2.161E+05
6.97755010E-01  10565.0 6.953E+03 1.280E+15 5.027E+01 4.589E+02 2.000E+05 7.251E-02 4.179E+05
7.11641691E-01  11083.7 7.085E+03 1.539E+15 6.300E+01 5.544E+02 2.000E+05 1.276E-01 5.396E+05
7.27580104E-01  11702.9 7.235E+03 1.754E+15 6.778E+01 6.202E+02 2.000E+05 6.359E-02 4.567E+05
7.49408658E-01  12464.1 7.440E+03 1.882E+15 6.068E+01 5.889E+02 2.000E+05 3.351E-02 2.116E+05
7.84392526E-01  13322.8 7.771E+03 1.934E+15 4.655E+01 4.624E+02 2.000E+05 5.422E-03 4.983E+04
8.47633075E-01  14274.7 8.379E+03 1.990E+15 3.397E+01 3.394E+02 2.000E+05 6.883E-06 9.387E+03
9.61589952E-01  15300.4 9.485E+03 2.125E+15 2.570E+01 2.551E+02 2.000E+05 2.712E-08 3.019E+03
1.15415400E+00  16398.8 1.137E+04 2.400E+15 2.117E+01 2.091E+02 2.000E+05 3.910E-09 2.225E+03
1.45212142E+00  17587.7 1.429E+04 2.849E+15 1.897E+01 1.868E+02 2.000E+05 4.049E-09 2.226E+03
1.88215864E+00  18866.6 1.851E+04 3.484E+15 1.795E+01 1.761E+02 2.000E+05 1.284E-09 1.353E+03
2.48130889E+00  20249.2 2.440E+04 4.315E+15 1.734E+01 1.699E+02 2.000E+05 7.173E-11 0.000E+00
3.30015691E+00  21736.5 3.245E+04 5.369E+15 1.707E+01 1.669E+02 2.000E+05 3.433E-18 0.000E+00
4.39921632E+00  23342.1 4.326E+04 6.678E+15 1.711E+01 1.663E+02 2.000E+05 0.000E+00 0.000E+00
5.84658766E+00  25065.5 5.749E+04 8.273E+15 1.745E+01 1.627E+02 2.000E+05 0.000E+00 0.000E+00
RADK 7.0131E+00
EGIN                    ITERATION  15 COMPLETED
