TEFF  41000.  GRAVITY 5.00000 LTE
TITLE SDSC GRID  [+0.0]   VTURB 2.0 KM/S    L/H 1.25
 OPACITY IFOP 1 1 1 1 1 1 1 1 1 1 1 1 1 0 1 0 0 0 0 0
 CONVECTION OFF  1.00 TURBULENCE OFF  0.00  0.00  0.00  0.00
ABUNDANCE SCALE   1.00000 ABUNDANCE CHANGE 1 0.91100 2 0.08900
 ABUNDANCE CHANGE  3 -10.88  4 -10.89  5  -9.44  6  -3.48  7  -3.99  8  -3.11
 ABUNDANCE CHANGE  9  -7.48 10  -3.95 11  -5.71 12  -4.46 13  -5.57 14  -4.49
 ABUNDANCE CHANGE 15  -6.59 16  -4.83 17  -6.54 18  -5.48 19  -6.82 20  -5.68
 ABUNDANCE CHANGE 21  -8.94 22  -7.05 23  -8.04 24  -6.37 25  -6.65 26  -4.37
 ABUNDANCE CHANGE 27  -7.12 28  -5.79 29  -7.83 30  -7.44 31  -9.16 32  -8.63
 ABUNDANCE CHANGE 33  -9.67 34  -8.69 35  -9.41 36  -8.81 37  -9.44 38  -9.14
 ABUNDANCE CHANGE 39  -9.80 40  -9.54 41 -10.62 42 -10.12 43 -20.00 44 -10.20
 ABUNDANCE CHANGE 45 -10.92 46 -10.35 47 -11.10 48 -10.18 49 -10.58 50 -10.04
 ABUNDANCE CHANGE 51 -11.04 52  -9.80 53 -10.53 54  -9.81 55 -10.92 56  -9.91
 ABUNDANCE CHANGE 57 -10.82 58 -10.49 59 -11.33 60 -10.54 61 -20.00 62 -11.04
 ABUNDANCE CHANGE 63 -11.53 64 -10.92 65 -11.94 66 -10.94 67 -11.78 68 -11.11
 ABUNDANCE CHANGE 69 -12.04 70 -10.96 71 -11.28 72 -11.16 73 -11.91 74 -10.93
 ABUNDANCE CHANGE 75 -11.77 76 -10.59 77 -10.69 78 -10.24 79 -11.03 80 -10.95
 ABUNDANCE CHANGE 81 -11.14 82 -10.19 83 -11.33 84 -20.00 85 -20.00 86 -20.00
 ABUNDANCE CHANGE 87 -20.00 88 -20.00 89 -20.00 90 -11.92 91 -20.00 92 -12.51
 ABUNDANCE CHANGE 93 -20.00 94 -20.00 95 -20.00 96 -20.00 97 -20.00 98 -20.00
 ABUNDANCE CHANGE 99 -20.00
READ DECK6 64 RHOX,T,P,XNE,ABROSS,ACCRAD,VTURB
 3.73037719E-06  22792.4 2.921E-01 4.672E+10 3.575E-01 2.171E+04 2.000E+05
 4.97160137E-06  22972.3 3.898E-01 6.185E+10 3.592E-01 2.077E+04 2.000E+05
 6.61832930E-06  23140.5 5.210E-01 8.203E+10 3.612E-01 1.992E+04 2.000E+05
 8.80074884E-06  23321.2 6.964E-01 1.088E+11 3.636E-01 1.933E+04 2.000E+05
 1.16890234E-05  23513.3 9.299E-01 1.440E+11 3.666E-01 1.902E+04 2.000E+05
 1.55069266E-05  23720.4 1.240E+00 1.903E+11 3.701E-01 1.856E+04 2.000E+05
 2.05475499E-05  23938.8 1.651E+00 2.512E+11 3.740E-01 1.823E+04 2.000E+05
 2.71917235E-05  24170.2 2.195E+00 3.306E+11 3.787E-01 1.816E+04 2.000E+05
 3.59323109E-05  24422.4 2.910E+00 4.337E+11 3.843E-01 1.835E+04 2.000E+05
 4.74121302E-05  24703.6 3.846E+00 5.670E+11 3.904E-01 1.844E+04 2.000E+05
 6.24677075E-05  25017.5 5.074E+00 7.387E+11 3.972E-01 1.854E+04 2.000E+05
 8.22133195E-05  25370.7 6.692E+00 9.613E+11 4.036E-01 1.751E+04 2.000E+05
 1.08114703E-04  25737.6 8.846E+00 1.253E+12 4.106E-01 1.623E+04 2.000E+05
 1.42029735E-04  26111.0 1.171E+01 1.636E+12 4.186E-01 1.502E+04 2.000E+05
 1.86325140E-04  26484.8 1.550E+01 2.136E+12 4.280E-01 1.393E+04 2.000E+05
 2.43995830E-04  26854.6 2.049E+01 2.787E+12 4.392E-01 1.311E+04 2.000E+05
 3.18808742E-04  27219.5 2.701E+01 3.627E+12 4.522E-01 1.252E+04 2.000E+05
 4.15533765E-04  27576.8 3.550E+01 4.706E+12 4.671E-01 1.206E+04 2.000E+05
 5.40257370E-04  27922.3 4.649E+01 6.089E+12 4.836E-01 1.170E+04 2.000E+05
 7.00709660E-04  28260.5 6.067E+01 7.854E+12 5.017E-01 1.149E+04 2.000E+05
 9.07036684E-04  28600.3 7.898E+01 1.010E+13 5.202E-01 1.104E+04 2.000E+05
 1.17194830E-03  28939.0 1.026E+02 1.297E+13 5.412E-01 1.077E+04 2.000E+05
 1.51111002E-03  29283.4 1.329E+02 1.661E+13 5.643E-01 1.049E+04 2.000E+05
 1.94388405E-03  29630.9 1.717E+02 2.121E+13 5.910E-01 1.035E+04 2.000E+05
 2.49369089E-03  29986.5 2.210E+02 2.698E+13 6.217E-01 1.032E+04 2.000E+05
 3.18910433E-03  30348.7 2.833E+02 3.419E+13 6.568E-01 1.038E+04 2.000E+05
 4.06517303E-03  30717.3 3.618E+02 4.315E+13 6.965E-01 1.046E+04 2.000E+05
 5.16499568E-03  31087.5 4.602E+02 5.424E+13 7.410E-01 1.058E+04 2.000E+05
 6.54029622E-03  31455.7 5.830E+02 6.793E+13 7.917E-01 1.082E+04 2.000E+05
 8.25592127E-03  31828.6 7.359E+02 8.475E+13 8.466E-01 1.103E+04 2.000E+05
 1.03944911E-02  32200.7 9.259E+02 1.054E+14 9.063E-01 1.124E+04 2.000E+05
 1.30547134E-02  32572.0 1.162E+03 1.308E+14 9.730E-01 1.155E+04 2.000E+05
 1.63523900E-02  32945.1 1.453E+03 1.617E+14 1.049E+00 1.198E+04 2.000E+05
 2.04239588E-02  33326.5 1.810E+03 1.992E+14 1.135E+00 1.256E+04 2.000E+05
 2.54312168E-02  33725.6 2.246E+03 2.444E+14 1.233E+00 1.328E+04 2.000E+05
 3.15667650E-02  34153.5 2.775E+03 2.984E+14 1.344E+00 1.412E+04 2.000E+05
 3.90592678E-02  34623.6 3.415E+03 3.624E+14 1.470E+00 1.503E+04 2.000E+05
 4.81800895E-02  35148.6 4.186E+03 4.380E+14 1.612E+00 1.596E+04 2.000E+05
 5.92705763E-02  35736.8 5.113E+03 5.269E+14 1.767E+00 1.682E+04 2.000E+05
 7.27838996E-02  36394.2 6.232E+03 6.316E+14 1.931E+00 1.755E+04 2.000E+05
 8.92674440E-02  37131.4 7.585E+03 7.550E+14 2.112E+00 1.824E+04 2.000E+05
 1.09378815E-01  37961.8 9.222E+03 9.001E+14 2.307E+00 1.886E+04 2.000E+05
 1.33942000E-01  38896.4 1.121E+04 1.070E+15 2.517E+00 1.939E+04 2.000E+05
 1.64005529E-01  39948.6 1.362E+04 1.270E+15 2.737E+00 1.984E+04 2.000E+05
 2.01034293E-01  41124.7 1.659E+04 1.507E+15 2.950E+00 2.009E+04 2.000E+05
 2.47113673E-01  42446.7 2.027E+04 1.788E+15 3.144E+00 2.024E+04 2.000E+05
 3.05135031E-01  43938.4 2.489E+04 2.126E+15 3.310E+00 2.028E+04 2.000E+05
 3.79074775E-01  45620.3 3.079E+04 2.537E+15 3.446E+00 2.020E+04 2.000E+05
 4.74196601E-01  47509.7 3.839E+04 3.041E+15 3.557E+00 2.008E+04 2.000E+05
 5.97922164E-01  49642.2 4.828E+04 3.664E+15 3.620E+00 1.990E+04 2.000E+05
 7.61942805E-01  52059.1 6.146E+04 4.450E+15 3.605E+00 1.941E+04 2.000E+05
 9.83162025E-01  54787.3 7.935E+04 5.461E+15 3.541E+00 1.891E+04 2.000E+05
 1.28635378E+00  57894.5 1.040E+05 6.777E+15 3.417E+00 1.822E+04 2.000E+05
 1.70812733E+00  61397.5 1.387E+05 8.521E+15 3.256E+00 1.740E+04 2.000E+05
 2.30002346E+00  65337.2 1.879E+05 1.085E+16 3.090E+00 1.656E+04 2.000E+05
 3.13378389E+00  69676.1 2.578E+05 1.396E+16 2.921E+00 1.563E+04 2.000E+05
 4.30238587E+00  74451.2 3.569E+05 1.808E+16 2.798E+00 1.495E+04 2.000E+05
 5.92246040E+00  79625.0 4.951E+05 2.346E+16 2.704E+00 1.441E+04 2.000E+05
 8.13244950E+00  85259.8 6.846E+05 3.029E+16 2.667E+00 1.418E+04 2.000E+05
 1.11181129E+01  91350.1 9.411E+05 3.886E+16 2.636E+00 1.402E+04 2.000E+05
 1.50993487E+01  97969.5 1.283E+06 4.941E+16 2.662E+00 1.411E+04 2.000E+05
 2.03544292E+01 105093.3 1.734E+06 6.225E+16 2.689E+00 1.424E+04 2.000E+05
 2.72929831E+01 112843.7 2.329E+06 7.785E+16 2.716E+00 1.432E+04 2.000E+05
 3.64555556E+01 121144.6 3.116E+06 9.703E+16 2.744E+00 1.380E+04 2.000E+05
PRADK 3.7738E+03
BEGIN                    ITERATION  10 COMPLETED
