TEFF   4000.  GRAVITY 2.50000 LTE 
TITLE SDSC GRID  [-0.3]   VTURB 2.0 KM/S    L/H 1.25                            
 OPACITY IFOP 1 1 1 1 1 1 1 1 1 1 1 1 1 0 1 0 0 0 0 0
 CONVECTION ON   1.25 TURBULENCE OFF  0.00  0.00  0.00  0.00
ABUNDANCE SCALE   0.50120 ABUNDANCE CHANGE 1 0.91100 2 0.08900
 ABUNDANCE CHANGE  3 -10.88  4 -10.89  5  -9.44  6  -3.48  7  -3.99  8  -3.11
 ABUNDANCE CHANGE  9  -7.48 10  -3.95 11  -5.71 12  -4.46 13  -5.57 14  -4.49
 ABUNDANCE CHANGE 15  -6.59 16  -4.83 17  -6.54 18  -5.48 19  -6.82 20  -5.68
 ABUNDANCE CHANGE 21  -8.94 22  -7.05 23  -8.04 24  -6.37 25  -6.65 26  -4.37
 ABUNDANCE CHANGE 27  -7.12 28  -5.79 29  -7.83 30  -7.44 31  -9.16 32  -8.63
 ABUNDANCE CHANGE 33  -9.67 34  -8.69 35  -9.41 36  -8.81 37  -9.44 38  -9.14
 ABUNDANCE CHANGE 39  -9.80 40  -9.54 41 -10.62 42 -10.12 43 -20.00 44 -10.20
 ABUNDANCE CHANGE 45 -10.92 46 -10.35 47 -11.10 48 -10.18 49 -10.58 50 -10.04
 ABUNDANCE CHANGE 51 -11.04 52  -9.80 53 -10.53 54  -9.81 55 -10.92 56  -9.91
 ABUNDANCE CHANGE 57 -10.82 58 -10.49 59 -11.33 60 -10.54 61 -20.00 62 -11.04
 ABUNDANCE CHANGE 63 -11.53 64 -10.92 65 -11.94 66 -10.94 67 -11.78 68 -11.11
 ABUNDANCE CHANGE 69 -12.04 70 -10.96 71 -11.28 72 -11.16 73 -11.91 74 -10.93
 ABUNDANCE CHANGE 75 -11.77 76 -10.59 77 -10.69 78 -10.24 79 -11.03 80 -10.95
 ABUNDANCE CHANGE 81 -11.14 82 -10.19 83 -11.33 84 -20.00 85 -20.00 86 -20.00
 ABUNDANCE CHANGE 87 -20.00 88 -20.00 89 -20.00 90 -11.92 91 -20.00 92 -12.51
 ABUNDANCE CHANGE 93 -20.00 94 -20.00 95 -20.00 96 -20.00 97 -20.00 98 -20.00
 ABUNDANCE CHANGE 99 -20.00
READ DECK6 72 RHOX,T,P,XNE,ABROSS,ACCRAD,VTURB
 1.39380195E-02   2487.0 4.408E+00 4.057E+07 9.568E-06 3.213E-03 2.000E+05 0.000E+00 0.000E+00
 1.83528629E-02   2516.2 5.804E+00 5.378E+07 1.058E-05 2.970E-03 2.000E+05 0.000E+00 0.000E+00
 2.36823443E-02   2541.2 7.489E+00 6.959E+07 1.168E-05 2.746E-03 2.000E+05 0.000E+00 0.000E+00
 3.01124362E-02   2566.2 9.522E+00 8.893E+07 1.292E-05 2.551E-03 2.000E+05 0.000E+00 0.000E+00
 3.78488564E-02   2590.0 1.197E+01 1.123E+08 1.433E-05 2.367E-03 2.000E+05 0.000E+00 0.000E+00
 4.71337928E-02   2613.8 1.490E+01 1.406E+08 1.596E-05 2.210E-03 2.000E+05 0.000E+00 0.000E+00
 5.82302856E-02   2637.5 1.841E+01 1.750E+08 1.784E-05 2.072E-03 2.000E+05 0.000E+00 0.000E+00
 7.14455814E-02   2660.3 2.259E+01 2.161E+08 2.000E-05 1.940E-03 2.000E+05 0.000E+00 0.000E+00
 8.71437899E-02   2682.7 2.756E+01 2.653E+08 2.248E-05 1.827E-03 2.000E+05 0.000E+00 0.000E+00
 1.05748450E-01   2704.5 3.344E+01 3.241E+08 2.532E-05 1.727E-03 2.000E+05 0.000E+00 0.000E+00
 1.27742365E-01   2725.7 4.040E+01 3.938E+08 2.860E-05 1.637E-03 2.000E+05 0.000E+00 0.000E+00
 1.53669366E-01   2747.0 4.859E+01 4.769E+08 3.241E-05 1.564E-03 2.000E+05 0.000E+00 0.000E+00
 1.84117452E-01   2768.2 5.822E+01 5.755E+08 3.687E-05 1.500E-03 2.000E+05 0.000E+00 0.000E+00
 2.19760679E-01   2789.0 6.949E+01 6.917E+08 4.204E-05 1.443E-03 2.000E+05 0.000E+00 0.000E+00
 2.61417945E-01   2809.5 8.267E+01 8.284E+08 4.799E-05 1.394E-03 2.000E+05 0.000E+00 0.000E+00
 3.10041172E-01   2829.8 9.804E+01 9.893E+08 5.487E-05 1.352E-03 2.000E+05 0.000E+00 0.000E+00
 3.66705997E-01   2849.6 1.160E+02 1.177E+09 6.284E-05 1.312E-03 2.000E+05 0.000E+00 0.000E+00
 4.32621631E-01   2869.6 1.368E+02 1.399E+09 7.210E-05 1.280E-03 2.000E+05 0.000E+00 0.000E+00
 5.09137619E-01   2889.9 1.610E+02 1.659E+09 8.294E-05 1.256E-03 2.000E+05 0.000E+00 0.000E+00
 5.97696182E-01   2910.4 1.890E+02 1.965E+09 9.568E-05 1.235E-03 2.000E+05 0.000E+00 0.000E+00
 7.00053590E-01   2930.9 2.214E+02 2.322E+09 1.104E-04 1.218E-03 2.000E+05 0.000E+00 0.000E+00
 8.18325978E-01   2951.3 2.588E+02 2.740E+09 1.274E-04 1.203E-03 2.000E+05 0.000E+00 0.000E+00
 9.54927492E-01   2971.9 3.020E+02 3.228E+09 1.472E-04 1.192E-03 2.000E+05 0.000E+00 0.000E+00
 1.11259430E+00   2992.4 3.518E+02 3.798E+09 1.701E-04 1.184E-03 2.000E+05 0.000E+00 0.000E+00
 1.29443837E+00   3013.1 4.093E+02 4.463E+09 1.968E-04 1.182E-03 2.000E+05 0.000E+00 0.000E+00
 1.50376863E+00   3034.6 4.755E+02 5.248E+09 2.282E-04 1.192E-03 2.000E+05 0.000E+00 0.000E+00
 1.74436804E+00   3056.0 5.516E+02 6.161E+09 2.648E-04 1.207E-03 2.000E+05 0.000E+00 0.000E+00
 2.02108416E+00   3077.3 6.391E+02 7.222E+09 3.069E-04 1.227E-03 2.000E+05 0.000E+00 0.000E+00
 2.33967760E+00   3098.2 7.399E+02 8.451E+09 3.552E-04 1.251E-03 2.000E+05 0.000E+00 0.000E+00
 2.70687464E+00   3118.9 8.560E+02 9.876E+09 4.108E-04 1.282E-03 2.000E+05 0.000E+00 0.000E+00
 3.13049226E+00   3139.4 9.899E+02 1.153E+10 4.746E-04 1.319E-03 2.000E+05 0.000E+00 0.000E+00
 3.61958861E+00   3159.5 1.145E+03 1.343E+10 5.481E-04 1.370E-03 2.000E+05 0.000E+00 0.000E+00
 4.18392387E+00   3179.8 1.323E+03 1.565E+10 6.339E-04 1.439E-03 2.000E+05 0.000E+00 0.000E+00
 4.83488748E+00   3200.0 1.529E+03 1.822E+10 7.325E-04 1.519E-03 2.000E+05 0.000E+00 0.000E+00
 5.58649978E+00   3220.0 1.767E+03 2.119E+10 8.457E-04 1.610E-03 2.000E+05 0.000E+00 0.000E+00
 6.45480039E+00   3240.1 2.041E+03 2.463E+10 9.760E-04 1.714E-03 2.000E+05 0.000E+00 0.000E+00
 7.45799263E+00   3260.4 2.358E+03 2.864E+10 1.127E-03 1.832E-03 2.000E+05 0.000E+00 0.000E+00
 8.61659293E+00   3281.3 2.725E+03 3.333E+10 1.301E-03 1.967E-03 2.000E+05 0.000E+00 0.000E+00
 9.95340568E+00   3302.9 3.148E+03 3.883E+10 1.505E-03 2.122E-03 2.000E+05 0.000E+00 0.000E+00
 1.14910850E+01   3326.2 3.634E+03 4.538E+10 1.750E-03 2.315E-03 2.000E+05 0.000E+00 0.000E+00
 1.32519242E+01   3351.1 4.191E+03 5.319E+10 2.041E-03 2.542E-03 2.000E+05 0.000E+00 0.000E+00
 1.52612274E+01   3378.2 4.826E+03 6.257E+10 2.390E-03 2.804E-03 2.000E+05 0.000E+00 0.000E+00
 1.75437625E+01   3408.2 5.548E+03 7.398E+10 2.813E-03 3.110E-03 2.000E+05 0.000E+00 0.000E+00
 2.01216301E+01   3441.7 6.363E+03 8.804E+10 3.332E-03 3.470E-03 2.000E+05 0.000E+00 0.000E+00
 2.30112045E+01   3479.6 7.277E+03 1.056E+11 3.981E-03 3.908E-03 2.000E+05 0.000E+00 0.000E+00
 2.62182091E+01   3522.9 8.291E+03 1.279E+11 4.810E-03 4.453E-03 2.000E+05 0.000E+00 0.000E+00
 2.97406669E+01   3572.1 9.405E+03 1.566E+11 5.868E-03 5.114E-03 2.000E+05 0.000E+00 0.000E+00
 3.35693280E+01   3628.5 1.062E+04 1.941E+11 7.241E-03 5.931E-03 2.000E+05 1.552E-14 0.000E+00
 3.76782759E+01   3693.3 1.191E+04 2.437E+11 9.057E-03 6.980E-03 2.000E+05 3.261E-10 0.000E+00
 4.20366830E+01   3767.0 1.329E+04 3.099E+11 1.144E-02 8.280E-03 2.000E+05 9.622E-09 0.000E+00
 4.66182399E+01   3851.1 1.474E+04 3.985E+11 1.457E-02 9.904E-03 2.000E+05 7.830E-08 0.000E+00
 5.14029624E+01   3946.7 1.625E+04 5.169E+11 1.863E-02 1.191E-02 2.000E+05 2.758E-07 0.000E+00
 5.63948100E+01   4055.1 1.783E+04 6.729E+11 2.377E-02 1.432E-02 2.000E+05 7.119E-07 5.036E+01
 6.16312314E+01   4178.1 1.949E+04 8.736E+11 3.004E-02 1.713E-02 2.000E+05 1.322E-06 8.905E+02
 6.72136405E+01   4317.2 2.125E+04 1.121E+12 3.715E-02 2.015E-02 2.000E+05 2.213E-06 1.897E+03
 7.33226152E+01   4476.2 2.319E+04 1.417E+12 4.465E-02 2.319E-02 2.000E+05 9.942E-06 2.967E+03
 8.02200803E+01   4657.2 2.537E+04 1.756E+12 5.186E-02 2.597E-02 2.000E+05 2.124E-04 3.791E+03
 8.82535820E+01   4863.7 2.791E+04 2.166E+12 5.886E-02 2.847E-02 2.000E+05 3.020E-03 4.904E+03
 9.75665683E+01   5102.5 3.085E+04 2.814E+12 6.908E-02 3.108E-02 2.000E+05 4.377E-02 5.067E+03
 1.07725163E+02   5331.6 3.406E+04 3.999E+12 8.863E-02 3.563E-02 2.000E+05 1.396E-01 7.249E+03
 1.17737399E+02   5568.5 3.723E+04 6.311E+12 1.262E-01 4.619E-02 2.000E+05 2.332E-01 2.267E+04
 1.26725616E+02   5828.2 4.007E+04 1.089E+13 1.945E-01 6.594E-02 2.000E+05 2.848E-01 5.846E+04
 1.34296058E+02   6111.4 4.246E+04 1.972E+13 3.150E-01 9.985E-02 2.000E+05 3.373E-01 9.530E+04
 1.40412094E+02   6419.3 4.440E+04 3.644E+13 5.254E-01 1.492E-01 2.000E+05 4.008E-01 1.507E+05
 1.45366440E+02   6719.3 4.596E+04 6.363E+13 8.470E-01 1.893E-01 2.000E+05 5.277E-01 1.977E+05
 1.49620612E+02   6978.4 4.731E+04 9.976E+13 1.262E+00 1.987E-01 2.000E+05 6.845E-01 2.156E+05
 1.53594991E+02   7190.9 4.856E+04 1.415E+14 1.737E+00 1.917E-01 2.000E+05 7.708E-01 2.175E+05
 1.57529586E+02   7380.5 4.981E+04 1.904E+14 2.298E+00 1.880E-01 2.000E+05 8.331E-01 2.201E+05
 1.61542567E+02   7558.0 5.108E+04 2.485E+14 2.972E+00 1.812E-01 2.000E+05 8.733E-01 2.177E+05
 1.65738605E+02   7720.0 5.240E+04 3.142E+14 3.748E+00 1.750E-01 2.000E+05 9.047E-01 2.169E+05
 1.70172179E+02   7883.4 5.380E+04 3.945E+14 4.720E+00 1.679E-01 2.000E+05 9.261E-01 2.119E+05
 1.74930509E+02   8029.9 5.531E+04 4.812E+14 5.792E+00 1.721E-01 2.000E+05 9.387E-01 2.094E+05
PRADK 3.4065E-01
BEGIN                    ITERATION  15 COMPLETED
