TEFF   7250.  GRAVITY 2.50000 LTE 
TITLE SDSC GRID  [+0.3]   VTURB 2.0 KM/S    L/H 1.25                            
 OPACITY IFOP 1 1 1 1 1 1 1 1 1 1 1 1 1 0 1 0 0 0 0 0
 CONVECTION ON   1.25 TURBULENCE OFF  0.00  0.00  0.00  0.00
ABUNDANCE SCALE   1.99526 ABUNDANCE CHANGE 1 0.91100 2 0.08900
 ABUNDANCE CHANGE  3 -10.88  4 -10.89  5  -9.44  6  -3.48  7  -3.99  8  -3.11
 ABUNDANCE CHANGE  9  -7.48 10  -3.95 11  -5.71 12  -4.46 13  -5.57 14  -4.49
 ABUNDANCE CHANGE 15  -6.59 16  -4.83 17  -6.54 18  -5.48 19  -6.82 20  -5.68
 ABUNDANCE CHANGE 21  -8.94 22  -7.05 23  -8.04 24  -6.37 25  -6.65 26  -4.37
 ABUNDANCE CHANGE 27  -7.12 28  -5.79 29  -7.83 30  -7.44 31  -9.16 32  -8.63
 ABUNDANCE CHANGE 33  -9.67 34  -8.69 35  -9.41 36  -8.81 37  -9.44 38  -9.14
 ABUNDANCE CHANGE 39  -9.80 40  -9.54 41 -10.62 42 -10.12 43 -20.00 44 -10.20
 ABUNDANCE CHANGE 45 -10.92 46 -10.35 47 -11.10 48 -10.18 49 -10.58 50 -10.04
 ABUNDANCE CHANGE 51 -11.04 52  -9.80 53 -10.53 54  -9.81 55 -10.92 56  -9.91
 ABUNDANCE CHANGE 57 -10.82 58 -10.49 59 -11.33 60 -10.54 61 -20.00 62 -11.04
 ABUNDANCE CHANGE 63 -11.53 64 -10.92 65 -11.94 66 -10.94 67 -11.78 68 -11.11
 ABUNDANCE CHANGE 69 -12.04 70 -10.96 71 -11.28 72 -11.16 73 -11.91 74 -10.93
 ABUNDANCE CHANGE 75 -11.77 76 -10.59 77 -10.69 78 -10.24 79 -11.03 80 -10.95
 ABUNDANCE CHANGE 81 -11.14 82 -10.19 83 -11.33 84 -20.00 85 -20.00 86 -20.00
 ABUNDANCE CHANGE 87 -20.00 88 -20.00 89 -20.00 90 -11.92 91 -20.00 92 -12.51
 ABUNDANCE CHANGE 93 -20.00 94 -20.00 95 -20.00 96 -20.00 97 -20.00 98 -20.00
 ABUNDANCE CHANGE 99 -20.00
READ DECK6 72 RHOX,T,P,XNE,ABROSS,ACCRAD,VTURB
 1.82672915E-04   4407.2 5.773E-02 1.584E+08 7.300E-04 1.740E-01 2.000E+05 0.000E+00 0.000E+00
 2.45054441E-04   4423.5 7.745E-02 1.978E+08 6.960E-04 1.732E-01 2.000E+05 0.000E+00 0.000E+00
 3.32299754E-04   4440.6 1.050E-01 2.491E+08 6.637E-04 1.702E-01 2.000E+05 0.000E+00 0.000E+00
 4.53820456E-04   4460.3 1.434E-01 3.177E+08 6.377E-04 1.680E-01 2.000E+05 0.000E+00 0.000E+00
 6.22063967E-04   4482.4 1.966E-01 4.091E+08 6.178E-04 1.661E-01 2.000E+05 0.000E+00 0.000E+00
 8.52457484E-04   4506.8 2.695E-01 5.305E+08 6.044E-04 1.644E-01 2.000E+05 0.000E+00 0.000E+00
 1.16460029E-03   4533.8 3.682E-01 6.920E+08 5.981E-04 1.629E-01 2.000E+05 0.000E+00 0.000E+00
 1.58233443E-03   4563.4 5.004E-01 9.064E+08 5.993E-04 1.612E-01 2.000E+05 0.000E+00 0.000E+00
 2.13505885E-03   4595.4 6.751E-01 1.190E+09 6.082E-04 1.593E-01 2.000E+05 0.000E+00 0.000E+00
 2.85689951E-03   4629.3 9.033E-01 1.561E+09 6.244E-04 1.570E-01 2.000E+05 0.000E+00 0.000E+00
 3.78906517E-03   4664.5 1.198E+00 2.044E+09 6.481E-04 1.548E-01 2.000E+05 0.000E+00 0.000E+00
 4.98034278E-03   4700.8 1.574E+00 2.666E+09 6.795E-04 1.526E-01 2.000E+05 0.000E+00 0.000E+00
 6.48854808E-03   4737.7 2.051E+00 3.460E+09 7.188E-04 1.501E-01 2.000E+05 0.000E+00 0.000E+00
 8.38154188E-03   4775.1 2.650E+00 4.469E+09 7.668E-04 1.475E-01 2.000E+05 0.000E+00 0.000E+00
 1.07366992E-02   4812.8 3.394E+00 5.741E+09 8.255E-04 1.455E-01 2.000E+05 0.000E+00 0.000E+00
 1.36408772E-02   4850.8 4.312E+00 7.334E+09 8.965E-04 1.444E-01 2.000E+05 0.000E+00 0.000E+00
 1.71923335E-02   4889.1 5.435E+00 9.321E+09 9.813E-04 1.433E-01 2.000E+05 0.000E+00 0.000E+00
 2.15018009E-02   4927.8 6.797E+00 1.179E+10 1.082E-03 1.423E-01 2.000E+05 0.000E+00 0.000E+00
 2.66934056E-02   4966.8 8.438E+00 1.484E+10 1.202E-03 1.412E-01 2.000E+05 0.000E+00 0.000E+00
 3.29067120E-02   5006.0 1.040E+01 1.859E+10 1.344E-03 1.403E-01 2.000E+05 0.000E+00 0.000E+00
 4.02918490E-02   5045.7 1.274E+01 2.319E+10 1.512E-03 1.404E-01 2.000E+05 0.000E+00 0.000E+00
 4.90166893E-02   5085.6 1.549E+01 2.879E+10 1.711E-03 1.406E-01 2.000E+05 0.000E+00 0.000E+00
 5.92767476E-02   5125.7 1.874E+01 3.561E+10 1.944E-03 1.410E-01 2.000E+05 0.000E+00 0.000E+00
 7.12970665E-02   5166.0 2.254E+01 4.385E+10 2.217E-03 1.414E-01 2.000E+05 0.000E+00 0.000E+00
 8.53360034E-02   5206.4 2.698E+01 5.380E+10 2.534E-03 1.420E-01 2.000E+05 0.000E+00 0.000E+00
 1.01686639E-01   5247.0 3.214E+01 6.579E+10 2.906E-03 1.430E-01 2.000E+05 0.000E+00 0.000E+00
 1.20677038E-01   5287.9 3.815E+01 8.023E+10 3.341E-03 1.447E-01 2.000E+05 0.000E+00 0.000E+00
 1.42675770E-01   5329.4 4.510E+01 9.761E+10 3.850E-03 1.465E-01 2.000E+05 0.000E+00 0.000E+00
 1.68112307E-01   5371.2 5.314E+01 1.185E+11 4.444E-03 1.484E-01 2.000E+05 0.000E+00 0.000E+00
 1.97456051E-01   5413.4 6.242E+01 1.435E+11 5.144E-03 1.514E-01 2.000E+05 0.000E+00 0.000E+00
 2.31235714E-01   5456.1 7.309E+01 1.736E+11 5.962E-03 1.548E-01 2.000E+05 0.000E+00 0.000E+00
 2.70084612E-01   5499.2 8.537E+01 2.094E+11 6.915E-03 1.586E-01 2.000E+05 0.000E+00 0.000E+00
 3.14741201E-01   5542.4 9.949E+01 2.521E+11 8.023E-03 1.629E-01 2.000E+05 0.000E+00 0.000E+00
 3.66057929E-01   5585.8 1.157E+02 3.029E+11 9.313E-03 1.686E-01 2.000E+05 0.000E+00 0.000E+00
 4.24991296E-01   5629.6 1.343E+02 3.634E+11 1.082E-02 1.752E-01 2.000E+05 0.000E+00 0.000E+00
 4.92653567E-01   5673.8 1.557E+02 4.354E+11 1.257E-02 1.827E-01 2.000E+05 0.000E+00 0.000E+00
 5.70313013E-01   5718.5 1.803E+02 5.212E+11 1.460E-02 1.915E-01 2.000E+05 0.000E+00 0.000E+00
 6.59413845E-01   5763.8 2.084E+02 6.234E+11 1.697E-02 2.018E-01 2.000E+05 0.000E+00 0.000E+00
 7.61543491E-01   5809.7 2.407E+02 7.452E+11 1.977E-02 2.146E-01 2.000E+05 0.000E+00 0.000E+00
 8.78425134E-01   5856.8 2.776E+02 8.910E+11 2.305E-02 2.298E-01 2.000E+05 0.000E+00 0.000E+00
 1.01200862E+00   5905.2 3.198E+02 1.066E+12 2.691E-02 2.480E-01 2.000E+05 0.000E+00 0.000E+00
 1.16430626E+00   5955.6 3.680E+02 1.278E+12 3.153E-02 2.705E-01 2.000E+05 0.000E+00 0.000E+00
 1.33737405E+00   6008.7 4.227E+02 1.538E+12 3.707E-02 2.976E-01 2.000E+05 0.000E+00 0.000E+00
 1.53324991E+00   6065.2 4.845E+02 1.857E+12 4.377E-02 3.309E-01 2.000E+05 0.000E+00 0.000E+00
 1.75376245E+00   6126.2 5.542E+02 2.257E+12 5.202E-02 3.724E-01 2.000E+05 0.000E+00 0.000E+00
 2.00012309E+00   6192.9 6.320E+02 2.763E+12 6.238E-02 4.258E-01 2.000E+05 0.000E+00 0.000E+00
 2.27241715E+00   6267.6 7.180E+02 3.420E+12 7.576E-02 4.966E-01 2.000E+05 0.000E+00 0.000E+00
 2.56921672E+00   6352.4 8.117E+02 4.293E+12 9.340E-02 5.916E-01 2.000E+05 0.000E+00 0.000E+00
 2.88723770E+00   6450.3 9.120E+02 5.482E+12 1.174E-01 7.228E-01 2.000E+05 6.967E-17 0.000E+00
 3.22064053E+00   6565.0 1.017E+03 7.151E+12 1.513E-01 9.114E-01 2.000E+05 2.798E-14 0.000E+00
 3.55987746E+00   6701.9 1.124E+03 9.589E+12 2.020E-01 1.200E+00 2.000E+05 1.613E-12 2.200E+01
 3.89207717E+00   6866.5 1.229E+03 1.326E+13 2.812E-01 1.663E+00 2.000E+05 2.302E-10 1.311E+02
 4.20036042E+00   7073.9 1.326E+03 1.925E+13 4.180E-01 2.472E+00 2.000E+05 8.801E-08 3.973E+02
 4.46687390E+00   7326.0 1.409E+03 2.901E+13 6.658E-01 3.883E+00 2.000E+05 1.617E-04 1.181E+03
 4.68626630E+00   7601.5 1.477E+03 4.363E+13 1.089E+00 6.123E+00 2.000E+05 2.827E-02 3.495E+03
 4.86607395E+00   7881.9 1.533E+03 6.368E+13 1.772E+00 9.673E+00 2.000E+05 4.973E-02 1.136E+04
 5.00779319E+00   8224.6 1.576E+03 9.603E+13 3.120E+00 1.684E+01 2.000E+05 4.921E-02 4.551E+04
 5.11285735E+00   8620.9 1.607E+03 1.449E+14 5.718E+00 3.117E+01 2.000E+05 4.501E-02 1.259E+05
 5.18541605E+00   9132.9 1.626E+03 2.237E+14 1.126E+01 5.942E+01 2.000E+05 4.012E-02 2.552E+05
 5.23871455E+00   9617.1 1.639E+03 3.053E+14 1.854E+01 8.408E+01 2.000E+05 1.295E-01 6.117E+05
 5.28668655E+00  10056.9 1.650E+03 3.730E+14 2.541E+01 9.685E+01 2.000E+05 2.720E-01 8.402E+05
 5.33703470E+00  10488.2 1.661E+03 4.234E+14 2.999E+01 1.130E+02 2.000E+05 2.993E-01 9.330E+05
 5.39733960E+00  11094.5 1.672E+03 4.607E+14 3.149E+01 1.427E+02 2.000E+05 1.060E-01 7.117E+05
 5.48410938E+00  11919.0 1.688E+03 4.676E+14 2.615E+01 1.315E+02 2.000E+05 1.983E-02 2.116E+05
 5.63273582E+00  12805.7 1.718E+03 4.554E+14 1.918E+01 9.828E+01 2.000E+05 1.754E-02 4.484E+04
 5.91288938E+00  13788.5 1.783E+03 4.441E+14 1.329E+01 6.848E+01 2.000E+05 1.585E-02 1.118E+04
 6.43860485E+00  14822.4 1.919E+03 4.486E+14 9.755E+00 5.045E+01 2.000E+05 3.107E-03 5.899E+03
 7.36176973E+00  15962.1 2.170E+03 4.779E+14 7.683E+00 3.994E+01 2.000E+05 1.182E-08 4.140E+03
 8.84739746E+00  17163.9 2.585E+03 5.373E+14 6.649E+00 3.451E+01 2.000E+05 2.103E-09 1.899E+03
 1.10922589E+01  18465.8 3.222E+03 6.276E+14 5.972E+00 3.104E+01 2.000E+05 1.169E-10 4.192E+02
 1.43370298E+01  19852.5 4.150E+03 7.546E+14 5.635E+00 2.927E+01 2.000E+05 1.264E-12 0.000E+00
 1.88512354E+01  21337.6 5.449E+03 9.229E+14 5.446E+00 2.793E+01 2.000E+05 0.000E+00 0.000E+00
PRADK 3.6909E+00
BEGIN                    ITERATION  15 COMPLETED
