TEFF  10000.  GRAVITY 2.00000 LTE
TITLE SDSC GRID  [+0.5]   VTURB 2.0 KM/S
 OPACITY IFOP 1 1 1 1 1 1 1 1 1 1 1 1 1 0 1 0 0 0 0 0
 CONVECTION OFF  1.00 TURBULENCE OFF  0.00  0.00  0.00  0.00
ABUNDANCE SCALE   3.16200 ABUNDANCE CHANGE 1 0.91100 2 0.08900
 ABUNDANCE CHANGE  3 -10.88  4 -10.89  5  -9.44  6  -3.48  7  -3.99  8  -3.11
 ABUNDANCE CHANGE  9  -7.48 10  -3.95 11  -5.71 12  -4.46 13  -5.57 14  -4.49
 ABUNDANCE CHANGE 15  -6.59 16  -4.83 17  -6.54 18  -5.48 19  -6.82 20  -5.68
 ABUNDANCE CHANGE 21  -8.94 22  -7.05 23  -8.04 24  -6.37 25  -6.65 26  -4.37
 ABUNDANCE CHANGE 27  -7.12 28  -5.79 29  -7.83 30  -7.44 31  -9.16 32  -8.63
 ABUNDANCE CHANGE 33  -9.67 34  -8.69 35  -9.41 36  -8.81 37  -9.44 38  -9.14
 ABUNDANCE CHANGE 39  -9.80 40  -9.54 41 -10.62 42 -10.12 43 -20.00 44 -10.20
 ABUNDANCE CHANGE 45 -10.92 46 -10.35 47 -11.10 48 -10.18 49 -10.58 50 -10.04
 ABUNDANCE CHANGE 51 -11.04 52  -9.80 53 -10.53 54  -9.81 55 -10.92 56  -9.91
 ABUNDANCE CHANGE 57 -10.82 58 -10.49 59 -11.33 60 -10.54 61 -20.00 62 -11.04
 ABUNDANCE CHANGE 63 -11.53 64 -10.92 65 -11.94 66 -10.94 67 -11.78 68 -11.11
 ABUNDANCE CHANGE 69 -12.04 70 -10.96 71 -11.28 72 -11.16 73 -11.91 74 -10.93
 ABUNDANCE CHANGE 75 -11.77 76 -10.59 77 -10.69 78 -10.24 79 -11.03 80 -10.95
 ABUNDANCE CHANGE 81 -11.14 82 -10.19 83 -11.33 84 -20.00 85 -20.00 86 -20.00
 ABUNDANCE CHANGE 87 -20.00 88 -20.00 89 -20.00 90 -11.92 91 -20.00 92 -12.51
 ABUNDANCE CHANGE 93 -20.00 94 -20.00 95 -20.00 96 -20.00 97 -20.00 98 -20.00
 ABUNDANCE CHANGE 99 -20.00
READ DECK6 64 RHOX,T,P,XNE,ABROSS,ACCRAD,VTURB
 8.64505452E-06   5284.5 4.541E-04 1.614E+08 2.459E-01 4.752E+01 2.000E+05
 8.64840794E-06   5759.2 4.543E-04 2.484E+08 2.459E-01 3.633E+01 2.000E+05
 9.62622106E-06   5778.1 5.170E-04 2.811E+08 2.453E-01 3.522E+01 2.000E+05
 1.28640474E-05   5836.7 7.307E-04 3.917E+08 2.444E-01 3.271E+01 2.000E+05
 1.72143486E-05   5891.5 1.028E-03 5.430E+08 2.429E-01 3.061E+01 2.000E+05
 2.30139389E-05   5944.3 1.436E-03 7.464E+08 2.411E-01 2.885E+01 2.000E+05
 3.08665554E-05   5997.1 2.002E-03 1.023E+09 2.392E-01 2.726E+01 2.000E+05
 4.13622273E-05   6050.0 2.773E-03 1.395E+09 2.373E-01 2.579E+01 2.000E+05
 5.54826913E-05   6103.6 3.831E-03 1.895E+09 2.356E-01 2.440E+01 2.000E+05
 7.44217265E-05   6156.8 5.276E-03 2.565E+09 2.337E-01 2.309E+01 2.000E+05
 9.98763163E-05   6210.2 7.252E-03 3.463E+09 2.317E-01 2.172E+01 2.000E+05
 1.34092670E-04   6263.8 9.953E-03 4.666E+09 2.298E-01 2.051E+01 2.000E+05
 1.80026640E-04   6319.5 1.362E-02 6.271E+09 2.288E-01 1.981E+01 2.000E+05
 2.41417119E-04   6377.6 1.856E-02 8.398E+09 2.288E-01 1.931E+01 2.000E+05
 3.23128581E-04   6438.8 2.517E-02 1.121E+10 2.298E-01 1.896E+01 2.000E+05
 4.31305772E-04   6503.6 3.395E-02 1.490E+10 2.322E-01 1.871E+01 2.000E+05
 5.73702278E-04   6572.3 4.555E-02 1.974E+10 2.360E-01 1.839E+01 2.000E+05
 7.60070238E-04   6644.4 6.080E-02 2.606E+10 2.411E-01 1.798E+01 2.000E+05
 1.00276365E-03   6719.1 8.076E-02 3.427E+10 2.474E-01 1.755E+01 2.000E+05
 1.31734011E-03   6796.1 1.067E-01 4.488E+10 2.552E-01 1.725E+01 2.000E+05
 1.72306766E-03   6875.6 1.404E-01 5.854E+10 2.645E-01 1.693E+01 2.000E+05
 2.24397602E-03   6956.6 1.837E-01 7.603E+10 2.753E-01 1.671E+01 2.000E+05
 2.90968497E-03   7039.2 2.392E-01 9.826E+10 2.880E-01 1.659E+01 2.000E+05
 3.75678644E-03   7123.2 3.099E-01 1.264E+11 3.024E-01 1.644E+01 2.000E+05
 4.83127596E-03   7207.7 3.999E-01 1.619E+11 3.183E-01 1.616E+01 2.000E+05
 6.19011389E-03   7291.3 5.139E-01 2.065E+11 3.362E-01 1.604E+01 2.000E+05
 7.90243154E-03   7374.6 6.576E-01 2.622E+11 3.564E-01 1.609E+01 2.000E+05
 1.00508608E-02   7457.8 8.377E-01 3.313E+11 3.797E-01 1.630E+01 2.000E+05
 1.27340165E-02   7541.8 1.062E+00 4.166E+11 4.063E-01 1.667E+01 2.000E+05
 1.60700386E-02   7627.8 1.339E+00 5.217E+11 4.366E-01 1.693E+01 2.000E+05
 2.02031426E-02   7713.8 1.682E+00 6.502E+11 4.707E-01 1.722E+01 2.000E+05
 2.53051685E-02   7798.8 2.103E+00 8.067E+11 5.094E-01 1.773E+01 2.000E+05
 3.15769349E-02   7884.3 2.617E+00 9.961E+11 5.538E-01 1.845E+01 2.000E+05
 3.92511887E-02   7971.4 3.239E+00 1.224E+12 6.048E-01 1.941E+01 2.000E+05
 4.86004694E-02   8062.4 3.987E+00 1.497E+12 6.634E-01 2.049E+01 2.000E+05
 5.99455212E-02   8157.5 4.882E+00 1.822E+12 7.302E-01 2.178E+01 2.000E+05
 7.36729055E-02   8259.4 5.946E+00 2.209E+12 8.057E-01 2.318E+01 2.000E+05
 9.02284523E-02   8370.6 7.203E+00 2.664E+12 8.926E-01 2.494E+01 2.000E+05
 1.10120066E-01   8496.4 8.676E+00 3.198E+12 9.922E-01 2.702E+01 2.000E+05
 1.33963098E-01   8642.2 1.039E+01 3.818E+12 1.104E+00 2.936E+01 2.000E+05
 1.62619192E-01   8810.7 1.238E+01 4.531E+12 1.221E+00 3.135E+01 2.000E+05
 1.97312133E-01   9003.1 1.473E+01 5.353E+12 1.340E+00 3.317E+01 2.000E+05
 2.39612019E-01   9225.6 1.752E+01 6.297E+12 1.460E+00 3.501E+01 2.000E+05
 2.91750726E-01   9480.5 2.087E+01 7.384E+12 1.568E+00 3.623E+01 2.000E+05
 3.56929877E-01   9770.8 2.500E+01 8.659E+12 1.662E+00 3.701E+01 2.000E+05
 4.39460105E-01  10103.0 3.017E+01 1.018E+13 1.739E+00 3.750E+01 2.000E+05
 5.45764570E-01  10475.6 3.685E+01 1.204E+13 1.785E+00 3.693E+01 2.000E+05
 6.84544959E-01  10897.8 4.563E+01 1.438E+13 1.816E+00 3.652E+01 2.000E+05
 8.67258573E-01  11379.1 5.727E+01 1.732E+13 1.831E+00 3.607E+01 2.000E+05
 1.11068874E+00  11924.7 7.293E+01 2.110E+13 1.821E+00 3.525E+01 2.000E+05
 1.43933292E+00  12544.5 9.439E+01 2.603E+13 1.789E+00 3.419E+01 2.000E+05
 1.88172689E+00  13243.9 1.235E+02 3.244E+13 1.787E+00 3.416E+01 2.000E+05
 2.47419429E+00  14034.8 1.627E+02 4.073E+13 1.774E+00 3.370E+01 2.000E+05
 3.26146839E+00  14913.1 2.146E+02 5.123E+13 1.799E+00 3.423E+01 2.000E+05
 4.30797578E+00  15890.6 2.837E+02 6.414E+13 1.785E+00 3.383E+01 2.000E+05
 5.70079194E+00  16959.4 3.755E+02 7.994E+13 1.806E+00 3.427E+01 2.000E+05
 7.54595661E+00  18128.6 4.969E+02 9.915E+13 1.809E+00 3.419E+01 2.000E+05
 9.99503394E+00  19394.6 6.578E+02 1.228E+14 1.823E+00 3.445E+01 2.000E+05
 1.32671458E+01  20775.0 8.731E+02 1.522E+14 1.802E+00 3.391E+01 2.000E+05
 1.76825223E+01  22266.9 1.166E+03 1.897E+14 1.781E+00 3.346E+01 2.000E+05
 2.36160256E+01  23879.5 1.562E+03 2.370E+14 1.777E+00 3.307E+01 2.000E+05
 3.14791587E+01  25623.7 2.087E+03 2.951E+14 1.806E+00 3.344E+01 2.000E+05
 4.16342839E+01  27504.3 2.757E+03 3.633E+14 1.892E+00 3.463E+01 2.000E+05
 5.43695764E+01  29530.9 3.588E+03 4.405E+14 2.037E+00 3.491E+01 2.000E+05
PRADK 1.8216E+01
BEGIN                    ITERATION   6 COMPLETED
