TEFF   8750.  GRAVITY 4.00000 LTE 
TITLE SDSC GRID  [+0.2]   VTURB 2.0 KM/S    L/H 1.25                            
 OPACITY IFOP 1 1 1 1 1 1 1 1 1 1 1 1 1 0 1 0 0 0 0 0
 CONVECTION ON   1.25 TURBULENCE OFF  0.00  0.00  0.00  0.00
ABUNDANCE SCALE   1.58490 ABUNDANCE CHANGE 1 0.91100 2 0.08900
 ABUNDANCE CHANGE  3 -10.88  4 -10.89  5  -9.44  6  -3.48  7  -3.99  8  -3.11
 ABUNDANCE CHANGE  9  -7.48 10  -3.95 11  -5.71 12  -4.46 13  -5.57 14  -4.49
 ABUNDANCE CHANGE 15  -6.59 16  -4.83 17  -6.54 18  -5.48 19  -6.82 20  -5.68
 ABUNDANCE CHANGE 21  -8.94 22  -7.05 23  -8.04 24  -6.37 25  -6.65 26  -4.37
 ABUNDANCE CHANGE 27  -7.12 28  -5.79 29  -7.83 30  -7.44 31  -9.16 32  -8.63
 ABUNDANCE CHANGE 33  -9.67 34  -8.69 35  -9.41 36  -8.81 37  -9.44 38  -9.14
 ABUNDANCE CHANGE 39  -9.80 40  -9.54 41 -10.62 42 -10.12 43 -20.00 44 -10.20
 ABUNDANCE CHANGE 45 -10.92 46 -10.35 47 -11.10 48 -10.18 49 -10.58 50 -10.04
 ABUNDANCE CHANGE 51 -11.04 52  -9.80 53 -10.53 54  -9.81 55 -10.92 56  -9.91
 ABUNDANCE CHANGE 57 -10.82 58 -10.49 59 -11.33 60 -10.54 61 -20.00 62 -11.04
 ABUNDANCE CHANGE 63 -11.53 64 -10.92 65 -11.94 66 -10.94 67 -11.78 68 -11.11
 ABUNDANCE CHANGE 69 -12.04 70 -10.96 71 -11.28 72 -11.16 73 -11.91 74 -10.93
 ABUNDANCE CHANGE 75 -11.77 76 -10.59 77 -10.69 78 -10.24 79 -11.03 80 -10.95
 ABUNDANCE CHANGE 81 -11.14 82 -10.19 83 -11.33 84 -20.00 85 -20.00 86 -20.00
 ABUNDANCE CHANGE 87 -20.00 88 -20.00 89 -20.00 90 -11.92 91 -20.00 92 -12.51
 ABUNDANCE CHANGE 93 -20.00 94 -20.00 95 -20.00 96 -20.00 97 -20.00 98 -20.00
 ABUNDANCE CHANGE 99 -20.00
READ DECK6 72 RHOX,T,P,XNE,ABROSS,ACCRAD,VTURB
 1.23606718E-05   5347.4 1.235E-01 4.619E+09 1.079E-02 6.100E+00 2.000E+05 0.000E+00 0.000E+00
 1.65709968E-05   5375.8 1.656E-01 5.804E+09 1.034E-02 5.962E+00 2.000E+05 0.000E+00 0.000E+00
 2.24077934E-05   5407.5 2.239E-01 7.383E+09 9.984E-03 5.757E+00 2.000E+05 0.000E+00 0.000E+00
 3.04234917E-05   5443.2 3.041E-01 9.498E+09 9.750E-03 5.533E+00 2.000E+05 0.000E+00 0.000E+00
 4.13194856E-05   5482.1 4.130E-01 1.231E+10 9.630E-03 5.311E+00 2.000E+05 0.000E+00 0.000E+00
 5.59531136E-05   5523.1 5.592E-01 1.598E+10 9.606E-03 5.086E+00 2.000E+05 0.000E+00 0.000E+00
 7.54238261E-05   5565.4 7.538E-01 2.075E+10 9.667E-03 4.860E+00 2.000E+05 0.000E+00 0.000E+00
 1.01124456E-04   5608.1 1.011E+00 2.684E+10 9.799E-03 4.642E+00 2.000E+05 0.000E+00 0.000E+00
 1.34819947E-04   5650.6 1.348E+00 3.454E+10 9.997E-03 4.442E+00 2.000E+05 0.000E+00 0.000E+00
 1.78741059E-04   5692.4 1.787E+00 4.419E+10 1.026E-02 4.271E+00 2.000E+05 0.000E+00 0.000E+00
 2.35665278E-04   5733.3 2.356E+00 5.617E+10 1.058E-02 4.134E+00 2.000E+05 0.000E+00 0.000E+00
 3.08932621E-04   5774.0 3.088E+00 7.104E+10 1.101E-02 4.033E+00 2.000E+05 0.000E+00 0.000E+00
 4.02354591E-04   5815.0 4.022E+00 8.951E+10 1.157E-02 3.962E+00 2.000E+05 0.000E+00 0.000E+00
 5.20218408E-04   5856.6 5.200E+00 1.123E+11 1.230E-02 3.911E+00 2.000E+05 0.000E+00 0.000E+00
 6.67285055E-04   5898.9 6.670E+00 1.404E+11 1.321E-02 3.875E+00 2.000E+05 0.000E+00 0.000E+00
 8.48773012E-04   5942.0 8.484E+00 1.749E+11 1.435E-02 3.849E+00 2.000E+05 0.000E+00 0.000E+00
 1.07038345E-03   5986.0 1.070E+01 2.170E+11 1.575E-02 3.834E+00 2.000E+05 0.000E+00 0.000E+00
 1.33834764E-03   6030.9 1.338E+01 2.682E+11 1.745E-02 3.829E+00 2.000E+05 0.000E+00 0.000E+00
 1.65959730E-03   6076.7 1.659E+01 3.301E+11 1.948E-02 3.828E+00 2.000E+05 0.000E+00 0.000E+00
 2.04194272E-03   6123.0 2.041E+01 4.047E+11 2.189E-02 3.831E+00 2.000E+05 0.000E+00 0.000E+00
 2.49427459E-03   6170.0 2.493E+01 4.941E+11 2.474E-02 3.837E+00 2.000E+05 0.000E+00 0.000E+00
 3.02659867E-03   6217.4 3.025E+01 6.009E+11 2.810E-02 3.851E+00 2.000E+05 0.000E+00 0.000E+00
 3.65046660E-03   6265.1 3.649E+01 7.280E+11 3.202E-02 3.876E+00 2.000E+05 0.000E+00 0.000E+00
 4.37954418E-03   6313.0 4.378E+01 8.786E+11 3.658E-02 3.906E+00 2.000E+05 0.000E+00 0.000E+00
 5.23008955E-03   6360.8 5.228E+01 1.056E+12 4.183E-02 3.941E+00 2.000E+05 0.000E+00 0.000E+00
 6.22152256E-03   6408.3 6.219E+01 1.264E+12 4.787E-02 3.984E+00 2.000E+05 0.000E+00 0.000E+00
 7.37712374E-03   6455.3 7.374E+01 1.508E+12 5.475E-02 4.036E+00 2.000E+05 0.000E+00 0.000E+00
 8.72465599E-03   6501.8 8.721E+01 1.792E+12 6.260E-02 4.103E+00 2.000E+05 0.000E+00 0.000E+00
 1.02968011E-02   6547.9 1.029E+02 2.123E+12 7.154E-02 4.189E+00 2.000E+05 0.000E+00 0.000E+00
 1.21310970E-02   6593.9 1.213E+02 2.510E+12 8.178E-02 4.298E+00 2.000E+05 0.000E+00 0.000E+00
 1.42705578E-02   6639.8 1.426E+02 2.962E+12 9.352E-02 4.431E+00 2.000E+05 0.000E+00 0.000E+00
 1.67648764E-02   6685.9 1.676E+02 3.489E+12 1.070E-01 4.587E+00 2.000E+05 0.000E+00 0.000E+00
 1.96716635E-02   6732.2 1.966E+02 4.104E+12 1.224E-01 4.765E+00 2.000E+05 0.000E+00 0.000E+00
 2.30580795E-02   6778.8 2.305E+02 4.822E+12 1.402E-01 4.970E+00 2.000E+05 0.000E+00 0.000E+00
 2.70025742E-02   6825.6 2.699E+02 5.660E+12 1.605E-01 5.205E+00 2.000E+05 0.000E+00 0.000E+00
 3.15964256E-02   6872.9 3.158E+02 6.638E+12 1.838E-01 5.477E+00 2.000E+05 0.000E+00 0.000E+00
 3.69426000E-02   6920.9 3.693E+02 7.784E+12 2.107E-01 5.804E+00 2.000E+05 0.000E+00 0.000E+00
 4.31576298E-02   6969.9 4.314E+02 9.128E+12 2.419E-01 6.181E+00 2.000E+05 0.000E+00 0.000E+00
 5.03741703E-02   7020.1 5.035E+02 1.071E+13 2.779E-01 6.620E+00 2.000E+05 0.000E+00 0.000E+00
 5.87416982E-02   7071.7 5.871E+02 1.257E+13 3.199E-01 7.136E+00 2.000E+05 0.000E+00 0.000E+00
 6.84187520E-02   7125.5 6.838E+02 1.478E+13 3.696E-01 7.760E+00 2.000E+05 0.000E+00 0.000E+00
 7.95646075E-02   7182.5 7.952E+02 1.742E+13 4.289E-01 8.520E+00 2.000E+05 0.000E+00 0.000E+00
 9.23357567E-02   7243.8 9.228E+02 2.062E+13 5.007E-01 9.457E+00 2.000E+05 0.000E+00 0.000E+00
 1.06863132E-01   7311.2 1.068E+03 2.454E+13 5.896E-01 1.064E+01 2.000E+05 0.000E+00 0.000E+00
 1.23223690E-01   7386.4 1.231E+03 2.944E+13 7.022E-01 1.215E+01 2.000E+05 0.000E+00 0.000E+00
 1.41423208E-01   7471.4 1.413E+03 3.564E+13 8.475E-01 1.412E+01 2.000E+05 0.000E+00 0.000E+00
 1.61372744E-01   7568.5 1.612E+03 4.359E+13 1.040E+00 1.673E+01 2.000E+05 3.698E-17 0.000E+00
 1.82831295E-01   7680.7 1.826E+03 5.401E+13 1.303E+00 2.028E+01 2.000E+05 6.736E-14 2.965E+01
 2.05399744E-01   7810.7 2.052E+03 6.782E+13 1.672E+00 2.521E+01 2.000E+05 3.007E-12 2.111E+02
 2.28548673E-01   7961.9 2.282E+03 8.641E+13 2.203E+00 3.223E+01 2.000E+05 2.606E-11 4.145E+02
 2.51626870E-01   8138.2 2.512E+03 1.118E+14 2.993E+00 4.249E+01 2.000E+05 1.505E-10 7.126E+02
 2.73889497E-01   8344.7 2.734E+03 1.470E+14 4.210E+00 5.780E+01 2.000E+05 1.028E-09 1.301E+03
 2.94650296E-01   8584.1 2.940E+03 1.956E+14 6.116E+00 8.110E+01 2.000E+05 1.096E-08 2.771E+03
 3.13432666E-01   8861.3 3.126E+03 2.626E+14 9.140E+00 1.168E+02 2.000E+05 1.925E-07 6.994E+03
 3.29969415E-01   9183.8 3.289E+03 3.541E+14 1.397E+01 1.718E+02 2.000E+05 4.211E-06 1.909E+04
 3.44466271E-01   9543.9 3.431E+03 4.708E+14 2.111E+01 2.509E+02 2.000E+05 8.838E-05 5.139E+04
 3.57235292E-01   9971.0 3.555E+03 6.178E+14 3.148E+01 3.635E+02 2.000E+05 8.516E-04 1.131E+05
 3.69250718E-01  10434.0 3.670E+03 7.711E+14 4.255E+01 4.805E+02 2.000E+05 2.254E-03 1.687E+05
 3.81707908E-01  10987.2 3.788E+03 9.175E+14 5.217E+01 5.859E+02 2.000E+05 2.054E-03 1.745E+05
 3.96418795E-01  11588.6 3.926E+03 1.020E+15 5.424E+01 6.081E+02 2.000E+05 4.566E-04 1.018E+05
 4.16899365E-01  12299.1 4.119E+03 1.084E+15 4.873E+01 5.497E+02 2.000E+05 2.132E-05 2.874E+04
 4.48574570E-01  13058.9 4.420E+03 1.133E+15 4.007E+01 4.508E+02 2.000E+05 2.807E-07 6.637E+03
 5.01504842E-01  13931.9 4.928E+03 1.203E+15 3.163E+01 3.554E+02 2.000E+05 2.240E-09 1.625E+03
 5.89520301E-01  14855.1 5.780E+03 1.335E+15 2.589E+01 2.884E+02 2.000E+05 4.102E-11 6.169E+02
 7.30094219E-01  15888.9 7.149E+03 1.557E+15 2.210E+01 2.453E+02 2.000E+05 4.027E-11 5.790E+02
 9.40532861E-01  16983.1 9.204E+03 1.897E+15 2.041E+01 2.255E+02 2.000E+05 1.110E-10 7.881E+02
 1.23926004E+00  18197.0 1.213E+04 2.363E+15 1.945E+01 2.146E+02 2.000E+05 7.583E-11 6.504E+02
 1.65017128E+00  19486.4 1.615E+04 2.965E+15 1.909E+01 2.101E+02 2.000E+05 6.884E-12 0.000E+00
 2.20715876E+00  20907.8 2.160E+04 3.716E+15 1.882E+01 2.070E+02 2.000E+05 0.000E+00 0.000E+00
 2.95449227E+00  22420.6 2.892E+04 4.650E+15 1.885E+01 2.069E+02 2.000E+05 5.545E-18 0.000E+00
 3.94391223E+00  24073.4 3.861E+04 5.789E+15 1.909E+01 2.084E+02 2.000E+05 0.000E+00 0.000E+00
 5.23737965E+00  25838.7 5.128E+04 7.168E+15 1.958E+01 2.034E+02 2.000E+05 0.000E+00 0.000E+00
PRADK 7.8376E+00
BEGIN                    ITERATION  15 COMPLETED
