TEFF  10500.  GRAVITY 3.50000 LTE 
TITLE SDSC GRID  [+0.3]   VTURB 2.0 KM/S                                        
 OPACITY IFOP 1 1 1 1 1 1 1 1 1 1 1 1 1 0 1 0 0 0 0 0
 CONVECTION OFF  1.00 TURBULENCE OFF  0.00  0.00  0.00  0.00
ABUNDANCE SCALE   1.99530 ABUNDANCE CHANGE 1 0.91100 2 0.08900
 ABUNDANCE CHANGE  3 -10.88  4 -10.89  5  -9.44  6  -3.48  7  -3.99  8  -3.11
 ABUNDANCE CHANGE  9  -7.48 10  -3.95 11  -5.71 12  -4.46 13  -5.57 14  -4.49
 ABUNDANCE CHANGE 15  -6.59 16  -4.83 17  -6.54 18  -5.48 19  -6.82 20  -5.68
 ABUNDANCE CHANGE 21  -8.94 22  -7.05 23  -8.04 24  -6.37 25  -6.65 26  -4.37
 ABUNDANCE CHANGE 27  -7.12 28  -5.79 29  -7.83 30  -7.44 31  -9.16 32  -8.63
 ABUNDANCE CHANGE 33  -9.67 34  -8.69 35  -9.41 36  -8.81 37  -9.44 38  -9.14
 ABUNDANCE CHANGE 39  -9.80 40  -9.54 41 -10.62 42 -10.12 43 -20.00 44 -10.20
 ABUNDANCE CHANGE 45 -10.92 46 -10.35 47 -11.10 48 -10.18 49 -10.58 50 -10.04
 ABUNDANCE CHANGE 51 -11.04 52  -9.80 53 -10.53 54  -9.81 55 -10.92 56  -9.91
 ABUNDANCE CHANGE 57 -10.82 58 -10.49 59 -11.33 60 -10.54 61 -20.00 62 -11.04
 ABUNDANCE CHANGE 63 -11.53 64 -10.92 65 -11.94 66 -10.94 67 -11.78 68 -11.11
 ABUNDANCE CHANGE 69 -12.04 70 -10.96 71 -11.28 72 -11.16 73 -11.91 74 -10.93
 ABUNDANCE CHANGE 75 -11.77 76 -10.59 77 -10.69 78 -10.24 79 -11.03 80 -10.95
 ABUNDANCE CHANGE 81 -11.14 82 -10.19 83 -11.33 84 -20.00 85 -20.00 86 -20.00
 ABUNDANCE CHANGE 87 -20.00 88 -20.00 89 -20.00 90 -11.92 91 -20.00 92 -12.51
 ABUNDANCE CHANGE 93 -20.00 94 -20.00 95 -20.00 96 -20.00 97 -20.00 98 -20.00
 ABUNDANCE CHANGE 99 -20.00
READ DECK6 64 RHOX,T,P,XNE,ABROSS,ACCRAD,VTURB
 8.86911152E-06   5820.0 2.731E-02 5.965E+09 1.885E-01 8.294E+01 2.000E+05
 9.43618424E-06   6299.2 2.906E-02 1.157E+10 1.885E-01 6.466E+01 2.000E+05
 1.25656857E-05   6360.7 3.876E-02 1.521E+10 1.904E-01 6.097E+01 2.000E+05
 1.66835451E-05   6425.2 5.154E-02 1.998E+10 1.934E-01 5.789E+01 2.000E+05
 2.20900973E-05   6487.9 6.833E-02 2.611E+10 1.964E-01 5.529E+01 2.000E+05
 2.91902342E-05   6549.5 9.040E-02 3.401E+10 1.995E-01 5.318E+01 2.000E+05
 3.85058310E-05   6610.7 1.194E-01 4.418E+10 2.029E-01 5.124E+01 2.000E+05
 5.07082829E-05   6671.9 1.574E-01 5.726E+10 2.068E-01 4.910E+01 2.000E+05
 6.66510649E-05   6733.4 2.070E-01 7.403E+10 2.115E-01 4.734E+01 2.000E+05
 8.73985592E-05   6795.2 2.716E-01 9.546E+10 2.171E-01 4.595E+01 2.000E+05
 1.14283641E-04   6857.4 3.554E-01 1.227E+11 2.239E-01 4.482E+01 2.000E+05
 1.48959607E-04   6920.1 4.636E-01 1.573E+11 2.321E-01 4.389E+01 2.000E+05
 1.93435242E-04   6983.7 6.023E-01 2.010E+11 2.421E-01 4.332E+01 2.000E+05
 2.50085153E-04   7048.8 7.790E-01 2.559E+11 2.544E-01 4.308E+01 2.000E+05
 3.21659912E-04   7116.4 1.002E+00 3.249E+11 2.697E-01 4.290E+01 2.000E+05
 4.11339615E-04   7186.7 1.282E+00 4.110E+11 2.881E-01 4.248E+01 2.000E+05
 5.22817078E-04   7258.4 1.630E+00 5.176E+11 3.102E-01 4.221E+01 2.000E+05
 6.60388461E-04   7331.0 2.059E+00 6.485E+11 3.363E-01 4.206E+01 2.000E+05
 8.29139771E-04   7403.4 2.586E+00 8.078E+11 3.665E-01 4.205E+01 2.000E+05
 1.03521449E-03   7474.7 3.229E+00 1.000E+12 4.008E-01 4.225E+01 2.000E+05
 1.28610261E-03   7544.7 4.011E+00 1.232E+12 4.395E-01 4.248E+01 2.000E+05
 1.59095899E-03   7612.8 4.962E+00 1.509E+12 4.827E-01 4.289E+01 2.000E+05
 1.96078625E-03   7679.3 6.116E+00 1.840E+12 5.311E-01 4.343E+01 2.000E+05
 2.40857435E-03   7743.8 7.512E+00 2.234E+12 5.855E-01 4.437E+01 2.000E+05
 2.94951934E-03   7806.8 9.199E+00 2.701E+12 6.471E-01 4.574E+01 2.000E+05
 3.60122219E-03   7869.5 1.123E+01 3.256E+12 7.173E-01 4.739E+01 2.000E+05
 4.38403585E-03   7932.2 1.367E+01 3.914E+12 7.974E-01 4.929E+01 2.000E+05
 5.32165555E-03   7994.6 1.658E+01 4.690E+12 8.890E-01 5.156E+01 2.000E+05
 6.44179051E-03   8056.6 2.007E+01 5.603E+12 9.935E-01 5.421E+01 2.000E+05
 7.77679022E-03   8118.5 2.421E+01 6.676E+12 1.113E+00 5.740E+01 2.000E+05
 9.36441908E-03   8181.9 2.914E+01 7.940E+12 1.249E+00 6.092E+01 2.000E+05
 1.12487777E-02   8246.5 3.498E+01 9.427E+12 1.405E+00 6.500E+01 2.000E+05
 1.34794860E-02   8313.5 4.189E+01 1.118E+13 1.585E+00 6.982E+01 2.000E+05
 1.61096433E-02   8383.8 5.001E+01 1.325E+13 1.797E+00 7.564E+01 2.000E+05
 1.91945930E-02   8460.0 5.952E+01 1.570E+13 2.049E+00 8.270E+01 2.000E+05
 2.27876561E-02   8544.4 7.057E+01 1.861E+13 2.355E+00 9.128E+01 2.000E+05
 2.69377436E-02   8639.7 8.330E+01 2.209E+13 2.731E+00 1.018E+02 2.000E+05
 3.16895470E-02   8749.7 9.781E+01 2.626E+13 3.194E+00 1.143E+02 2.000E+05
 3.70913968E-02   8879.4 1.142E+02 3.127E+13 3.757E+00 1.284E+02 2.000E+05
 4.32030093E-02   9026.7 1.327E+02 3.718E+13 4.435E+00 1.449E+02 2.000E+05
 5.00964805E-02   9196.5 1.535E+02 4.413E+13 5.243E+00 1.641E+02 2.000E+05
 5.78940437E-02   9393.5 1.768E+02 5.220E+13 6.164E+00 1.849E+02 2.000E+05
 6.68056460E-02   9621.6 2.032E+02 6.143E+13 7.129E+00 2.046E+02 2.000E+05
 7.71718108E-02   9884.5 2.338E+02 7.186E+13 8.097E+00 2.238E+02 2.000E+05
 8.95404689E-02  10187.3 2.700E+02 8.359E+13 8.901E+00 2.367E+02 2.000E+05
 1.04803080E-01  10533.9 3.146E+02 9.698E+13 9.473E+00 2.433E+02 2.000E+05
 1.24192414E-01  10930.3 3.712E+02 1.126E+14 9.820E+00 2.455E+02 2.000E+05
 1.49518663E-01  11386.7 4.451E+02 1.316E+14 9.887E+00 2.419E+02 2.000E+05
 1.83611217E-01  11899.1 5.448E+02 1.556E+14 9.671E+00 2.320E+02 2.000E+05
 2.30401134E-01  12489.6 6.821E+02 1.867E+14 9.340E+00 2.227E+02 2.000E+05
 2.95449919E-01  13155.3 8.737E+02 2.281E+14 8.902E+00 2.112E+02 2.000E+05
 3.86971044E-01  13912.6 1.144E+03 2.836E+14 8.411E+00 1.990E+02 2.000E+05
 5.14903442E-01  14757.8 1.524E+03 3.583E+14 8.106E+00 1.911E+02 2.000E+05
 6.91418733E-01  15695.7 2.049E+03 4.575E+14 7.862E+00 1.836E+02 2.000E+05
 9.30732684E-01  16718.6 2.762E+03 5.858E+14 7.812E+00 1.809E+02 2.000E+05
 1.25347462E+00  17838.8 3.725E+03 7.473E+14 7.687E+00 1.771E+02 2.000E+05
 1.68697931E+00  19057.2 5.019E+03 9.478E+14 7.699E+00 1.769E+02 2.000E+05
 2.26709574E+00  20388.4 6.752E+03 1.195E+15 7.635E+00 1.750E+02 2.000E+05
 3.04212656E+00  21828.7 9.067E+03 1.501E+15 7.670E+00 1.756E+02 2.000E+05
 4.07089865E+00  23393.9 1.214E+04 1.876E+15 7.705E+00 1.751E+02 2.000E+05
 5.43012639E+00  25082.2 1.620E+04 2.335E+15 7.822E+00 1.771E+02 2.000E+05
 7.20599015E+00  26908.4 2.150E+04 2.889E+15 8.027E+00 1.797E+02 2.000E+05
 9.49715980E+00  28882.6 2.832E+04 3.547E+15 8.360E+00 1.851E+02 2.000E+05
 1.23850649E+01  31006.9 3.693E+04 4.309E+15 8.962E+00 1.827E+02 2.000E+05
PRADK 2.1878E+01
BEGIN                    ITERATION   6 COMPLETED
