TEFF   6500.  GRAVITY 4.50000 LTE
TITLE SDSC GRID  [+0.5]   VTURB 2.0 KM/S    L/H 1.25
 OPACITY IFOP 1 1 1 1 1 1 1 1 1 1 1 1 1 0 1 0 0 0 0 0
 CONVECTION ON   1.25 TURBULENCE OFF  0.00  0.00  0.00  0.00
ABUNDANCE SCALE   3.16200 ABUNDANCE CHANGE 1 0.91100 2 0.08900
 ABUNDANCE CHANGE  3 -10.88  4 -10.89  5  -9.44  6  -3.48  7  -3.99  8  -3.11
 ABUNDANCE CHANGE  9  -7.48 10  -3.95 11  -5.71 12  -4.46 13  -5.57 14  -4.49
 ABUNDANCE CHANGE 15  -6.59 16  -4.83 17  -6.54 18  -5.48 19  -6.82 20  -5.68
 ABUNDANCE CHANGE 21  -8.94 22  -7.05 23  -8.04 24  -6.37 25  -6.65 26  -4.37
 ABUNDANCE CHANGE 27  -7.12 28  -5.79 29  -7.83 30  -7.44 31  -9.16 32  -8.63
 ABUNDANCE CHANGE 33  -9.67 34  -8.69 35  -9.41 36  -8.81 37  -9.44 38  -9.14
 ABUNDANCE CHANGE 39  -9.80 40  -9.54 41 -10.62 42 -10.12 43 -20.00 44 -10.20
 ABUNDANCE CHANGE 45 -10.92 46 -10.35 47 -11.10 48 -10.18 49 -10.58 50 -10.04
 ABUNDANCE CHANGE 51 -11.04 52  -9.80 53 -10.53 54  -9.81 55 -10.92 56  -9.91
 ABUNDANCE CHANGE 57 -10.82 58 -10.49 59 -11.33 60 -10.54 61 -20.00 62 -11.04
 ABUNDANCE CHANGE 63 -11.53 64 -10.92 65 -11.94 66 -10.94 67 -11.78 68 -11.11
 ABUNDANCE CHANGE 69 -12.04 70 -10.96 71 -11.28 72 -11.16 73 -11.91 74 -10.93
 ABUNDANCE CHANGE 75 -11.77 76 -10.59 77 -10.69 78 -10.24 79 -11.03 80 -10.95
 ABUNDANCE CHANGE 81 -11.14 82 -10.19 83 -11.33 84 -20.00 85 -20.00 86 -20.00
 ABUNDANCE CHANGE 87 -20.00 88 -20.00 89 -20.00 90 -11.92 91 -20.00 92 -12.51
 ABUNDANCE CHANGE 93 -20.00 94 -20.00 95 -20.00 96 -20.00 97 -20.00 98 -20.00
 ABUNDANCE CHANGE 99 -20.00
READ DECK6 72 RHOX,T,P,XNE,ABROSS,ACCRAD,VTURB
 2.43584951E-04   4100.8 7.703E+00 4.960E+09 5.475E-04 2.820E-01 2.000E+05 0.000E+00 0.000E+00
 3.19097715E-04   4119.8 1.009E+01 6.436E+09 6.305E-04 3.040E-01 2.000E+05 0.000E+00 0.000E+00
 4.06831567E-04   4139.3 1.287E+01 8.133E+09 7.215E-04 3.233E-01 2.000E+05 0.000E+00 0.000E+00
 5.09270135E-04   4161.8 1.610E+01 1.010E+10 8.226E-04 3.354E-01 2.000E+05 0.000E+00 0.000E+00
 6.29183160E-04   4186.0 1.990E+01 1.238E+10 9.356E-04 3.441E-01 2.000E+05 0.000E+00 0.000E+00
 7.69929519E-04   4211.7 2.435E+01 1.503E+10 1.062E-03 3.480E-01 2.000E+05 0.000E+00 0.000E+00
 9.35341945E-04   4238.4 2.958E+01 1.813E+10 1.205E-03 3.472E-01 2.000E+05 0.000E+00 0.000E+00
 1.12991893E-03   4265.5 3.573E+01 2.175E+10 1.365E-03 3.452E-01 2.000E+05 0.000E+00 0.000E+00
 1.35885278E-03   4292.8 4.297E+01 2.598E+10 1.548E-03 3.426E-01 2.000E+05 0.000E+00 0.000E+00
 1.62799706E-03   4319.9 5.148E+01 3.092E+10 1.756E-03 3.389E-01 2.000E+05 0.000E+00 0.000E+00
 1.94406578E-03   4346.8 6.148E+01 3.668E+10 1.996E-03 3.347E-01 2.000E+05 0.000E+00 0.000E+00
 2.31485373E-03   4373.2 7.320E+01 4.339E+10 2.269E-03 3.317E-01 2.000E+05 0.000E+00 0.000E+00
 2.74957716E-03   4399.2 8.695E+01 5.120E+10 2.581E-03 3.306E-01 2.000E+05 0.000E+00 0.000E+00
 3.25918939E-03   4425.0 1.031E+02 6.030E+10 2.937E-03 3.296E-01 2.000E+05 0.000E+00 0.000E+00
 3.85666074E-03   4450.7 1.220E+02 7.090E+10 3.340E-03 3.308E-01 2.000E+05 0.000E+00 0.000E+00
 4.55692049E-03   4476.5 1.441E+02 8.323E+10 3.801E-03 3.326E-01 2.000E+05 0.000E+00 0.000E+00
 5.37709333E-03   4502.4 1.700E+02 9.758E+10 4.329E-03 3.349E-01 2.000E+05 0.000E+00 0.000E+00
 6.33721162E-03   4528.7 2.004E+02 1.143E+11 4.933E-03 3.378E-01 2.000E+05 0.000E+00 0.000E+00
 7.46071692E-03   4555.5 2.359E+02 1.337E+11 5.622E-03 3.409E-01 2.000E+05 0.000E+00 0.000E+00
 8.77496774E-03   4582.9 2.775E+02 1.563E+11 6.410E-03 3.450E-01 2.000E+05 0.000E+00 0.000E+00
 1.03123657E-02   4611.2 3.261E+02 1.825E+11 7.306E-03 3.496E-01 2.000E+05 0.000E+00 0.000E+00
 1.21115823E-02   4640.6 3.830E+02 2.131E+11 8.323E-03 3.545E-01 2.000E+05 0.000E+00 0.000E+00
 1.42173915E-02   4670.8 4.496E+02 2.488E+11 9.485E-03 3.589E-01 2.000E+05 0.000E+00 0.000E+00
 1.66814515E-02   4702.0 5.275E+02 2.903E+11 1.081E-02 3.628E-01 2.000E+05 0.000E+00 0.000E+00
 1.95641183E-02   4733.9 6.187E+02 3.386E+11 1.232E-02 3.665E-01 2.000E+05 0.000E+00 0.000E+00
 2.29358735E-02   4766.4 7.253E+02 3.950E+11 1.405E-02 3.699E-01 2.000E+05 0.000E+00 0.000E+00
 2.68784050E-02   4799.5 8.500E+02 4.606E+11 1.603E-02 3.743E-01 2.000E+05 0.000E+00 0.000E+00
 3.14871847E-02   4833.2 9.957E+02 5.370E+11 1.828E-02 3.797E-01 2.000E+05 0.000E+00 0.000E+00
 3.68749249E-02   4867.6 1.166E+03 6.260E+11 2.086E-02 3.870E-01 2.000E+05 0.000E+00 0.000E+00
 4.31731083E-02   4902.6 1.365E+03 7.298E+11 2.379E-02 3.947E-01 2.000E+05 0.000E+00 0.000E+00
 5.05346980E-02   4938.3 1.598E+03 8.507E+11 2.715E-02 4.030E-01 2.000E+05 0.000E+00 0.000E+00
 5.91381144E-02   4974.4 1.870E+03 9.918E+11 3.098E-02 4.122E-01 2.000E+05 0.000E+00 0.000E+00
 6.91941696E-02   5011.1 2.188E+03 1.156E+12 3.534E-02 4.221E-01 2.000E+05 0.000E+00 0.000E+00
 8.09401649E-02   5048.0 2.560E+03 1.348E+12 4.037E-02 4.383E-01 2.000E+05 0.000E+00 0.000E+00
 9.46561606E-02   5086.0 2.993E+03 1.572E+12 4.609E-02 4.549E-01 2.000E+05 0.000E+00 0.000E+00
 1.10677492E-01   5125.0 3.500E+03 1.833E+12 5.262E-02 4.738E-01 2.000E+05 0.000E+00 0.000E+00
 1.29387166E-01   5165.0 4.092E+03 2.139E+12 6.010E-02 4.953E-01 2.000E+05 0.000E+00 0.000E+00
 1.51233755E-01   5206.0 4.782E+03 2.497E+12 6.863E-02 5.189E-01 2.000E+05 0.000E+00 0.000E+00
 1.76743189E-01   5248.0 5.589E+03 2.916E+12 7.838E-02 5.450E-01 2.000E+05 0.000E+00 0.000E+00
 2.06528134E-01   5291.1 6.531E+03 3.408E+12 8.952E-02 5.745E-01 2.000E+05 0.000E+00 0.000E+00
 2.41303830E-01   5335.5 7.631E+03 3.986E+12 1.023E-01 6.078E-01 2.000E+05 0.000E+00 0.000E+00
 2.81885974E-01   5381.5 8.914E+03 4.666E+12 1.169E-01 6.480E-01 2.000E+05 0.000E+00 0.000E+00
 3.29132155E-01   5430.1 1.041E+04 5.470E+12 1.341E-01 7.015E-01 2.000E+05 0.000E+00 0.000E+00
 3.84006338E-01   5483.0 1.214E+04 6.428E+12 1.541E-01 7.650E-01 2.000E+05 0.000E+00 0.000E+00
 4.47667944E-01   5540.6 1.416E+04 7.578E+12 1.772E-01 8.363E-01 2.000E+05 0.000E+00 0.000E+00
 5.21445942E-01   5604.0 1.649E+04 8.975E+12 2.041E-01 9.177E-01 2.000E+05 0.000E+00 0.000E+00
 6.06781136E-01   5674.2 1.919E+04 1.069E+13 2.356E-01 1.012E+00 2.000E+05 0.000E+00 0.000E+00
 7.05172752E-01   5752.7 2.230E+04 1.286E+13 2.731E-01 1.124E+00 2.000E+05 0.000E+00 0.000E+00
 8.17522071E-01   5842.9 2.585E+04 1.565E+13 3.216E-01 1.288E+00 2.000E+05 0.000E+00 0.000E+00
 9.43927867E-01   5950.2 2.985E+04 1.945E+13 3.836E-01 1.494E+00 2.000E+05 2.786E-10 0.000E+00
 1.08417908E+00   6074.3 3.428E+04 2.476E+13 4.652E-01 1.770E+00 2.000E+05 1.330E-08 0.000E+00
 1.23599863E+00   6226.0 3.908E+04 3.281E+13 5.840E-01 2.198E+00 2.000E+05 4.263E-07 0.000E+00
 1.39255248E+00   6423.6 4.403E+04 4.656E+13 7.800E-01 2.919E+00 2.000E+05 9.615E-05 0.000E+00
 1.54373427E+00   6670.8 4.881E+04 7.106E+13 1.109E+00 3.987E+00 2.000E+05 3.850E-03 1.040E+03
 1.68272491E+00   6930.0 5.321E+04 1.096E+14 1.616E+00 5.315E+00 2.000E+05 6.111E-02 2.557E+03
 1.81378573E+00   7149.9 5.735E+04 1.572E+14 2.227E+00 6.510E+00 2.000E+05 1.364E-01 3.967E+03
 1.94203421E+00   7359.9 6.141E+04 2.192E+14 3.020E+00 7.949E+00 2.000E+05 2.096E-01 9.538E+03
 2.06666647E+00   7598.5 6.535E+04 3.129E+14 4.210E+00 1.015E+01 2.000E+05 2.773E-01 2.583E+04
 2.18361612E+00   7872.6 6.905E+04 4.579E+14 6.105E+00 1.365E+01 2.000E+05 3.370E-01 6.047E+04
 2.28890650E+00   8190.8 7.237E+04 6.881E+14 9.222E+00 1.905E+01 2.000E+05 3.894E-01 9.797E+04
 2.38098889E+00   8536.4 7.528E+04 1.032E+15 1.422E+01 2.751E+01 2.000E+05 4.312E-01 1.609E+05
 2.45711765E+00   8947.4 7.769E+04 1.597E+15 2.323E+01 3.732E+01 2.000E+05 5.079E-01 2.644E+05
 2.52403936E+00   9254.8 7.980E+04 2.159E+15 3.302E+01 3.493E+01 2.000E+05 6.889E-01 2.899E+05
 2.58952655E+00   9503.5 8.187E+04 2.720E+15 4.340E+01 3.082E+01 2.000E+05 7.885E-01 2.948E+05
 2.65774242E+00   9717.6 8.403E+04 3.290E+15 5.442E+01 2.730E+01 2.000E+05 8.489E-01 2.944E+05
 2.73132651E+00   9915.9 8.635E+04 3.897E+15 6.651E+01 2.514E+01 2.000E+05 8.890E-01 2.959E+05
 2.81220186E+00  10108.9 8.891E+04 4.568E+15 8.015E+01 2.297E+01 2.000E+05 9.148E-01 2.929E+05
 2.90261344E+00  10290.5 9.176E+04 5.281E+15 9.482E+01 2.131E+01 2.000E+05 9.336E-01 2.917E+05
 3.00448994E+00  10480.9 9.498E+04 6.113E+15 1.122E+02 1.991E+01 2.000E+05 9.474E-01 2.893E+05
 3.12029731E+00  10660.4 9.864E+04 6.996E+15 1.307E+02 1.854E+01 2.000E+05 9.581E-01 2.873E+05
 3.25246965E+00  10857.7 1.028E+05 8.061E+15 1.531E+02 1.747E+01 2.000E+05 9.662E-01 2.846E+05
 3.40433548E+00  11040.7 1.076E+05 9.178E+15 1.762E+02 1.709E+01 2.000E+05 9.713E-01 2.823E+05
PRADK 2.3731E+00
BEGIN                    ITERATION  15 COMPLETED
