EFF   5250.  GRAVITY 4.50000 LTE 
ITLE SDSC GRID  [-3.5]   VTURB 2.0 KM/S    L/H 1.25                            
OPACITY IFOP 1 1 1 1 1 1 1 1 1 1 1 1 1 0 1 0 0 0 0 0
CONVECTION ON   1.25 TURBULENCE OFF  0.00  0.00  0.00  0.00
BUNDANCE SCALE  .0003162 ABUNDANCE CHANGE 1 0.91100 2 0.08900
ABUNDANCE CHANGE  3 -10.88  4 -10.89  5  -9.44  6  -3.48  7  -3.99  8  -3.11
ABUNDANCE CHANGE  9  -7.48 10  -3.95 11  -5.71 12  -4.46 13  -5.57 14  -4.49
ABUNDANCE CHANGE 15  -6.59 16  -4.83 17  -6.54 18  -5.48 19  -6.82 20  -5.68
ABUNDANCE CHANGE 21  -8.94 22  -7.05 23  -8.04 24  -6.37 25  -6.65 26  -4.37
ABUNDANCE CHANGE 27  -7.12 28  -5.79 29  -7.83 30  -7.44 31  -9.16 32  -8.63
ABUNDANCE CHANGE 33  -9.67 34  -8.69 35  -9.41 36  -8.81 37  -9.44 38  -9.14
ABUNDANCE CHANGE 39  -9.80 40  -9.54 41 -10.62 42 -10.12 43 -20.00 44 -10.20
ABUNDANCE CHANGE 45 -10.92 46 -10.35 47 -11.10 48 -10.18 49 -10.58 50 -10.04
ABUNDANCE CHANGE 51 -11.04 52  -9.80 53 -10.53 54  -9.81 55 -10.92 56  -9.91
ABUNDANCE CHANGE 57 -10.82 58 -10.49 59 -11.33 60 -10.54 61 -20.00 62 -11.04
ABUNDANCE CHANGE 63 -11.53 64 -10.92 65 -11.94 66 -10.94 67 -11.78 68 -11.11
ABUNDANCE CHANGE 69 -12.04 70 -10.96 71 -11.28 72 -11.16 73 -11.91 74 -10.93
ABUNDANCE CHANGE 75 -11.77 76 -10.59 77 -10.69 78 -10.24 79 -11.03 80 -10.95
ABUNDANCE CHANGE 81 -11.14 82 -10.19 83 -11.33 84 -20.00 85 -20.00 86 -20.00
ABUNDANCE CHANGE 87 -20.00 88 -20.00 89 -20.00 90 -11.92 91 -20.00 92 -12.51
ABUNDANCE CHANGE 93 -20.00 94 -20.00 95 -20.00 96 -20.00 97 -20.00 98 -20.00
ABUNDANCE CHANGE 99 -20.00
EAD DECK6 72 RHOX,T,P,XNE,ABROSS,ACCRAD,VTURB
2.11098222E-03   4065.3 6.676E+01 9.778E+08 6.317E-05 9.938E-04 2.000E+05 0.000E+00 0.000E+00
2.76933145E-03   4080.7 8.757E+01 1.205E+09 7.194E-05 1.008E-03 2.000E+05 0.000E+00 0.000E+00
3.55354566E-03   4087.1 1.124E+02 1.407E+09 7.932E-05 1.021E-03 2.000E+05 0.000E+00 0.000E+00
4.49032681E-03   4099.3 1.420E+02 1.677E+09 8.954E-05 1.037E-03 2.000E+05 0.000E+00 0.000E+00
5.60117267E-03   4109.5 1.771E+02 1.966E+09 1.003E-04 1.054E-03 2.000E+05 0.000E+00 0.000E+00
6.91619773E-03   4122.1 2.187E+02 2.319E+09 1.136E-04 1.075E-03 2.000E+05 0.000E+00 0.000E+00
8.46734698E-03   4134.2 2.678E+02 2.716E+09 1.282E-04 1.097E-03 2.000E+05 0.000E+00 0.000E+00
1.02973329E-02   4146.9 3.256E+02 3.178E+09 1.451E-04 1.123E-03 2.000E+05 0.000E+00 0.000E+00
1.24510815E-02   4160.1 3.937E+02 3.715E+09 1.645E-04 1.152E-03 2.000E+05 0.000E+00 0.000E+00
1.50023493E-02   4169.7 4.744E+02 4.263E+09 1.840E-04 1.181E-03 2.000E+05 0.000E+00 0.000E+00
1.80413353E-02   4179.8 5.705E+02 4.897E+09 2.062E-04 1.215E-03 2.000E+05 0.000E+00 0.000E+00
2.16524543E-02   4190.2 6.847E+02 5.626E+09 2.316E-04 1.253E-03 2.000E+05 0.000E+00 0.000E+00
2.59448603E-02   4200.0 8.204E+02 6.440E+09 2.595E-04 1.295E-03 2.000E+05 0.000E+00 0.000E+00
3.10543272E-02   4209.5 9.820E+02 7.356E+09 2.906E-04 1.342E-03 2.000E+05 0.000E+00 0.000E+00
3.71436971E-02   4218.4 1.175E+03 8.374E+09 3.249E-04 1.394E-03 2.000E+05 0.000E+00 0.000E+00
4.44180986E-02   4226.4 1.405E+03 9.498E+09 3.622E-04 1.452E-03 2.000E+05 0.000E+00 0.000E+00
5.31261281E-02   4233.9 1.680E+03 1.074E+10 4.032E-04 1.516E-03 2.000E+05 0.000E+00 0.000E+00
6.35710523E-02   4240.6 2.010E+03 1.211E+10 4.478E-04 1.586E-03 2.000E+05 0.000E+00 0.000E+00
7.61174110E-02   4246.9 2.407E+03 1.363E+10 4.969E-04 1.665E-03 2.000E+05 0.000E+00 0.000E+00
9.12139925E-02   4252.3 2.884E+03 1.528E+10 5.500E-04 1.751E-03 2.000E+05 0.000E+00 0.000E+00
1.09409448E-01   4257.2 3.460E+03 1.712E+10 6.083E-04 1.847E-03 2.000E+05 0.000E+00 0.000E+00
1.31370841E-01   4261.4 4.154E+03 1.911E+10 6.715E-04 1.952E-03 2.000E+05 0.000E+00 0.000E+00
1.57901129E-01   4265.5 4.993E+03 2.134E+10 7.413E-04 2.070E-03 2.000E+05 0.000E+00 0.000E+00
1.89961823E-01   4269.1 6.007E+03 2.379E+10 8.177E-04 2.199E-03 2.000E+05 0.000E+00 0.000E+00
2.28715994E-01   4272.5 7.233E+03 2.652E+10 9.022E-04 2.343E-03 2.000E+05 0.000E+00 0.000E+00
2.75555114E-01   4275.8 8.714E+03 2.954E+10 9.955E-04 2.502E-03 2.000E+05 0.000E+00 0.000E+00
3.32152030E-01   4279.1 1.050E+04 3.292E+10 1.099E-03 2.680E-03 2.000E+05 0.000E+00 0.000E+00
4.00512835E-01   4282.4 1.267E+04 3.669E+10 1.213E-03 2.878E-03 2.000E+05 0.000E+00 0.000E+00
4.83028859E-01   4285.8 1.527E+04 4.092E+10 1.341E-03 3.099E-03 2.000E+05 0.000E+00 0.000E+00
5.82566627E-01   4289.2 1.842E+04 4.565E+10 1.483E-03 3.344E-03 2.000E+05 0.000E+00 0.000E+00
7.02553468E-01   4292.9 2.222E+04 5.098E+10 1.641E-03 3.618E-03 2.000E+05 0.000E+00 0.000E+00
8.47031561E-01   4296.9 2.679E+04 5.699E+10 1.819E-03 3.925E-03 2.000E+05 0.000E+00 0.000E+00
1.02078661E+00   4301.3 3.228E+04 6.380E+10 2.018E-03 4.269E-03 2.000E+05 0.000E+00 0.000E+00
1.22937424E+00   4306.3 3.888E+04 7.159E+10 2.244E-03 4.661E-03 2.000E+05 0.000E+00 0.000E+00
1.47921504E+00   4312.1 4.678E+04 8.054E+10 2.501E-03 5.103E-03 2.000E+05 0.000E+00 0.000E+00
1.77779405E+00   4318.6 5.622E+04 9.085E+10 2.794E-03 5.606E-03 2.000E+05 0.000E+00 0.000E+00
2.13364170E+00   4326.2 6.747E+04 1.028E+11 3.132E-03 6.180E-03 2.000E+05 0.000E+00 0.000E+00
2.55638722E+00   4335.0 8.084E+04 1.169E+11 3.521E-03 6.841E-03 2.000E+05 0.000E+00 0.000E+00
3.05671926E+00   4345.3 9.666E+04 1.335E+11 3.976E-03 7.607E-03 2.000E+05 0.000E+00 0.000E+00
3.64576291E+00   4357.6 1.153E+05 1.536E+11 4.518E-03 8.516E-03 2.000E+05 0.000E+00 0.000E+00
4.33462936E+00   4372.5 1.371E+05 1.781E+11 5.170E-03 9.604E-03 2.000E+05 0.000E+00 0.000E+00
5.13366067E+00   4390.5 1.623E+05 2.088E+11 5.971E-03 1.093E-02 2.000E+05 0.000E+00 0.000E+00
6.05176902E+00   4412.1 1.914E+05 2.476E+11 6.965E-03 1.256E-02 2.000E+05 0.000E+00 0.000E+00
7.09294218E+00   4439.3 2.243E+05 2.991E+11 8.261E-03 1.465E-02 2.000E+05 0.000E+00 0.000E+00
8.25447670E+00   4472.6 2.610E+05 3.683E+11 9.965E-03 1.738E-02 2.000E+05 0.000E+00 0.000E+00
9.52114201E+00   4517.0 3.011E+05 4.710E+11 1.243E-02 2.127E-02 2.000E+05 0.000E+00 0.000E+00
1.07939171E+01   4604.9 3.413E+05 7.003E+11 1.770E-02 2.940E-02 2.000E+05 0.000E+00 0.000E+00
1.19332345E+01   4725.3 3.773E+05 1.143E+12 2.727E-02 4.372E-02 2.000E+05 6.033E-04 0.000E+00
1.28857983E+01   4874.2 4.074E+05 1.990E+12 4.406E-02 6.794E-02 2.000E+05 1.184E-02 0.000E+00
1.37017768E+01   5002.5 4.333E+05 3.129E+12 6.482E-02 9.575E-02 2.000E+05 4.092E-02 0.000E+00
1.45018148E+01   5086.9 4.586E+05 4.202E+12 8.324E-02 1.168E-01 2.000E+05 7.929E-02 0.000E+00
1.53555369E+01   5156.3 4.856E+05 5.347E+12 1.021E-01 1.345E-01 2.000E+05 1.247E-01 0.000E+00
1.62859504E+01   5228.8 5.150E+05 6.833E+12 1.254E-01 1.537E-01 2.000E+05 1.767E-01 0.000E+00
1.72812402E+01   5316.4 5.465E+05 9.063E+12 1.588E-01 1.793E-01 2.000E+05 2.327E-01 0.000E+00
1.83223212E+01   5414.9 5.794E+05 1.228E+13 2.042E-01 2.119E-01 2.000E+05 2.895E-01 1.896E+04
1.93690531E+01   5548.6 6.125E+05 1.805E+13 2.799E-01 2.668E-01 2.000E+05 3.451E-01 6.596E+04
2.03675192E+01   5709.9 6.441E+05 2.787E+13 3.979E-01 3.434E-01 2.000E+05 4.000E-01 9.113E+04
2.12853345E+01   5898.0 6.731E+05 4.465E+13 5.807E-01 4.325E-01 2.000E+05 4.837E-01 1.113E+05
2.21517157E+01   6064.8 7.005E+05 6.630E+13 7.966E-01 4.764E-01 2.000E+05 5.844E-01 1.187E+05
2.30046500E+01   6227.6 7.275E+05 9.560E+13 1.067E+00 4.960E-01 2.000E+05 6.798E-01 1.252E+05
2.38658729E+01   6382.8 7.547E+05 1.334E+14 1.392E+00 4.978E-01 2.000E+05 7.495E-01 1.282E+05
2.47514454E+01   6538.0 7.827E+05 1.833E+14 1.796E+00 5.022E-01 2.000E+05 8.075E-01 1.316E+05
2.56715112E+01   6692.9 8.118E+05 2.485E+14 2.294E+00 5.059E-01 2.000E+05 8.454E-01 1.321E+05
2.66369450E+01   6847.6 8.423E+05 3.324E+14 2.904E+00 5.176E-01 2.000E+05 8.769E-01 1.335E+05
2.76543958E+01   7007.0 8.745E+05 4.428E+14 3.671E+00 5.289E-01 2.000E+05 8.994E-01 1.331E+05
2.87329031E+01   7165.0 9.086E+05 5.821E+14 4.600E+00 5.417E-01 2.000E+05 9.185E-01 1.333E+05
2.98784930E+01   7330.6 9.448E+05 7.660E+14 5.782E+00 5.544E-01 2.000E+05 9.331E-01 1.323E+05
3.11001862E+01   7493.3 9.834E+05 9.931E+14 7.200E+00 5.626E-01 2.000E+05 9.459E-01 1.318E+05
3.24039985E+01   7665.5 1.025E+06 1.292E+15 9.017E+00 5.746E-01 2.000E+05 9.555E-01 1.302E+05
3.38010486E+01   7832.6 1.069E+06 1.653E+15 1.116E+01 5.774E-01 2.000E+05 9.642E-01 1.291E+05
3.52983922E+01   8011.1 1.116E+06 2.127E+15 1.394E+01 5.859E-01 2.000E+05 9.707E-01 1.271E+05
3.69071584E+01   8181.2 1.167E+06 2.685E+15 1.716E+01 6.287E-01 2.000E+05 9.747E-01 1.254E+05
RADK 9.9944E-01
EGIN                    ITERATION  15 COMPLETED
