EFF   8500.  GRAVITY 1.50000 LTE 
ITLE SDSC GRID  [-2.5]   VTURB 2.0 KM/S    L/H 1.25                            
OPACITY IFOP 1 1 1 1 1 1 1 1 1 1 1 1 1 0 1 0 0 0 0 0
CONVECTION OFF  1.00 TURBULENCE OFF  0.00  0.00  0.00  0.00
BUNDANCE SCALE  0.003162 ABUNDANCE CHANGE 1 0.91100 2 0.08900
ABUNDANCE CHANGE  3 -10.88  4 -10.89  5  -9.44  6  -3.48  7  -3.99  8  -3.11
ABUNDANCE CHANGE  9  -7.48 10  -3.95 11  -5.71 12  -4.46 13  -5.57 14  -4.49
ABUNDANCE CHANGE 15  -6.59 16  -4.83 17  -6.54 18  -5.48 19  -6.82 20  -5.68
ABUNDANCE CHANGE 21  -8.94 22  -7.05 23  -8.04 24  -6.37 25  -6.65 26  -4.37
ABUNDANCE CHANGE 27  -7.12 28  -5.79 29  -7.83 30  -7.44 31  -9.16 32  -8.63
ABUNDANCE CHANGE 33  -9.67 34  -8.69 35  -9.41 36  -8.81 37  -9.44 38  -9.14
ABUNDANCE CHANGE 39  -9.80 40  -9.54 41 -10.62 42 -10.12 43 -20.00 44 -10.20
ABUNDANCE CHANGE 45 -10.92 46 -10.35 47 -11.10 48 -10.18 49 -10.58 50 -10.04
ABUNDANCE CHANGE 51 -11.04 52  -9.80 53 -10.53 54  -9.81 55 -10.92 56  -9.91
ABUNDANCE CHANGE 57 -10.82 58 -10.49 59 -11.33 60 -10.54 61 -20.00 62 -11.04
ABUNDANCE CHANGE 63 -11.53 64 -10.92 65 -11.94 66 -10.94 67 -11.78 68 -11.11
ABUNDANCE CHANGE 69 -12.04 70 -10.96 71 -11.28 72 -11.16 73 -11.91 74 -10.93
ABUNDANCE CHANGE 75 -11.77 76 -10.59 77 -10.69 78 -10.24 79 -11.03 80 -10.95
ABUNDANCE CHANGE 81 -11.14 82 -10.19 83 -11.33 84 -20.00 85 -20.00 86 -20.00
ABUNDANCE CHANGE 87 -20.00 88 -20.00 89 -20.00 90 -11.92 91 -20.00 92 -12.51
ABUNDANCE CHANGE 93 -20.00 94 -20.00 95 -20.00 96 -20.00 97 -20.00 98 -20.00
ABUNDANCE CHANGE 99 -20.00
EAD DECK6 72 RHOX,T,P,XNE,ABROSS,ACCRAD,VTURB
4.63509298E-07   5879.5 1.324E-05 7.764E+06 2.877E-01 3.053E+00 2.000E+05 0.000E+00 0.000E+00
6.18170325E-07   5884.2 1.766E-05 1.034E+07 2.874E-01 3.049E+00 2.000E+05 0.000E+00 0.000E+00
8.24638552E-07   5886.9 2.356E-05 1.378E+07 2.871E-01 3.044E+00 2.000E+05 0.000E+00 0.000E+00
1.10036180E-06   5890.9 3.144E-05 1.836E+07 2.866E-01 3.038E+00 2.000E+05 0.000E+00 0.000E+00
1.46872758E-06   5894.7 4.197E-05 2.447E+07 2.860E-01 3.031E+00 2.000E+05 0.000E+00 0.000E+00
1.96114552E-06   5898.7 5.605E-05 3.260E+07 2.852E-01 3.022E+00 2.000E+05 0.000E+00 0.000E+00
2.61987440E-06   5902.6 7.490E-05 4.345E+07 2.842E-01 3.010E+00 2.000E+05 0.000E+00 0.000E+00
3.50194915E-06   5906.3 1.001E-04 5.791E+07 2.829E-01 2.995E+00 2.000E+05 0.000E+00 0.000E+00
4.68462038E-06   5909.8 1.340E-04 7.718E+07 2.811E-01 2.977E+00 2.000E+05 0.000E+00 0.000E+00
6.27297577E-06   5913.0 1.795E-04 1.029E+08 2.789E-01 2.954E+00 2.000E+05 0.000E+00 0.000E+00
8.41080077E-06   5916.2 2.409E-04 1.371E+08 2.760E-01 2.925E+00 2.000E+05 0.000E+00 0.000E+00
1.12959848E-05   5919.9 3.237E-04 1.828E+08 2.723E-01 2.888E+00 2.000E+05 0.000E+00 0.000E+00
1.52027670E-05   5924.1 4.361E-04 2.438E+08 2.677E-01 2.843E+00 2.000E+05 0.000E+00 0.000E+00
2.05153825E-05   5928.4 5.891E-04 3.250E+08 2.619E-01 2.786E+00 2.000E+05 0.000E+00 0.000E+00
2.77776683E-05   5933.2 7.988E-04 4.334E+08 2.548E-01 2.717E+00 2.000E+05 0.000E+00 0.000E+00
3.77664450E-05   5938.8 1.088E-03 5.780E+08 2.462E-01 2.634E+00 2.000E+05 0.000E+00 0.000E+00
5.16019979E-05   5945.7 1.490E-03 7.711E+08 2.362E-01 2.537E+00 2.000E+05 0.000E+00 0.000E+00
7.09123230E-05   5954.1 2.052E-03 1.029E+09 2.248E-01 2.426E+00 2.000E+05 0.000E+00 0.000E+00
9.80830571E-05   5964.2 2.848E-03 1.375E+09 2.123E-01 2.304E+00 2.000E+05 0.000E+00 0.000E+00
1.36611114E-04   5976.9 3.980E-03 1.838E+09 1.989E-01 2.175E+00 2.000E+05 0.000E+00 0.000E+00
1.91647289E-04   5991.6 5.604E-03 2.459E+09 1.851E-01 2.040E+00 2.000E+05 0.000E+00 0.000E+00
2.70658725E-04   6010.7 7.947E-03 3.297E+09 1.718E-01 1.910E+00 2.000E+05 0.000E+00 0.000E+00
3.84257657E-04   6033.8 1.133E-02 4.427E+09 1.593E-01 1.791E+00 2.000E+05 0.000E+00 0.000E+00
5.47743341E-04   6059.6 1.622E-02 5.945E+09 1.476E-01 1.688E+00 2.000E+05 0.000E+00 0.000E+00
7.82090986E-04   6091.7 2.324E-02 8.006E+09 1.379E-01 1.606E+00 2.000E+05 0.000E+00 0.000E+00
1.11544401E-03   6128.4 3.326E-02 1.078E+10 1.298E-01 1.541E+00 2.000E+05 0.000E+00 0.000E+00
1.58268094E-03   6175.2 4.733E-02 1.460E+10 1.248E-01 1.500E+00 2.000E+05 0.000E+00 0.000E+00
2.22198096E-03   6232.4 6.659E-02 1.983E+10 1.231E-01 1.484E+00 2.000E+05 0.000E+00 0.000E+00
3.07841874E-03   6295.6 9.240E-02 2.682E+10 1.236E-01 1.488E+00 2.000E+05 0.000E+00 0.000E+00
4.20326351E-03   6365.3 1.263E-01 3.613E+10 1.265E-01 1.508E+00 2.000E+05 0.000E+00 0.000E+00
5.66320562E-03   6435.2 1.702E-01 4.814E+10 1.304E-01 1.532E+00 2.000E+05 0.000E+00 0.000E+00
7.55804188E-03   6496.8 2.272E-01 6.299E+10 1.331E-01 1.544E+00 2.000E+05 0.000E+00 0.000E+00
1.00632129E-02   6543.4 3.026E-01 8.072E+10 1.327E-01 1.534E+00 2.000E+05 0.000E+00 0.000E+00
1.34646664E-02   6575.4 4.050E-01 1.018E+11 1.288E-01 1.503E+00 2.000E+05 0.000E+00 0.000E+00
1.81690477E-02   6599.9 5.468E-01 1.276E+11 1.233E-01 1.467E+00 2.000E+05 0.000E+00 0.000E+00
2.47363670E-02   6623.2 7.449E-01 1.601E+11 1.179E-01 1.437E+00 2.000E+05 0.000E+00 0.000E+00
3.38802927E-02   6647.6 1.021E+00 2.014E+11 1.132E-01 1.418E+00 2.000E+05 0.000E+00 0.000E+00
4.65155541E-02   6674.7 1.403E+00 2.539E+11 1.098E-01 1.413E+00 2.000E+05 0.000E+00 0.000E+00
6.37693701E-02   6704.8 1.924E+00 3.203E+11 1.080E-01 1.426E+00 2.000E+05 0.000E+00 0.000E+00
8.69783346E-02   6738.5 2.624E+00 4.039E+11 1.079E-01 1.460E+00 2.000E+05 0.000E+00 0.000E+00
1.17611491E-01   6777.4 3.547E+00 5.095E+11 1.101E-01 1.522E+00 2.000E+05 0.000E+00 0.000E+00
1.57162990E-01   6821.9 4.736E+00 6.424E+11 1.150E-01 1.614E+00 2.000E+05 0.000E+00 0.000E+00
2.07041541E-01   6872.9 6.230E+00 8.094E+11 1.231E-01 1.748E+00 2.000E+05 0.000E+00 0.000E+00
2.68310788E-01   6932.4 8.054E+00 1.021E+12 1.355E-01 1.939E+00 2.000E+05 0.000E+00 0.000E+00
3.41327996E-01   7003.0 1.021E+01 1.291E+12 1.541E-01 2.211E+00 2.000E+05 0.000E+00 0.000E+00
4.25444285E-01   7087.6 1.267E+01 1.639E+12 1.815E-01 2.595E+00 2.000E+05 0.000E+00 0.000E+00
5.18945453E-01   7188.5 1.536E+01 2.092E+12 2.216E-01 3.133E+00 2.000E+05 0.000E+00 0.000E+00
6.19235726E-01   7307.4 1.818E+01 2.677E+12 2.804E-01 3.904E+00 2.000E+05 0.000E+00 0.000E+00
7.23028858E-01   7447.7 2.100E+01 3.436E+12 3.677E-01 5.019E+00 2.000E+05 0.000E+00 0.000E+00
8.26843784E-01   7612.6 2.369E+01 4.406E+12 4.976E-01 6.622E+00 2.000E+05 0.000E+00 0.000E+00
9.28099622E-01   7804.6 2.611E+01 5.608E+12 6.857E-01 8.823E+00 2.000E+05 0.000E+00 0.000E+00
1.02569176E+00   8025.8 2.820E+01 7.017E+12 9.477E-01 1.176E+01 2.000E+05 0.000E+00 0.000E+00
1.12073333E+00   8278.0 2.993E+01 8.522E+12 1.272E+00 1.515E+01 2.000E+05 0.000E+00 0.000E+00
1.21852158E+00   8565.3 3.138E+01 9.942E+12 1.605E+00 1.831E+01 2.000E+05 0.000E+00 0.000E+00
1.32659857E+00   8888.6 3.271E+01 1.107E+13 1.841E+00 2.012E+01 2.000E+05 0.000E+00 0.000E+00
1.45895254E+00   9249.7 3.421E+01 1.188E+13 1.913E+00 2.012E+01 2.000E+05 0.000E+00 0.000E+00
1.63653600E+00   9660.6 3.638E+01 1.254E+13 1.837E+00 1.871E+01 2.000E+05 0.000E+00 0.000E+00
1.88836910E+00  10115.6 3.987E+01 1.336E+13 1.695E+00 1.692E+01 2.000E+05 0.000E+00 0.000E+00
2.25648242E+00  10639.5 4.562E+01 1.467E+13 1.537E+00 1.518E+01 2.000E+05 0.000E+00 0.000E+00
2.79642079E+00  11224.5 5.490E+01 1.681E+13 1.404E+00 1.384E+01 2.000E+05 0.000E+00 0.000E+00
3.58167965E+00  11895.3 6.931E+01 2.008E+13 1.292E+00 1.279E+01 2.000E+05 0.000E+00 0.000E+00
4.70953093E+00  12641.9 9.104E+01 2.491E+13 1.211E+00 1.202E+01 2.000E+05 0.000E+00 0.000E+00
6.29668934E+00  13479.1 1.226E+02 3.172E+13 1.160E+00 1.152E+01 2.000E+05 0.000E+00 0.000E+00
8.47650955E+00  14389.2 1.667E+02 4.095E+13 1.137E+00 1.126E+01 2.000E+05 0.000E+00 0.000E+00
1.14403914E+01  15388.6 2.275E+02 5.287E+13 1.114E+00 1.101E+01 2.000E+05 0.000E+00 0.000E+00
1.54884453E+01  16466.5 3.116E+02 6.814E+13 1.084E+00 1.068E+01 2.000E+05 0.000E+00 0.000E+00
2.10421267E+01  17642.2 4.288E+02 8.776E+13 1.055E+00 1.038E+01 2.000E+05 0.000E+00 0.000E+00
2.86194561E+01  18908.0 5.907E+02 1.129E+14 1.035E+00 1.017E+01 2.000E+05 0.000E+00 0.000E+00
3.88617188E+01  20285.7 8.110E+02 1.446E+14 1.026E+00 1.007E+01 2.000E+05 0.000E+00 0.000E+00
5.25613862E+01  21765.6 1.106E+03 1.839E+14 1.029E+00 1.006E+01 2.000E+05 0.000E+00 0.000E+00
7.06635494E+01  23365.9 1.496E+03 2.316E+14 1.045E+00 1.016E+01 2.000E+05 0.000E+00 0.000E+00
9.42771493E+01  25085.6 2.004E+03 2.890E+14 1.074E+00 1.003E+01 2.000E+05 0.000E+00 0.000E+00
RADK 6.9901E+00
EGIN                    ITERATION  15 COMPLETED
