TEFF   6500.  GRAVITY 4.50000 LTE
TITLE SDSC GRID  [-4.0]   VTURB 2.0 KM/S    L/H 1.25
 OPACITY IFOP 1 1 1 1 1 1 1 1 1 1 1 1 1 0 1 0 0 0 0 0
 CONVECTION ON   1.25 TURBULENCE OFF  0.00  0.00  0.00  0.00
ABUNDANCE SCALE   0.00010 ABUNDANCE CHANGE 1 0.91100 2 0.08900
 ABUNDANCE CHANGE  3 -10.88  4 -10.89  5  -9.44  6  -3.48  7  -3.99  8  -3.11
 ABUNDANCE CHANGE  9  -7.48 10  -3.95 11  -5.71 12  -4.46 13  -5.57 14  -4.49
 ABUNDANCE CHANGE 15  -6.59 16  -4.83 17  -6.54 18  -5.48 19  -6.82 20  -5.68
 ABUNDANCE CHANGE 21  -8.94 22  -7.05 23  -8.04 24  -6.37 25  -6.65 26  -4.37
 ABUNDANCE CHANGE 27  -7.12 28  -5.79 29  -7.83 30  -7.44 31  -9.16 32  -8.63
 ABUNDANCE CHANGE 33  -9.67 34  -8.69 35  -9.41 36  -8.81 37  -9.44 38  -9.14
 ABUNDANCE CHANGE 39  -9.80 40  -9.54 41 -10.62 42 -10.12 43 -20.00 44 -10.20
 ABUNDANCE CHANGE 45 -10.92 46 -10.35 47 -11.10 48 -10.18 49 -10.58 50 -10.04
 ABUNDANCE CHANGE 51 -11.04 52  -9.80 53 -10.53 54  -9.81 55 -10.92 56  -9.91
 ABUNDANCE CHANGE 57 -10.82 58 -10.49 59 -11.33 60 -10.54 61 -20.00 62 -11.04
 ABUNDANCE CHANGE 63 -11.53 64 -10.92 65 -11.94 66 -10.94 67 -11.78 68 -11.11
 ABUNDANCE CHANGE 69 -12.04 70 -10.96 71 -11.28 72 -11.16 73 -11.91 74 -10.93
 ABUNDANCE CHANGE 75 -11.77 76 -10.59 77 -10.69 78 -10.24 79 -11.03 80 -10.95
 ABUNDANCE CHANGE 81 -11.14 82 -10.19 83 -11.33 84 -20.00 85 -20.00 86 -20.00
 ABUNDANCE CHANGE 87 -20.00 88 -20.00 89 -20.00 90 -11.92 91 -20.00 92 -12.51
 ABUNDANCE CHANGE 93 -20.00 94 -20.00 95 -20.00 96 -20.00 97 -20.00 98 -20.00
 ABUNDANCE CHANGE 99 -20.00
READ DECK6 72 RHOX,T,P,XNE,ABROSS,ACCRAD,VTURB
 9.67408705E-05   5076.4 3.059E+00 1.049E+10 1.378E-03 1.225E-02 2.000E+05 0.000E+00 0.000E+00
 1.29802041E-04   5078.6 4.105E+00 1.224E+10 1.312E-03 1.205E-02 2.000E+05 0.000E+00 0.000E+00
 1.75797318E-04   5081.3 5.559E+00 1.436E+10 1.267E-03 1.192E-02 2.000E+05 0.000E+00 0.000E+00
 2.38773020E-04   5084.6 7.551E+00 1.692E+10 1.245E-03 1.187E-02 2.000E+05 0.000E+00 0.000E+00
 3.23541854E-04   5088.8 1.023E+01 1.995E+10 1.247E-03 1.190E-02 2.000E+05 0.000E+00 0.000E+00
 4.35255774E-04   5093.9 1.376E+01 2.352E+10 1.273E-03 1.200E-02 2.000E+05 0.000E+00 0.000E+00
 5.79874026E-04   5099.7 1.834E+01 2.764E+10 1.322E-03 1.219E-02 2.000E+05 0.000E+00 0.000E+00
 7.64430401E-04   5105.6 2.417E+01 3.231E+10 1.389E-03 1.243E-02 2.000E+05 0.000E+00 0.000E+00
 9.97431938E-04   5111.3 3.154E+01 3.757E+10 1.474E-03 1.273E-02 2.000E+05 0.000E+00 0.000E+00
 1.28853927E-03   5118.0 4.075E+01 4.359E+10 1.582E-03 1.311E-02 2.000E+05 0.000E+00 0.000E+00
 1.64930452E-03   5123.8 5.216E+01 5.020E+10 1.704E-03 1.353E-02 2.000E+05 0.000E+00 0.000E+00
 2.09669277E-03   5126.1 6.630E+01 5.700E+10 1.829E-03 1.394E-02 2.000E+05 0.000E+00 0.000E+00
 2.65223148E-03   5127.4 8.387E+01 6.438E+10 1.968E-03 1.439E-02 2.000E+05 0.000E+00 0.000E+00
 3.33652279E-03   5131.9 1.055E+02 7.321E+10 2.143E-03 1.498E-02 2.000E+05 0.000E+00 0.000E+00
 4.17399355E-03   5135.6 1.320E+02 8.281E+10 2.334E-03 1.562E-02 2.000E+05 0.000E+00 0.000E+00
 5.19714185E-03   5140.0 1.643E+02 9.366E+10 2.552E-03 1.636E-02 2.000E+05 0.000E+00 0.000E+00
 6.44295554E-03   5144.8 2.037E+02 1.058E+11 2.798E-03 1.719E-02 2.000E+05 0.000E+00 0.000E+00
 7.95742823E-03   5149.5 2.516E+02 1.193E+11 3.071E-03 1.811E-02 2.000E+05 0.000E+00 0.000E+00
 9.79618248E-03   5154.4 3.098E+02 1.343E+11 3.376E-03 1.913E-02 2.000E+05 0.000E+00 0.000E+00
 1.20256763E-02   5159.5 3.803E+02 1.511E+11 3.714E-03 2.027E-02 2.000E+05 0.000E+00 0.000E+00
 1.47263941E-02   5164.6 4.657E+02 1.699E+11 4.090E-03 2.153E-02 2.000E+05 0.000E+00 0.000E+00
 1.79958183E-02   5169.8 5.691E+02 1.907E+11 4.507E-03 2.293E-02 2.000E+05 0.000E+00 0.000E+00
 2.19519679E-02   5174.9 6.942E+02 2.139E+11 4.968E-03 2.447E-02 2.000E+05 0.000E+00 0.000E+00
 2.67358696E-02   5180.2 8.455E+02 2.398E+11 5.481E-03 2.618E-02 2.000E+05 0.000E+00 0.000E+00
 3.25193387E-02   5185.3 1.028E+03 2.686E+11 6.045E-03 2.807E-02 2.000E+05 0.000E+00 0.000E+00
 3.95108117E-02   5190.4 1.249E+03 3.006E+11 6.669E-03 3.016E-02 2.000E+05 0.000E+00 0.000E+00
 4.79637461E-02   5195.2 1.517E+03 3.360E+11 7.354E-03 3.245E-02 2.000E+05 0.000E+00 0.000E+00
 5.81772886E-02   5200.5 1.840E+03 3.758E+11 8.122E-03 3.502E-02 2.000E+05 0.000E+00 0.000E+00
 7.05181332E-02   5205.2 2.230E+03 4.196E+11 8.959E-03 3.781E-02 2.000E+05 0.000E+00 0.000E+00
 8.54263686E-02   5210.3 2.701E+03 4.689E+11 9.895E-03 4.095E-02 2.000E+05 0.000E+00 0.000E+00
 1.03434703E-01   5215.0 3.271E+03 5.232E+11 1.092E-02 4.438E-02 2.000E+05 0.000E+00 0.000E+00
 1.25192020E-01   5219.8 3.959E+03 5.838E+11 1.206E-02 4.820E-02 2.000E+05 0.000E+00 0.000E+00
 1.51473269E-01   5224.4 4.790E+03 6.510E+11 1.331E-02 5.243E-02 2.000E+05 0.000E+00 0.000E+00
 1.83208554E-01   5229.3 5.794E+03 7.263E+11 1.470E-02 5.716E-02 2.000E+05 0.000E+00 0.000E+00
 2.21510066E-01   5234.3 7.005E+03 8.103E+11 1.625E-02 6.243E-02 2.000E+05 0.000E+00 0.000E+00
 2.67688919E-01   5239.9 8.465E+03 9.055E+11 1.799E-02 6.839E-02 2.000E+05 0.000E+00 0.000E+00
 3.23286384E-01   5246.1 1.022E+04 1.013E+12 1.994E-02 7.512E-02 2.000E+05 0.000E+00 0.000E+00
 3.90059615E-01   5253.7 1.233E+04 1.138E+12 2.217E-02 8.287E-02 2.000E+05 0.000E+00 0.000E+00
 4.70001120E-01   5262.9 1.486E+04 1.283E+12 2.474E-02 9.181E-02 2.000E+05 0.000E+00 0.000E+00
 5.65295330E-01   5274.6 1.788E+04 1.456E+12 2.775E-02 1.023E-01 2.000E+05 0.000E+00 0.000E+00
 6.78260601E-01   5289.2 2.145E+04 1.663E+12 3.130E-02 1.147E-01 2.000E+05 0.000E+00 0.000E+00
 8.11287108E-01   5307.8 2.566E+04 1.918E+12 3.559E-02 1.297E-01 2.000E+05 0.000E+00 0.000E+00
 9.66635270E-01   5331.0 3.057E+04 2.236E+12 4.082E-02 1.479E-01 2.000E+05 0.000E+00 0.000E+00
 1.14614501E+00   5360.9 3.624E+04 2.648E+12 4.740E-02 1.709E-01 2.000E+05 0.000E+00 0.000E+00
 1.35102737E+00   5397.8 4.272E+04 3.185E+12 5.573E-02 2.000E-01 2.000E+05 0.000E+00 0.000E+00
 1.58121901E+00   5445.4 5.000E+04 3.923E+12 6.678E-02 2.386E-01 2.000E+05 0.000E+00 0.000E+00
 1.83552226E+00   5502.8 5.804E+04 4.929E+12 8.125E-02 2.891E-01 2.000E+05 3.250E-07 0.000E+00
 2.10932757E+00   5578.1 6.670E+04 6.433E+12 1.019E-01 3.610E-01 2.000E+05 7.929E-07 0.000E+00
 2.40294220E+00   5650.6 7.599E+04 8.258E+12 1.259E-01 4.451E-01 2.000E+05 8.839E-07 0.000E+00
 2.70806265E+00   5776.8 8.564E+04 1.196E+13 1.714E-01 6.061E-01 2.000E+05 9.375E-05 0.000E+00
 2.97118571E+00   6042.5 9.396E+04 2.311E+13 2.944E-01 1.039E+00 2.000E+05 2.391E-03 7.107E+03
 3.17877165E+00   6290.2 1.005E+05 4.038E+13 4.677E-01 1.603E+00 2.000E+05 3.383E-02 4.991E+03
 3.37337323E+00   6440.4 1.067E+05 5.608E+13 6.164E-01 1.990E+00 2.000E+05 8.822E-02 4.065E+02
 3.57406946E+00   6579.3 1.130E+05 7.516E+13 7.903E-01 2.370E+00 2.000E+05 1.473E-01 1.037E+03
 3.78192731E+00   6731.6 1.196E+05 1.020E+14 1.027E+00 2.836E+00 2.000E+05 2.075E-01 6.153E+03
 3.99270620E+00   6907.4 1.263E+05 1.421E+14 1.370E+00 3.484E+00 2.000E+05 2.661E-01 1.961E+04
 4.19922491E+00   7118.9 1.328E+05 2.062E+14 1.906E+00 4.492E+00 2.000E+05 3.202E-01 4.951E+04
 4.39136627E+00   7378.5 1.389E+05 3.141E+14 2.798E+00 6.063E+00 2.000E+05 3.707E-01 7.954E+04
 4.56720894E+00   7640.6 1.444E+05 4.659E+14 4.061E+00 8.204E+00 2.000E+05 4.121E-01 1.027E+05
 4.72040565E+00   7989.6 1.493E+05 7.509E+14 6.509E+00 1.216E+01 2.000E+05 4.514E-01 1.942E+05
 4.84966822E+00   8319.3 1.534E+05 1.135E+15 9.986E+00 1.442E+01 2.000E+05 5.719E-01 2.492E+05
 4.96787415E+00   8583.0 1.571E+05 1.545E+15 1.392E+01 1.396E+01 2.000E+05 7.107E-01 2.643E+05
 5.08421002E+00   8809.6 1.608E+05 1.987E+15 1.837E+01 1.267E+01 2.000E+05 7.938E-01 2.646E+05
 5.20476222E+00   9004.4 1.646E+05 2.447E+15 2.318E+01 1.169E+01 2.000E+05 8.504E-01 2.651E+05
 5.33257071E+00   9197.3 1.686E+05 2.981E+15 2.901E+01 1.094E+01 2.000E+05 8.892E-01 2.635E+05
 5.47096086E+00   9370.2 1.730E+05 3.540E+15 3.527E+01 1.013E+01 2.000E+05 9.144E-01 2.595E+05
 5.62304844E+00   9549.8 1.778E+05 4.205E+15 4.272E+01 9.610E+00 2.000E+05 9.338E-01 2.570E+05
 5.79212563E+00   9717.7 1.831E+05 4.920E+15 5.083E+01 8.952E+00 2.000E+05 9.477E-01 2.528E+05
 5.98114585E+00   9895.6 1.891E+05 5.777E+15 6.076E+01 8.508E+00 2.000E+05 9.586E-01 2.491E+05
 6.19361754E+00  10063.2 1.958E+05 6.701E+15 7.162E+01 7.954E+00 2.000E+05 9.672E-01 2.455E+05
 6.43263822E+00  10245.6 2.034E+05 7.828E+15 8.531E+01 7.560E+00 2.000E+05 9.738E-01 2.412E+05
 6.70288295E+00  10413.7 2.119E+05 9.019E+15 9.978E+01 7.509E+00 2.000E+05 9.779E-01 2.376E+05
PRADK 2.3729E+00
BEGIN                    ITERATION  15 COMPLETED
