TEFF   7250.  GRAVITY 1.00000 LTE
TITLE SDSC GRID  [+0.5]   VTURB 2.0 KM/S    L/H 1.25
 OPACITY IFOP 1 1 1 1 1 1 1 1 1 1 1 1 1 0 1 0 0 0 0 0
 CONVECTION ON   1.25 TURBULENCE OFF  0.00  0.00  0.00  0.00
ABUNDANCE SCALE   3.16200 ABUNDANCE CHANGE 1 0.91100 2 0.08900
 ABUNDANCE CHANGE  3 -10.88  4 -10.89  5  -9.44  6  -3.48  7  -3.99  8  -3.11
 ABUNDANCE CHANGE  9  -7.48 10  -3.95 11  -5.71 12  -4.46 13  -5.57 14  -4.49
 ABUNDANCE CHANGE 15  -6.59 16  -4.83 17  -6.54 18  -5.48 19  -6.82 20  -5.68
 ABUNDANCE CHANGE 21  -8.94 22  -7.05 23  -8.04 24  -6.37 25  -6.65 26  -4.37
 ABUNDANCE CHANGE 27  -7.12 28  -5.79 29  -7.83 30  -7.44 31  -9.16 32  -8.63
 ABUNDANCE CHANGE 33  -9.67 34  -8.69 35  -9.41 36  -8.81 37  -9.44 38  -9.14
 ABUNDANCE CHANGE 39  -9.80 40  -9.54 41 -10.62 42 -10.12 43 -20.00 44 -10.20
 ABUNDANCE CHANGE 45 -10.92 46 -10.35 47 -11.10 48 -10.18 49 -10.58 50 -10.04
 ABUNDANCE CHANGE 51 -11.04 52  -9.80 53 -10.53 54  -9.81 55 -10.92 56  -9.91
 ABUNDANCE CHANGE 57 -10.82 58 -10.49 59 -11.33 60 -10.54 61 -20.00 62 -11.04
 ABUNDANCE CHANGE 63 -11.53 64 -10.92 65 -11.94 66 -10.94 67 -11.78 68 -11.11
 ABUNDANCE CHANGE 69 -12.04 70 -10.96 71 -11.28 72 -11.16 73 -11.91 74 -10.93
 ABUNDANCE CHANGE 75 -11.77 76 -10.59 77 -10.69 78 -10.24 79 -11.03 80 -10.95
 ABUNDANCE CHANGE 81 -11.14 82 -10.19 83 -11.33 84 -20.00 85 -20.00 86 -20.00
 ABUNDANCE CHANGE 87 -20.00 88 -20.00 89 -20.00 90 -11.92 91 -20.00 92 -12.51
 ABUNDANCE CHANGE 93 -20.00 94 -20.00 95 -20.00 96 -20.00 97 -20.00 98 -20.00
 ABUNDANCE CHANGE 99 -20.00
READ DECK6 72 RHOX,T,P,XNE,ABROSS,ACCRAD,VTURB
 7.33041183E-05   4184.4 7.206E-04 6.357E+06 1.819E-03 1.700E-01 2.000E+05 0.000E+00 0.000E+00
 9.84200388E-05   4200.4 9.675E-04 7.991E+06 1.723E-03 1.639E-01 2.000E+05 0.000E+00 0.000E+00
 1.33904975E-04   4216.3 1.317E-03 1.010E+07 1.620E-03 1.559E-01 2.000E+05 0.000E+00 0.000E+00
 1.84175410E-04   4233.5 1.812E-03 1.292E+07 1.526E-03 1.486E-01 2.000E+05 0.000E+00 0.000E+00
 2.55481185E-04   4251.8 2.515E-03 1.667E+07 1.438E-03 1.422E-01 2.000E+05 0.000E+00 0.000E+00
 3.56281405E-04   4271.1 3.509E-03 2.164E+07 1.358E-03 1.368E-01 2.000E+05 0.000E+00 0.000E+00
 4.98322113E-04   4292.0 4.910E-03 2.829E+07 1.288E-03 1.324E-01 2.000E+05 0.000E+00 0.000E+00
 6.97148526E-04   4315.4 6.873E-03 3.729E+07 1.232E-03 1.283E-01 2.000E+05 0.000E+00 0.000E+00
 9.72904248E-04   4341.7 9.596E-03 4.954E+07 1.191E-03 1.243E-01 2.000E+05 0.000E+00 0.000E+00
 1.34996534E-03   4371.6 1.332E-02 6.638E+07 1.171E-03 1.217E-01 2.000E+05 0.000E+00 0.000E+00
 1.85848696E-03   4404.2 1.834E-02 8.921E+07 1.164E-03 1.189E-01 2.000E+05 0.000E+00 0.000E+00
 2.53755865E-03   4438.8 2.506E-02 1.199E+08 1.167E-03 1.156E-01 2.000E+05 0.000E+00 0.000E+00
 3.43777731E-03   4474.7 3.396E-02 1.609E+08 1.177E-03 1.121E-01 2.000E+05 0.000E+00 0.000E+00
 4.62557187E-03   4511.2 4.570E-02 2.151E+08 1.191E-03 1.085E-01 2.000E+05 0.000E+00 0.000E+00
 6.18783789E-03   4548.3 6.116E-02 2.865E+08 1.209E-03 1.050E-01 2.000E+05 0.000E+00 0.000E+00
 8.23751163E-03   4585.8 8.144E-02 3.805E+08 1.231E-03 1.019E-01 2.000E+05 0.000E+00 0.000E+00
 1.09196480E-02   4623.9 1.080E-01 5.039E+08 1.256E-03 9.927E-02 2.000E+05 0.000E+00 0.000E+00
 1.44175554E-02   4663.0 1.426E-01 6.667E+08 1.287E-03 9.730E-02 2.000E+05 0.000E+00 0.000E+00
 1.89561134E-02   4703.6 1.876E-01 8.825E+08 1.327E-03 9.549E-02 2.000E+05 0.000E+00 0.000E+00
 2.48081102E-02   4745.8 2.455E-01 1.169E+09 1.376E-03 9.372E-02 2.000E+05 0.000E+00 0.000E+00
 3.23052246E-02   4789.6 3.198E-01 1.547E+09 1.437E-03 9.196E-02 2.000E+05 0.000E+00 0.000E+00
 4.18481066E-02   4834.7 4.144E-01 2.045E+09 1.510E-03 9.045E-02 2.000E+05 0.000E+00 0.000E+00
 5.39188639E-02   4881.1 5.340E-01 2.700E+09 1.597E-03 8.901E-02 2.000E+05 0.000E+00 0.000E+00
 6.90986260E-02   4928.4 6.845E-01 3.556E+09 1.698E-03 8.762E-02 2.000E+05 0.000E+00 0.000E+00
 8.80832185E-02   4976.6 8.727E-01 4.669E+09 1.815E-03 8.630E-02 2.000E+05 0.000E+00 0.000E+00
 1.11698782E-01   5025.6 1.107E+00 6.111E+09 1.951E-03 8.524E-02 2.000E+05 0.000E+00 0.000E+00
 1.40912646E-01   5075.1 1.396E+00 7.970E+09 2.108E-03 8.463E-02 2.000E+05 0.000E+00 0.000E+00
 1.76841707E-01   5125.4 1.753E+00 1.036E+10 2.293E-03 8.427E-02 2.000E+05 0.000E+00 0.000E+00
 2.20757623E-01   5176.4 2.188E+00 1.343E+10 2.509E-03 8.417E-02 2.000E+05 0.000E+00 0.000E+00
 2.74097336E-01   5228.1 2.717E+00 1.734E+10 2.763E-03 8.433E-02 2.000E+05 0.000E+00 0.000E+00
 3.38462624E-01   5280.7 3.355E+00 2.231E+10 3.063E-03 8.480E-02 2.000E+05 0.000E+00 0.000E+00
 4.15631838E-01   5333.8 4.120E+00 2.861E+10 3.418E-03 8.565E-02 2.000E+05 0.000E+00 0.000E+00
 5.07569845E-01   5387.6 5.032E+00 3.654E+10 3.837E-03 8.681E-02 2.000E+05 0.000E+00 0.000E+00
 6.16455657E-01   5441.8 6.111E+00 4.645E+10 4.332E-03 8.849E-02 2.000E+05 0.000E+00 0.000E+00
 7.44710176E-01   5496.3 7.382E+00 5.881E+10 4.917E-03 9.065E-02 2.000E+05 0.000E+00 0.000E+00
 8.95003546E-01   5551.4 8.871E+00 7.416E+10 5.609E-03 9.335E-02 2.000E+05 0.000E+00 0.000E+00
 1.07026786E+00   5607.0 1.061E+01 9.314E+10 6.429E-03 9.671E-02 2.000E+05 0.000E+00 0.000E+00
 1.27375799E+00   5662.9 1.262E+01 1.165E+11 7.398E-03 1.009E-01 2.000E+05 0.000E+00 0.000E+00
 1.50904950E+00   5719.6 1.495E+01 1.453E+11 8.549E-03 1.058E-01 2.000E+05 0.000E+00 0.000E+00
 1.78002792E+00   5776.8 1.763E+01 1.806E+11 9.919E-03 1.119E-01 2.000E+05 0.000E+00 0.000E+00
 2.09082023E+00   5835.0 2.070E+01 2.239E+11 1.156E-02 1.195E-01 2.000E+05 0.000E+00 0.000E+00
 2.44573165E+00   5894.5 2.421E+01 2.771E+11 1.353E-02 1.289E-01 2.000E+05 0.000E+00 0.000E+00
 2.84908204E+00   5955.9 2.819E+01 3.427E+11 1.591E-02 1.405E-01 2.000E+05 0.000E+00 0.000E+00
 3.30484951E+00   6019.9 3.268E+01 4.242E+11 1.884E-02 1.552E-01 2.000E+05 0.000E+00 0.000E+00
 3.81602418E+00   6087.9 3.771E+01 5.266E+11 2.250E-02 1.741E-01 2.000E+05 0.000E+00 0.000E+00
 4.38392311E+00   6161.0 4.328E+01 6.567E+11 2.716E-02 1.988E-01 2.000E+05 0.000E+00 0.000E+00
 5.00656808E+00   6241.3 4.937E+01 8.255E+11 3.330E-02 2.326E-01 2.000E+05 0.000E+00 0.000E+00
 5.67723090E+00   6331.6 5.591E+01 1.049E+12 4.165E-02 2.796E-01 2.000E+05 2.285E-20 0.000E+00
 6.38374356E+00   6434.8 6.275E+01 1.354E+12 5.340E-02 3.470E-01 2.000E+05 3.224E-18 4.929E+00
 7.10736354E+00   6554.8 6.970E+01 1.779E+12 7.068E-02 4.478E-01 2.000E+05 9.458E-17 1.528E+01
 7.82171049E+00   6696.5 7.647E+01 2.391E+12 9.758E-02 6.072E-01 2.000E+05 9.863E-16 3.173E+01
 8.49467697E+00   6865.6 8.272E+01 3.298E+12 1.418E-01 8.726E-01 2.000E+05 1.179E-14 6.915E+01
 9.09512579E+00   7067.6 8.807E+01 4.667E+12 2.181E-01 1.335E+00 2.000E+05 3.697E-13 1.873E+02
 9.59795762E+00   7310.0 9.224E+01 6.767E+12 3.590E-01 2.189E+00 2.000E+05 2.582E-11 6.533E+02
 9.99318323E+00   7596.0 9.505E+01 9.918E+12 6.252E-01 3.786E+00 2.000E+05 2.250E-09 2.727E+03
 1.02896529E+01   7929.1 9.652E+01 1.441E+13 1.126E+00 6.722E+00 2.000E+05 1.466E-07 1.206E+04
 1.05102297E+01   8308.6 9.675E+01 2.005E+13 1.984E+00 1.157E+01 2.000E+05 7.474E-06 4.540E+04
 1.06837308E+01   8729.1 9.594E+01 2.565E+13 3.143E+00 1.783E+01 2.000E+05 3.199E-05 1.008E+05
 1.08467581E+01   9197.6 9.426E+01 2.941E+13 4.096E+00 2.253E+01 2.000E+05 2.159E-05 9.806E+04
 1.10336119E+01   9706.1 9.183E+01 3.027E+13 4.267E+00 2.297E+01 2.000E+05 2.990E-06 4.182E+04
 1.12970136E+01  10272.8 8.883E+01 2.902E+13 3.742E+00 1.979E+01 2.000E+05 6.860E-08 1.320E+04
 1.17170093E+01  10888.8 8.565E+01 2.688E+13 2.978E+00 1.555E+01 2.000E+05 1.677E-09 5.201E+03
 1.24403550E+01  11575.4 8.312E+01 2.471E+13 2.277E+00 1.183E+01 2.000E+05 1.234E-10 2.774E+03
 1.37048102E+01  12330.2 8.281E+01 2.321E+13 1.745E+00 9.016E+00 2.000E+05 3.198E-11 1.851E+03
 1.58343990E+01  13166.3 8.683E+01 2.298E+13 1.431E+00 7.431E+00 2.000E+05 2.104E-11 1.616E+03
 1.91684114E+01  14078.8 9.712E+01 2.442E+13 1.263E+00 6.540E+00 2.000E+05 1.634E-11 1.469E+03
 2.40078545E+01  15075.9 1.147E+02 2.731E+13 1.196E+00 6.224E+00 2.000E+05 6.246E-12 1.041E+03
 3.07635561E+01  16154.7 1.412E+02 3.155E+13 1.152E+00 5.986E+00 2.000E+05 1.640E-12 6.565E+02
 3.99462592E+01  17325.0 1.780E+02 3.719E+13 1.145E+00 5.981E+00 2.000E+05 6.297E-13 4.544E+02
 5.23029036E+01  18585.8 2.284E+02 4.450E+13 1.131E+00 5.871E+00 2.000E+05 2.451E-13 3.130E+02
 6.88607375E+01  19951.9 2.962E+02 5.378E+13 1.134E+00 5.937E+00 2.000E+05 2.652E-11 5.211E+01
 9.12774584E+01  21418.2 3.932E+02 6.652E+13 1.097E+00 5.407E+00 2.000E+05 2.237E-10 2.657E+03
PRADK 3.6962E+00
BEGIN                    ITERATION  15 COMPLETED
