TEFF   7750.  GRAVITY 4.50000 LTE 
TITLE SDSC GRID  [-0.3]   VTURB 2.0 KM/S    L/H 1.25                            
 OPACITY IFOP 1 1 1 1 1 1 1 1 1 1 1 1 1 0 1 0 0 0 0 0
 CONVECTION ON   1.25 TURBULENCE OFF  0.00  0.00  0.00  0.00
ABUNDANCE SCALE   0.50120 ABUNDANCE CHANGE 1 0.91100 2 0.08900
 ABUNDANCE CHANGE  3 -10.88  4 -10.89  5  -9.44  6  -3.48  7  -3.99  8  -3.11
 ABUNDANCE CHANGE  9  -7.48 10  -3.95 11  -5.71 12  -4.46 13  -5.57 14  -4.49
 ABUNDANCE CHANGE 15  -6.59 16  -4.83 17  -6.54 18  -5.48 19  -6.82 20  -5.68
 ABUNDANCE CHANGE 21  -8.94 22  -7.05 23  -8.04 24  -6.37 25  -6.65 26  -4.37
 ABUNDANCE CHANGE 27  -7.12 28  -5.79 29  -7.83 30  -7.44 31  -9.16 32  -8.63
 ABUNDANCE CHANGE 33  -9.67 34  -8.69 35  -9.41 36  -8.81 37  -9.44 38  -9.14
 ABUNDANCE CHANGE 39  -9.80 40  -9.54 41 -10.62 42 -10.12 43 -20.00 44 -10.20
 ABUNDANCE CHANGE 45 -10.92 46 -10.35 47 -11.10 48 -10.18 49 -10.58 50 -10.04
 ABUNDANCE CHANGE 51 -11.04 52  -9.80 53 -10.53 54  -9.81 55 -10.92 56  -9.91
 ABUNDANCE CHANGE 57 -10.82 58 -10.49 59 -11.33 60 -10.54 61 -20.00 62 -11.04
 ABUNDANCE CHANGE 63 -11.53 64 -10.92 65 -11.94 66 -10.94 67 -11.78 68 -11.11
 ABUNDANCE CHANGE 69 -12.04 70 -10.96 71 -11.28 72 -11.16 73 -11.91 74 -10.93
 ABUNDANCE CHANGE 75 -11.77 76 -10.59 77 -10.69 78 -10.24 79 -11.03 80 -10.95
 ABUNDANCE CHANGE 81 -11.14 82 -10.19 83 -11.33 84 -20.00 85 -20.00 86 -20.00
 ABUNDANCE CHANGE 87 -20.00 88 -20.00 89 -20.00 90 -11.92 91 -20.00 92 -12.51
 ABUNDANCE CHANGE 93 -20.00 94 -20.00 95 -20.00 96 -20.00 97 -20.00 98 -20.00
 ABUNDANCE CHANGE 99 -20.00
READ DECK6 72 RHOX,T,P,XNE,ABROSS,ACCRAD,VTURB
 8.59806239E-05   5072.6 2.719E+00 1.003E+10 1.551E-03 6.939E-01 2.000E+05 0.000E+00 0.000E+00
 1.14571684E-04   5093.6 3.623E+00 1.237E+10 1.560E-03 7.031E-01 2.000E+05 0.000E+00 0.000E+00
 1.52042474E-04   5118.3 4.808E+00 1.539E+10 1.606E-03 6.939E-01 2.000E+05 0.000E+00 0.000E+00
 2.00097633E-04   5145.9 6.327E+00 1.921E+10 1.686E-03 6.776E-01 2.000E+05 0.000E+00 0.000E+00
 2.60631645E-04   5174.8 8.241E+00 2.393E+10 1.799E-03 6.585E-01 2.000E+05 0.000E+00 0.000E+00
 3.35869786E-04   5203.8 1.062E+01 2.963E+10 1.941E-03 6.395E-01 2.000E+05 0.000E+00 0.000E+00
 4.28483471E-04   5232.2 1.355E+01 3.641E+10 2.111E-03 6.229E-01 2.000E+05 0.000E+00 0.000E+00
 5.41702389E-04   5259.9 1.712E+01 4.438E+10 2.310E-03 6.093E-01 2.000E+05 0.000E+00 0.000E+00
 6.79221004E-04   5286.5 2.147E+01 5.368E+10 2.540E-03 5.985E-01 2.000E+05 0.000E+00 0.000E+00
 8.45604486E-04   5312.5 2.673E+01 6.455E+10 2.805E-03 5.912E-01 2.000E+05 0.000E+00 0.000E+00
 1.04601120E-03   5338.2 3.307E+01 7.723E+10 3.113E-03 5.871E-01 2.000E+05 0.000E+00 0.000E+00
 1.28624298E-03   5364.0 4.067E+01 9.211E+10 3.471E-03 5.857E-01 2.000E+05 0.000E+00 0.000E+00
 1.57295727E-03   5390.0 4.973E+01 1.095E+11 3.885E-03 5.857E-01 2.000E+05 0.000E+00 0.000E+00
 1.91382683E-03   5416.2 6.051E+01 1.299E+11 4.365E-03 5.872E-01 2.000E+05 0.000E+00 0.000E+00
 2.31771731E-03   5443.0 7.328E+01 1.537E+11 4.921E-03 5.901E-01 2.000E+05 0.000E+00 0.000E+00
 2.79467841E-03   5470.4 8.836E+01 1.817E+11 5.565E-03 5.942E-01 2.000E+05 0.000E+00 0.000E+00
 3.35623093E-03   5498.5 1.061E+02 2.147E+11 6.312E-03 6.002E-01 2.000E+05 0.000E+00 0.000E+00
 4.01553496E-03   5527.4 1.270E+02 2.535E+11 7.180E-03 6.092E-01 2.000E+05 0.000E+00 0.000E+00
 4.78723280E-03   5557.5 1.514E+02 2.994E+11 8.191E-03 6.190E-01 2.000E+05 0.000E+00 0.000E+00
 5.68818140E-03   5588.7 1.799E+02 3.536E+11 9.367E-03 6.292E-01 2.000E+05 0.000E+00 0.000E+00
 6.73770822E-03   5620.9 2.130E+02 4.177E+11 1.073E-02 6.401E-01 2.000E+05 0.000E+00 0.000E+00
 7.95823048E-03   5654.0 2.516E+02 4.934E+11 1.232E-02 6.519E-01 2.000E+05 0.000E+00 0.000E+00
 9.37544138E-03   5688.1 2.964E+02 5.828E+11 1.415E-02 6.646E-01 2.000E+05 0.000E+00 0.000E+00
 1.10188246E-02   5723.1 3.484E+02 6.886E+11 1.629E-02 6.795E-01 2.000E+05 0.000E+00 0.000E+00
 1.29219106E-02   5759.0 4.086E+02 8.134E+11 1.876E-02 6.964E-01 2.000E+05 0.000E+00 0.000E+00
 1.51235455E-02   5795.6 4.782E+02 9.605E+11 2.164E-02 7.159E-01 2.000E+05 0.000E+00 0.000E+00
 1.76688395E-02   5832.9 5.587E+02 1.134E+12 2.496E-02 7.369E-01 2.000E+05 0.000E+00 0.000E+00
 2.06112500E-02   5870.7 6.517E+02 1.337E+12 2.880E-02 7.596E-01 2.000E+05 0.000E+00 0.000E+00
 2.40138878E-02   5908.6 7.593E+02 1.575E+12 3.319E-02 7.842E-01 2.000E+05 0.000E+00 0.000E+00
 2.79526969E-02   5946.5 8.839E+02 1.852E+12 3.821E-02 8.115E-01 2.000E+05 0.000E+00 0.000E+00
 3.25181637E-02   5984.0 1.028E+03 2.173E+12 4.393E-02 8.427E-01 2.000E+05 0.000E+00 0.000E+00
 3.78187912E-02   6021.0 1.196E+03 2.544E+12 5.042E-02 8.806E-01 2.000E+05 0.000E+00 0.000E+00
 4.39827353E-02   6057.5 1.391E+03 2.972E+12 5.777E-02 9.240E-01 2.000E+05 0.000E+00 0.000E+00
 5.11622694E-02   6093.6 1.618E+03 3.467E+12 6.609E-02 9.735E-01 2.000E+05 0.000E+00 0.000E+00
 5.95348923E-02   6129.5 1.883E+03 4.039E+12 7.554E-02 1.030E+00 2.000E+05 0.000E+00 0.000E+00
 6.93078027E-02   6165.3 2.192E+03 4.702E+12 8.628E-02 1.095E+00 2.000E+05 0.000E+00 0.000E+00
 8.07195544E-02   6201.0 2.552E+03 5.469E+12 9.853E-02 1.172E+00 2.000E+05 0.000E+00 0.000E+00
 9.40431530E-02   6237.3 2.974E+03 6.364E+12 1.126E-01 1.261E+00 2.000E+05 0.000E+00 0.000E+00
 1.09583331E-01   6274.5 3.465E+03 7.415E+12 1.288E-01 1.366E+00 2.000E+05 0.000E+00 0.000E+00
 1.27677769E-01   6313.2 4.037E+03 8.656E+12 1.477E-01 1.490E+00 2.000E+05 0.000E+00 0.000E+00
 1.48702960E-01   6353.9 4.702E+03 1.013E+13 1.696E-01 1.634E+00 2.000E+05 0.000E+00 0.000E+00
 1.73070695E-01   6396.9 5.473E+03 1.190E+13 1.955E-01 1.805E+00 2.000E+05 0.000E+00 0.000E+00
 2.01216157E-01   6443.1 6.362E+03 1.403E+13 2.262E-01 2.010E+00 2.000E+05 0.000E+00 0.000E+00
 2.33572316E-01   6493.7 7.386E+03 1.665E+13 2.631E-01 2.262E+00 2.000E+05 0.000E+00 0.000E+00
 2.70531077E-01   6550.1 8.554E+03 1.993E+13 3.083E-01 2.575E+00 2.000E+05 0.000E+00 0.000E+00
 3.12382404E-01   6614.5 9.877E+03 2.411E+13 3.651E-01 2.977E+00 2.000E+05 0.000E+00 0.000E+00
 3.59095646E-01   6691.7 1.135E+04 2.972E+13 4.405E-01 3.527E+00 2.000E+05 1.787E-10 0.000E+00
 4.10226652E-01   6784.6 1.297E+04 3.740E+13 5.422E-01 4.279E+00 2.000E+05 3.691E-09 0.000E+00
 4.64965733E-01   6898.3 1.470E+04 4.832E+13 6.850E-01 5.366E+00 2.000E+05 2.266E-08 0.000E+00
 5.21372023E-01   7051.7 1.648E+04 6.576E+13 9.118E-01 7.144E+00 2.000E+05 2.651E-06 0.000E+00
 5.75594933E-01   7266.7 1.820E+04 9.650E+13 1.318E+00 1.028E+01 2.000E+05 3.776E-04 9.977E+02
 6.23675337E-01   7534.9 1.972E+04 1.484E+14 2.027E+00 1.531E+01 2.000E+05 1.995E-02 2.165E+03
 6.66029244E-01   7775.4 2.106E+04 2.129E+14 2.950E+00 2.053E+01 2.000E+05 7.779E-02 2.533E+03
 7.07510419E-01   7943.6 2.237E+04 2.727E+14 3.832E+00 2.410E+01 2.000E+05 1.361E-01 2.896E+03
 7.50204333E-01   8122.4 2.372E+04 3.501E+14 5.020E+00 2.877E+01 2.000E+05 1.949E-01 5.870E+03
 7.92943817E-01   8332.3 2.507E+04 4.601E+14 6.815E+00 3.582E+01 2.000E+05 2.512E-01 1.370E+04
 8.34144997E-01   8577.7 2.637E+04 6.186E+14 9.610E+00 4.689E+01 2.000E+05 3.037E-01 3.402E+04
 8.72174951E-01   8871.3 2.757E+04 8.553E+14 1.422E+01 6.501E+01 2.000E+05 3.487E-01 7.695E+04
 9.06044169E-01   9205.4 2.864E+04 1.194E+15 2.162E+01 9.585E+01 2.000E+05 3.638E-01 1.515E+05
 9.34388225E-01   9645.8 2.953E+04 1.757E+15 3.568E+01 1.521E+02 2.000E+05 3.835E-01 2.506E+05
 9.57435020E-01  10095.7 3.025E+04 2.474E+15 5.605E+01 1.901E+02 2.000E+05 5.085E-01 4.214E+05
 9.78795801E-01  10436.1 3.093E+04 3.113E+15 7.563E+01 1.716E+02 2.000E+05 6.701E-01 4.683E+05
 1.00087456E+00  10712.5 3.162E+04 3.687E+15 9.404E+01 1.509E+02 2.000E+05 7.614E-01 4.878E+05
 1.02499229E+00  10974.9 3.238E+04 4.270E+15 1.131E+02 1.366E+02 2.000E+05 8.213E-01 5.030E+05
 1.05212079E+00  11225.7 3.323E+04 4.855E+15 1.323E+02 1.283E+02 2.000E+05 8.575E-01 5.144E+05
 1.08341245E+00  11492.7 3.422E+04 5.493E+15 1.515E+02 1.254E+02 2.000E+05 8.817E-01 5.298E+05
 1.12012788E+00  11777.9 3.538E+04 6.177E+15 1.710E+02 1.175E+02 2.000E+05 8.926E-01 5.227E+05
 1.16406826E+00  12063.3 3.676E+04 6.872E+15 1.888E+02 1.316E+02 2.000E+05 9.085E-01 5.670E+05
 1.21706308E+00  12513.5 3.843E+04 7.799E+15 2.088E+02 1.323E+02 2.000E+05 8.968E-01 5.411E+05
 1.28284338E+00  12832.7 4.050E+04 8.534E+15 2.179E+02 4.748E+01 2.000E+05 9.612E-01 2.537E+05
 1.36710840E+00  12833.7 4.315E+04 8.992E+15 2.262E+02 3.149E+02 2.000E+05 8.652E-01 6.439E+05
 1.53042629E+00  16919.3 4.808E+04 9.722E+15 9.540E+01 5.555E+02 2.000E+05 1.186E-01 4.053E+05
PRADK 4.7853E+00
BEGIN                    ITERATION  15 COMPLETED
