TEFF   6500.  GRAVITY 2.50000 LTE
TITLE SDSC GRID  [+0.0]   VTURB 2.0 KM/S    L/H 1.25
 OPACITY IFOP 1 1 1 1 1 1 1 1 1 1 1 1 1 0 1 0 0 0 0 0
 CONVECTION ON   1.25 TURBULENCE OFF  0.00  0.00  0.00  0.00
ABUNDANCE SCALE   1.00000 ABUNDANCE CHANGE 1 0.91100 2 0.08900
 ABUNDANCE CHANGE  3 -10.88  4 -10.89  5  -9.44  6  -3.48  7  -3.99  8  -3.11
 ABUNDANCE CHANGE  9  -7.48 10  -3.95 11  -5.71 12  -4.46 13  -5.57 14  -4.49
 ABUNDANCE CHANGE 15  -6.59 16  -4.83 17  -6.54 18  -5.48 19  -6.82 20  -5.68
 ABUNDANCE CHANGE 21  -8.94 22  -7.05 23  -8.04 24  -6.37 25  -6.65 26  -4.37
 ABUNDANCE CHANGE 27  -7.12 28  -5.79 29  -7.83 30  -7.44 31  -9.16 32  -8.63
 ABUNDANCE CHANGE 33  -9.67 34  -8.69 35  -9.41 36  -8.81 37  -9.44 38  -9.14
 ABUNDANCE CHANGE 39  -9.80 40  -9.54 41 -10.62 42 -10.12 43 -20.00 44 -10.20
 ABUNDANCE CHANGE 45 -10.92 46 -10.35 47 -11.10 48 -10.18 49 -10.58 50 -10.04
 ABUNDANCE CHANGE 51 -11.04 52  -9.80 53 -10.53 54  -9.81 55 -10.92 56  -9.91
 ABUNDANCE CHANGE 57 -10.82 58 -10.49 59 -11.33 60 -10.54 61 -20.00 62 -11.04
 ABUNDANCE CHANGE 63 -11.53 64 -10.92 65 -11.94 66 -10.94 67 -11.78 68 -11.11
 ABUNDANCE CHANGE 69 -12.04 70 -10.96 71 -11.28 72 -11.16 73 -11.91 74 -10.93
 ABUNDANCE CHANGE 75 -11.77 76 -10.59 77 -10.69 78 -10.24 79 -11.03 80 -10.95
 ABUNDANCE CHANGE 81 -11.14 82 -10.19 83 -11.33 84 -20.00 85 -20.00 86 -20.00
 ABUNDANCE CHANGE 87 -20.00 88 -20.00 89 -20.00 90 -11.92 91 -20.00 92 -12.51
 ABUNDANCE CHANGE 93 -20.00 94 -20.00 95 -20.00 96 -20.00 97 -20.00 98 -20.00
 ABUNDANCE CHANGE 99 -20.00
READ DECK6 72 RHOX,T,P,XNE,ABROSS,ACCRAD,VTURB
 7.50872540E-04   4132.2 2.374E-01 1.204E+08 1.776E-04 3.455E-02 2.000E+05 0.000E+00 0.000E+00
 1.00460615E-03   4145.3 3.176E-01 1.512E+08 1.730E-04 3.509E-02 2.000E+05 0.000E+00 0.000E+00
 1.35052481E-03   4160.2 4.270E-01 1.918E+08 1.699E-04 3.545E-02 2.000E+05 0.000E+00 0.000E+00
 1.81741322E-03   4177.6 5.747E-01 2.454E+08 1.689E-04 3.571E-02 2.000E+05 0.000E+00 0.000E+00
 2.44069593E-03   4197.5 7.717E-01 3.161E+08 1.698E-04 3.595E-02 2.000E+05 0.000E+00 0.000E+00
 3.26180433E-03   4219.8 1.031E+00 4.085E+08 1.729E-04 3.608E-02 2.000E+05 0.000E+00 0.000E+00
 4.33070832E-03   4243.8 1.369E+00 5.279E+08 1.781E-04 3.651E-02 2.000E+05 0.000E+00 0.000E+00
 5.70541370E-03   4270.1 1.804E+00 6.823E+08 1.858E-04 3.670E-02 2.000E+05 0.000E+00 0.000E+00
 7.45287168E-03   4298.2 2.357E+00 8.801E+08 1.959E-04 3.661E-02 2.000E+05 0.000E+00 0.000E+00
 9.65082870E-03   4327.7 3.052E+00 1.132E+09 2.088E-04 3.626E-02 2.000E+05 0.000E+00 0.000E+00
 1.23875743E-02   4358.2 3.917E+00 1.449E+09 2.247E-04 3.603E-02 2.000E+05 0.000E+00 0.000E+00
 1.57615187E-02   4389.5 4.984E+00 1.845E+09 2.441E-04 3.595E-02 2.000E+05 0.000E+00 0.000E+00
 1.98833056E-02   4421.4 6.287E+00 2.337E+09 2.675E-04 3.579E-02 2.000E+05 0.000E+00 0.000E+00
 2.48812056E-02   4453.6 7.867E+00 2.945E+09 2.951E-04 3.546E-02 2.000E+05 0.000E+00 0.000E+00
 3.09049064E-02   4485.9 9.772E+00 3.689E+09 3.274E-04 3.499E-02 2.000E+05 0.000E+00 0.000E+00
 3.81241021E-02   4518.2 1.205E+01 4.595E+09 3.653E-04 3.473E-02 2.000E+05 0.000E+00 0.000E+00
 4.67341011E-02   4550.3 1.478E+01 5.694E+09 4.093E-04 3.439E-02 2.000E+05 0.000E+00 0.000E+00
 5.69601547E-02   4582.2 1.801E+01 7.018E+09 4.605E-04 3.412E-02 2.000E+05 0.000E+00 0.000E+00
 6.90507378E-02   4613.9 2.183E+01 8.611E+09 5.205E-04 3.409E-02 2.000E+05 0.000E+00 0.000E+00
 8.32909587E-02   4645.7 2.634E+01 1.052E+10 5.902E-04 3.405E-02 2.000E+05 0.000E+00 0.000E+00
 1.00015944E-01   4677.7 3.162E+01 1.282E+10 6.710E-04 3.400E-02 2.000E+05 0.000E+00 0.000E+00
 1.19596094E-01   4709.8 3.782E+01 1.557E+10 7.656E-04 3.428E-02 2.000E+05 0.000E+00 0.000E+00
 1.42451864E-01   4742.3 4.504E+01 1.886E+10 8.756E-04 3.450E-02 2.000E+05 0.000E+00 0.000E+00
 1.69077258E-01   4775.0 5.346E+01 2.279E+10 1.003E-03 3.464E-02 2.000E+05 0.000E+00 0.000E+00
 2.00022952E-01   4808.1 6.325E+01 2.749E+10 1.153E-03 3.495E-02 2.000E+05 0.000E+00 0.000E+00
 2.35902123E-01   4841.4 7.459E+01 3.309E+10 1.327E-03 3.538E-02 2.000E+05 0.000E+00 0.000E+00
 2.77436873E-01   4875.0 8.772E+01 3.976E+10 1.529E-03 3.582E-02 2.000E+05 0.000E+00 0.000E+00
 3.25472487E-01   4908.9 1.029E+02 4.769E+10 1.764E-03 3.634E-02 2.000E+05 0.000E+00 0.000E+00
 3.80966476E-01   4943.0 1.205E+02 5.712E+10 2.037E-03 3.716E-02 2.000E+05 0.000E+00 0.000E+00
 4.45010702E-01   4977.6 1.407E+02 6.835E+10 2.355E-03 3.799E-02 2.000E+05 0.000E+00 0.000E+00
 5.18889314E-01   5012.6 1.641E+02 8.170E+10 2.723E-03 3.885E-02 2.000E+05 0.000E+00 0.000E+00
 6.04035427E-01   5047.6 1.910E+02 9.751E+10 3.153E-03 4.016E-02 2.000E+05 0.000E+00 0.000E+00
 7.02067177E-01   5083.1 2.220E+02 1.163E+11 3.652E-03 4.162E-02 2.000E+05 0.000E+00 0.000E+00
 8.14903443E-01   5118.9 2.577E+02 1.386E+11 4.232E-03 4.323E-02 2.000E+05 0.000E+00 0.000E+00
 9.44786340E-01   5155.0 2.987E+02 1.650E+11 4.902E-03 4.503E-02 2.000E+05 0.000E+00 0.000E+00
 1.09429803E+00   5191.2 3.460E+02 1.962E+11 5.679E-03 4.727E-02 2.000E+05 0.000E+00 0.000E+00
 1.26635683E+00   5227.8 4.004E+02 2.333E+11 6.582E-03 4.992E-02 2.000E+05 0.000E+00 0.000E+00
 1.46436651E+00   5264.7 4.630E+02 2.771E+11 7.625E-03 5.293E-02 2.000E+05 0.000E+00 0.000E+00
 1.69225450E+00   5302.1 5.351E+02 3.291E+11 8.836E-03 5.639E-02 2.000E+05 0.000E+00 0.000E+00
 1.95449715E+00   5340.1 6.180E+02 3.909E+11 1.024E-02 6.039E-02 2.000E+05 0.000E+00 0.000E+00
 2.25607405E+00   5379.1 7.133E+02 4.649E+11 1.188E-02 6.521E-02 2.000E+05 0.000E+00 0.000E+00
 2.60204197E+00   5419.6 8.227E+02 5.538E+11 1.384E-02 7.135E-02 2.000E+05 0.000E+00 0.000E+00
 2.99758451E+00   5462.6 9.478E+02 6.625E+11 1.617E-02 7.878E-02 2.000E+05 0.000E+00 0.000E+00
 3.44778275E+00   5509.1 1.090E+03 7.971E+11 1.900E-02 8.809E-02 2.000E+05 0.000E+00 0.000E+00
 3.95692066E+00   5560.2 1.251E+03 9.669E+11 2.249E-02 9.977E-02 2.000E+05 0.000E+00 0.000E+00
 4.52817908E+00   5617.5 1.432E+03 1.185E+12 2.685E-02 1.145E-01 2.000E+05 0.000E+00 0.000E+00
 5.16274597E+00   5682.6 1.632E+03 1.473E+12 3.242E-02 1.335E-01 2.000E+05 2.503E-14 0.000E+00
 5.85838978E+00   5758.3 1.852E+03 1.865E+12 3.977E-02 1.591E-01 2.000E+05 1.407E-12 0.000E+00
 6.60544231E+00   5849.1 2.088E+03 2.424E+12 5.006E-02 1.966E-01 2.000E+05 5.277E-12 0.000E+00
 7.38410701E+00   5963.5 2.334E+03 3.285E+12 6.540E-02 2.560E-01 2.000E+05 6.174E-10 0.000E+00
 8.14322605E+00   6137.0 2.574E+03 4.948E+12 9.405E-02 3.644E-01 2.000E+05 1.011E-06 5.759E+01
 8.81722634E+00   6356.4 2.787E+03 7.945E+12 1.450E-01 5.368E-01 2.000E+05 2.512E-03 2.495E+02
 9.40499352E+00   6562.0 2.973E+03 1.207E+13 2.146E-01 7.235E-01 2.000E+05 6.361E-02 3.084E+02
 9.96891241E+00   6710.0 3.150E+03 1.620E+13 2.850E-01 8.605E-01 2.000E+05 1.269E-01 2.837E+02
 1.05464203E+01   6844.2 3.332E+03 2.099E+13 3.675E-01 1.004E+00 2.000E+05 1.863E-01 5.076E+02
 1.11359920E+01   6999.9 3.518E+03 2.788E+13 4.890E-01 1.227E+00 2.000E+05 2.435E-01 1.240E+03
 1.17192891E+01   7177.2 3.702E+03 3.779E+13 6.712E-01 1.608E+00 2.000E+05 2.903E-01 3.939E+03
 1.22450606E+01   7446.0 3.867E+03 5.744E+13 1.065E+00 2.447E+00 2.000E+05 3.232E-01 1.285E+04
 1.26905176E+01   7714.2 4.007E+03 8.443E+13 1.668E+00 3.726E+00 2.000E+05 3.537E-01 4.037E+04
 1.30341966E+01   8102.5 4.114E+03 1.387E+14 3.117E+00 6.596E+00 2.000E+05 3.858E-01 9.944E+04
 1.32952482E+01   8437.8 4.194E+03 2.035E+14 5.215E+00 1.048E+01 2.000E+05 4.156E-01 1.488E+05
 1.34811146E+01   8921.9 4.250E+03 3.286E+14 1.036E+01 1.879E+01 2.000E+05 4.559E-01 4.793E+05
 1.36240915E+01   9264.8 4.292E+03 4.400E+14 1.600E+01 1.854E+01 2.000E+05 6.486E-01 6.505E+05
 1.37571831E+01   9530.9 4.332E+03 5.375E+14 2.158E+01 1.621E+01 2.000E+05 7.805E-01 7.065E+05
 1.38946278E+01   9748.7 4.374E+03 6.231E+14 2.689E+01 1.384E+01 2.000E+05 8.426E-01 7.178E+05
 1.40449045E+01   9949.1 4.419E+03 7.044E+14 3.225E+01 1.292E+01 2.000E+05 8.813E-01 7.422E+05
 1.42136570E+01  10159.5 4.470E+03 7.904E+14 3.795E+01 1.243E+01 2.000E+05 9.045E-01 7.633E+05
 1.44073800E+01  10371.3 4.529E+03 8.755E+14 4.360E+01 1.187E+01 2.000E+05 9.173E-01 7.694E+05
 1.46338512E+01  10601.8 4.598E+03 9.639E+14 4.939E+01 1.254E+01 2.000E+05 9.270E-01 8.047E+05
 1.49017138E+01  10887.6 4.679E+03 1.062E+15 5.543E+01 1.257E+01 2.000E+05 9.310E-01 7.901E+05
 1.52259537E+01  11165.6 4.777E+03 1.146E+15 5.972E+01 1.589E+01 2.000E+05 9.235E-01 8.542E+05
 1.56421472E+01  11746.9 4.901E+03 1.255E+15 6.047E+01 2.155E+01 2.000E+05 8.955E-01 9.087E+05
PRADK 2.3650E+00
BEGIN                    ITERATION  15 COMPLETED
