EFF  21000.  GRAVITY 4.50000 LTE 
ITLE SDSC GRID  [-1.5]   VTURB 2.0 KM/S                                        
OPACITY IFOP 1 1 1 1 1 1 1 1 1 1 1 1 1 0 1 0 0 0 0 0
CONVECTION OFF  1.00 TURBULENCE OFF  0.00  0.00  0.00  0.00
BUNDANCE SCALE   0.03162 ABUNDANCE CHANGE 1 0.91100 2 0.08900
ABUNDANCE CHANGE  3 -10.88  4 -10.89  5  -9.44  6  -3.48  7  -3.99  8  -3.11
ABUNDANCE CHANGE  9  -7.48 10  -3.95 11  -5.71 12  -4.46 13  -5.57 14  -4.49
ABUNDANCE CHANGE 15  -6.59 16  -4.83 17  -6.54 18  -5.48 19  -6.82 20  -5.68
ABUNDANCE CHANGE 21  -8.94 22  -7.05 23  -8.04 24  -6.37 25  -6.65 26  -4.37
ABUNDANCE CHANGE 27  -7.12 28  -5.79 29  -7.83 30  -7.44 31  -9.16 32  -8.63
ABUNDANCE CHANGE 33  -9.67 34  -8.69 35  -9.41 36  -8.81 37  -9.44 38  -9.14
ABUNDANCE CHANGE 39  -9.80 40  -9.54 41 -10.62 42 -10.12 43 -20.00 44 -10.20
ABUNDANCE CHANGE 45 -10.92 46 -10.35 47 -11.10 48 -10.18 49 -10.58 50 -10.04
ABUNDANCE CHANGE 51 -11.04 52  -9.80 53 -10.53 54  -9.81 55 -10.92 56  -9.91
ABUNDANCE CHANGE 57 -10.82 58 -10.49 59 -11.33 60 -10.54 61 -20.00 62 -11.04
ABUNDANCE CHANGE 63 -11.53 64 -10.92 65 -11.94 66 -10.94 67 -11.78 68 -11.11
ABUNDANCE CHANGE 69 -12.04 70 -10.96 71 -11.28 72 -11.16 73 -11.91 74 -10.93
ABUNDANCE CHANGE 75 -11.77 76 -10.59 77 -10.69 78 -10.24 79 -11.03 80 -10.95
ABUNDANCE CHANGE 81 -11.14 82 -10.19 83 -11.33 84 -20.00 85 -20.00 86 -20.00
ABUNDANCE CHANGE 87 -20.00 88 -20.00 89 -20.00 90 -11.92 91 -20.00 92 -12.51
ABUNDANCE CHANGE 93 -20.00 94 -20.00 95 -20.00 96 -20.00 97 -20.00 98 -20.00
ABUNDANCE CHANGE 99 -20.00
EAD DECK6 64 RHOX,T,P,XNE,ABROSS,ACCRAD,VTURB
5.24936466E-06  11626.8 1.653E-01 5.110E+10 3.209E-01 1.416E+02 2.000E+05
5.53383746E-06  11693.5 1.742E-01 5.359E+10 3.209E-01 1.411E+02 2.000E+05
7.37755379E-06  11694.5 2.323E-01 7.132E+10 3.217E-01 1.445E+02 2.000E+05
9.83120772E-06  11695.5 3.095E-01 9.481E+10 3.227E-01 1.485E+02 2.000E+05
1.30904750E-05  11732.9 4.121E-01 1.256E+11 3.246E-01 1.523E+02 2.000E+05
1.74074115E-05  11763.9 5.479E-01 1.662E+11 3.270E-01 1.571E+02 2.000E+05
2.31145856E-05  11802.1 7.275E-01 2.196E+11 3.303E-01 1.627E+02 2.000E+05
3.06367900E-05  11843.8 9.641E-01 2.893E+11 3.346E-01 1.693E+02 2.000E+05
4.05180207E-05  11899.5 1.275E+00 3.801E+11 3.404E-01 1.764E+02 2.000E+05
5.34433027E-05  11961.3 1.681E+00 4.979E+11 3.477E-01 1.844E+02 2.000E+05
7.02788637E-05  12031.2 2.210E+00 6.498E+11 3.568E-01 1.929E+02 2.000E+05
9.21057029E-05  12109.2 2.896E+00 8.450E+11 3.678E-01 2.018E+02 2.000E+05
1.20265179E-04  12196.6 3.781E+00 1.094E+12 3.811E-01 2.105E+02 2.000E+05
1.56406891E-04  12288.4 4.916E+00 1.411E+12 3.970E-01 2.194E+02 2.000E+05
2.02553152E-04  12380.0 6.365E+00 1.811E+12 4.157E-01 2.292E+02 2.000E+05
2.61158587E-04  12471.3 8.205E+00 2.316E+12 4.376E-01 2.406E+02 2.000E+05
3.35192977E-04  12564.2 1.053E+01 2.947E+12 4.631E-01 2.540E+02 2.000E+05
4.28223585E-04  12665.4 1.345E+01 3.732E+12 4.927E-01 2.687E+02 2.000E+05
5.44555657E-04  12772.3 1.709E+01 4.703E+12 5.265E-01 2.845E+02 2.000E+05
6.89428671E-04  12884.8 2.163E+01 5.898E+12 5.648E-01 3.013E+02 2.000E+05
8.69208187E-04  13002.9 2.726E+01 7.364E+12 6.079E-01 3.189E+02 2.000E+05
1.09159274E-03  13127.0 3.422E+01 9.157E+12 6.563E-01 3.375E+02 2.000E+05
1.36585911E-03  13256.7 4.280E+01 1.134E+13 7.106E-01 3.567E+02 2.000E+05
1.70317050E-03  13388.7 5.334E+01 1.400E+13 7.715E-01 3.767E+02 2.000E+05
2.11689078E-03  13520.4 6.626E+01 1.722E+13 8.400E-01 3.980E+02 2.000E+05
2.62284365E-03  13649.2 8.205E+01 2.112E+13 9.173E-01 4.221E+02 2.000E+05
3.23964871E-03  13773.5 1.013E+02 2.584E+13 1.005E+00 4.507E+02 2.000E+05
3.98893358E-03  13894.6 1.246E+02 3.151E+13 1.105E+00 4.851E+02 2.000E+05
4.89603027E-03  14010.3 1.529E+02 3.832E+13 1.219E+00 5.265E+02 2.000E+05
5.99115335E-03  14122.9 1.869E+02 4.646E+13 1.348E+00 5.767E+02 2.000E+05
7.31001501E-03  14236.5 2.278E+02 5.617E+13 1.494E+00 6.373E+02 2.000E+05
8.89620626E-03  14354.9 2.769E+02 6.770E+13 1.657E+00 7.085E+02 2.000E+05
1.08050552E-02  14486.4 3.358E+02 8.136E+13 1.834E+00 7.909E+02 2.000E+05
1.31075143E-02  14640.9 4.067E+02 9.753E+13 2.025E+00 8.812E+02 2.000E+05
1.58952342E-02  14819.7 4.923E+02 1.167E+14 2.225E+00 9.779E+02 2.000E+05
1.92873535E-02  15029.4 5.960E+02 1.395E+14 2.432E+00 1.079E+03 2.000E+05
2.34407382E-02  15276.9 7.227E+02 1.667E+14 2.640E+00 1.183E+03 2.000E+05
2.85633075E-02  15569.1 8.783E+02 1.993E+14 2.843E+00 1.287E+03 2.000E+05
3.49319708E-02  15917.3 1.071E+03 2.385E+14 3.038E+00 1.390E+03 2.000E+05
4.29125366E-02  16337.0 1.312E+03 2.856E+14 3.221E+00 1.486E+03 2.000E+05
5.29967188E-02  16822.6 1.615E+03 3.428E+14 3.384E+00 1.571E+03 2.000E+05
6.58659050E-02  17385.7 2.002E+03 4.124E+14 3.519E+00 1.640E+03 2.000E+05
8.24477214E-02  18035.0 2.498E+03 4.976E+14 3.627E+00 1.691E+03 2.000E+05
1.03964950E-01  18776.7 3.142E+03 6.024E+14 3.719E+00 1.725E+03 2.000E+05
1.31973264E-01  19613.1 3.979E+03 7.315E+14 3.809E+00 1.746E+03 2.000E+05
1.68448555E-01  20539.8 5.069E+03 8.906E+14 3.902E+00 1.754E+03 2.000E+05
2.15829993E-01  21555.3 6.484E+03 1.086E+15 4.014E+00 1.759E+03 2.000E+05
2.77087917E-01  22658.8 8.313E+03 1.325E+15 4.150E+00 1.767E+03 2.000E+05
3.55906495E-01  23851.7 1.067E+04 1.616E+15 4.313E+00 1.780E+03 2.000E+05
4.56617173E-01  25143.2 1.367E+04 1.964E+15 4.519E+00 1.812E+03 2.000E+05
5.84324609E-01  26544.9 1.747E+04 2.379E+15 4.765E+00 1.862E+03 2.000E+05
7.45612065E-01  28074.1 2.227E+04 2.866E+15 5.040E+00 1.930E+03 2.000E+05
9.48082350E-01  29749.0 2.827E+04 3.435E+15 5.376E+00 2.025E+03 2.000E+05
1.20094400E+00  31587.8 3.574E+04 4.090E+15 5.749E+00 2.140E+03 2.000E+05
1.51424895E+00  33604.9 4.495E+04 4.839E+15 6.224E+00 2.298E+03 2.000E+05
1.89925600E+00  35821.4 5.621E+04 5.686E+15 6.768E+00 2.485E+03 2.000E+05
2.36866114E+00  38241.9 6.983E+04 6.645E+15 7.442E+00 2.720E+03 2.000E+05
2.93833874E+00  40902.7 8.622E+04 7.733E+15 8.136E+00 2.956E+03 2.000E+05
3.65115448E+00  43798.6 1.066E+05 9.019E+15 8.401E+00 3.052E+03 2.000E+05
4.62854040E+00  46999.7 1.346E+05 1.070E+16 7.783E+00 2.847E+03 2.000E+05
6.06985872E+00  50378.9 1.763E+05 1.313E+16 6.848E+00 2.513E+03 2.000E+05
8.26600038E+00  54046.7 2.406E+05 1.674E+16 6.045E+00 2.210E+03 2.000E+05
1.15366308E+01  57963.0 3.373E+05 2.190E+16 5.474E+00 1.982E+03 2.000E+05
1.62728242E+01  62159.8 4.778E+05 2.895E+16 5.057E+00 1.900E+03 2.000E+05
RADK 3.5101E+02
EGIN                    ITERATION   9 COMPLETED
