TEFF  13000.  GRAVITY 3.50000 LTE
TITLE SDSC GRID  [+1.0]   VTURB 2.0 KM/S
 OPACITY IFOP 1 1 1 1 1 1 1 1 1 1 1 1 1 0 1 0 0 0 0 0
 CONVECTION OFF  1.00 TURBULENCE OFF  0.00  0.00  0.00  0.00
ABUNDANCE SCALE  10.00000 ABUNDANCE CHANGE 1 0.91100 2 0.08900
 ABUNDANCE CHANGE  3 -10.88  4 -10.89  5  -9.44  6  -3.48  7  -3.99  8  -3.11
 ABUNDANCE CHANGE  9  -7.48 10  -3.95 11  -5.71 12  -4.46 13  -5.57 14  -4.49
 ABUNDANCE CHANGE 15  -6.59 16  -4.83 17  -6.54 18  -5.48 19  -6.82 20  -5.68
 ABUNDANCE CHANGE 21  -8.94 22  -7.05 23  -8.04 24  -6.37 25  -6.65 26  -4.37
 ABUNDANCE CHANGE 27  -7.12 28  -5.79 29  -7.83 30  -7.44 31  -9.16 32  -8.63
 ABUNDANCE CHANGE 33  -9.67 34  -8.69 35  -9.41 36  -8.81 37  -9.44 38  -9.14
 ABUNDANCE CHANGE 39  -9.80 40  -9.54 41 -10.62 42 -10.12 43 -20.00 44 -10.20
 ABUNDANCE CHANGE 45 -10.92 46 -10.35 47 -11.10 48 -10.18 49 -10.58 50 -10.04
 ABUNDANCE CHANGE 51 -11.04 52  -9.80 53 -10.53 54  -9.81 55 -10.92 56  -9.91
 ABUNDANCE CHANGE 57 -10.82 58 -10.49 59 -11.33 60 -10.54 61 -20.00 62 -11.04
 ABUNDANCE CHANGE 63 -11.53 64 -10.92 65 -11.94 66 -10.94 67 -11.78 68 -11.11
 ABUNDANCE CHANGE 69 -12.04 70 -10.96 71 -11.28 72 -11.16 73 -11.91 74 -10.93
 ABUNDANCE CHANGE 75 -11.77 76 -10.59 77 -10.69 78 -10.24 79 -11.03 80 -10.95
 ABUNDANCE CHANGE 81 -11.14 82 -10.19 83 -11.33 84 -20.00 85 -20.00 86 -20.00
 ABUNDANCE CHANGE 87 -20.00 88 -20.00 89 -20.00 90 -11.92 91 -20.00 92 -12.51
 ABUNDANCE CHANGE 93 -20.00 94 -20.00 95 -20.00 96 -20.00 97 -20.00 98 -20.00
 ABUNDANCE CHANGE 99 -20.00
READ DECK6 64 RHOX,T,P,XNE,ABROSS,ACCRAD,VTURB
 4.89338569E-06   6488.7 1.259E-02 6.084E+09 2.752E-01 5.617E+02 2.000E+05
 6.39836049E-06   7202.6 1.675E-02 7.977E+09 2.888E-01 4.172E+02 2.000E+05
 8.42975648E-06   7280.2 2.236E-02 1.053E+10 2.924E-01 3.845E+02 2.000E+05
 1.11156831E-05   7359.7 2.984E-02 1.390E+10 2.969E-01 3.711E+02 2.000E+05
 1.46349568E-05   7438.2 3.969E-02 1.829E+10 3.018E-01 3.565E+02 2.000E+05
 1.92517684E-05   7517.9 5.266E-02 2.400E+10 3.075E-01 3.486E+02 2.000E+05
 2.52835500E-05   7600.2 6.965E-02 3.139E+10 3.142E-01 3.440E+02 2.000E+05
 3.31568789E-05   7684.7 9.191E-02 4.096E+10 3.211E-01 3.240E+02 2.000E+05
 4.34170457E-05   7768.3 1.211E-01 5.339E+10 3.288E-01 3.032E+02 2.000E+05
 5.67601616E-05   7851.5 1.594E-01 6.948E+10 3.378E-01 2.881E+02 2.000E+05
 7.40384694E-05   7935.9 2.091E-01 9.016E+10 3.485E-01 2.812E+02 2.000E+05
 9.63111290E-05   8023.7 2.733E-01 1.165E+11 3.614E-01 2.812E+02 2.000E+05
 1.24896906E-04   8116.5 3.557E-01 1.498E+11 3.761E-01 2.813E+02 2.000E+05
 1.61546193E-04   8212.5 4.616E-01 1.922E+11 3.912E-01 2.607E+02 2.000E+05
 2.08413164E-04   8307.2 5.980E-01 2.461E+11 4.089E-01 2.465E+02 2.000E+05
 2.68032712E-04   8403.3 7.721E-01 3.141E+11 4.298E-01 2.390E+02 2.000E+05
 3.43453447E-04   8502.3 9.927E-01 3.991E+11 4.543E-01 2.365E+02 2.000E+05
 4.38460025E-04   8605.7 1.271E+00 5.048E+11 4.815E-01 2.284E+02 2.000E+05
 5.57664831E-04   8710.7 1.621E+00 6.361E+11 5.133E-01 2.250E+02 2.000E+05
 7.06749690E-04   8817.9 2.060E+00 7.986E+11 5.475E-01 2.115E+02 2.000E+05
 8.92510815E-04   8922.2 2.609E+00 9.996E+11 5.875E-01 2.038E+02 2.000E+05
 1.12277019E-03   9026.3 3.291E+00 1.246E+12 6.336E-01 1.994E+02 2.000E+05
 1.40703915E-03   9130.5 4.134E+00 1.548E+12 6.854E-01 1.933E+02 2.000E+05
 1.75636018E-03   9233.9 5.171E+00 1.914E+12 7.457E-01 1.916E+02 2.000E+05
 2.18359049E-03   9338.5 6.440E+00 2.357E+12 8.150E-01 1.931E+02 2.000E+05
 2.70479682E-03   9445.5 7.989E+00 2.891E+12 8.908E-01 1.894E+02 2.000E+05
 3.33916924E-03   9551.4 9.875E+00 3.534E+12 9.780E-01 1.889E+02 2.000E+05
 4.10908227E-03   9657.9 1.216E+01 4.305E+12 1.075E+00 1.863E+02 2.000E+05
 5.04073706E-03   9763.4 1.494E+01 5.229E+12 1.188E+00 1.868E+02 2.000E+05
 6.16347188E-03   9869.3 1.828E+01 6.329E+12 1.317E+00 1.899E+02 2.000E+05
 7.51179724E-03   9977.3 2.228E+01 7.632E+12 1.464E+00 1.955E+02 2.000E+05
 9.12984053E-03  10087.2 2.708E+01 9.175E+12 1.625E+00 1.988E+02 2.000E+05
 1.10729636E-02  10196.9 3.283E+01 1.100E+13 1.806E+00 2.028E+02 2.000E+05
 1.34047324E-02  10307.2 3.973E+01 1.317E+13 2.007E+00 2.070E+02 2.000E+05
 1.61997210E-02  10419.7 4.798E+01 1.574E+13 2.234E+00 2.146E+02 2.000E+05
 1.95467584E-02  10538.6 5.783E+01 1.876E+13 2.488E+00 2.248E+02 2.000E+05
 2.35574746E-02  10668.2 6.958E+01 2.230E+13 2.767E+00 2.372E+02 2.000E+05
 2.83722510E-02  10812.9 8.363E+01 2.646E+13 3.069E+00 2.512E+02 2.000E+05
 3.41721342E-02  10977.5 1.005E+02 3.133E+13 3.392E+00 2.665E+02 2.000E+05
 4.11914032E-02  11166.7 1.207E+02 3.705E+13 3.723E+00 2.807E+02 2.000E+05
 4.97568008E-02  11379.6 1.454E+02 4.383E+13 4.049E+00 2.916E+02 2.000E+05
 6.03147446E-02  11621.9 1.756E+02 5.191E+13 4.362E+00 3.010E+02 2.000E+05
 7.34422522E-02  11900.8 2.131E+02 6.159E+13 4.659E+00 3.099E+02 2.000E+05
 8.99266386E-02  12224.4 2.601E+02 7.327E+13 4.921E+00 3.171E+02 2.000E+05
 1.10855198E-01  12600.3 3.196E+02 8.747E+13 5.140E+00 3.224E+02 2.000E+05
 1.37692849E-01  13036.9 3.957E+02 1.049E+14 5.323E+00 3.257E+02 2.000E+05
 1.72509380E-01  13538.4 4.945E+02 1.265E+14 5.442E+00 3.259E+02 2.000E+05
 2.18145050E-01  14112.6 6.240E+02 1.538E+14 5.501E+00 3.228E+02 2.000E+05
 2.77840530E-01  14770.3 7.934E+02 1.881E+14 5.657E+00 3.277E+02 2.000E+05
 3.56001684E-01  15513.5 1.015E+03 2.312E+14 5.736E+00 3.267E+02 2.000E+05
 4.58013466E-01  16350.4 1.304E+03 2.846E+14 5.895E+00 3.313E+02 2.000E+05
 5.90781220E-01  17279.3 1.680E+03 3.495E+14 6.020E+00 3.347E+02 2.000E+05
 7.64854678E-01  18316.2 2.172E+03 4.284E+14 6.096E+00 3.355E+02 2.000E+05
 9.93285330E-01  19456.2 2.817E+03 5.244E+14 6.208E+00 3.408E+02 2.000E+05
 1.29435232E+00  20724.6 3.666E+03 6.416E+14 6.251E+00 3.414E+02 2.000E+05
 1.69139481E+00  22111.4 4.785E+03 7.855E+14 6.337E+00 3.471E+02 2.000E+05
 2.22026842E+00  23628.4 6.276E+03 9.645E+14 6.269E+00 3.391E+02 2.000E+05
 2.92952662E+00  25270.3 8.278E+03 1.190E+15 6.278E+00 3.400E+02 2.000E+05
 3.86368556E+00  27058.2 1.091E+04 1.465E+15 6.440E+00 3.451E+02 2.000E+05
 5.05790161E+00  28985.5 1.427E+04 1.788E+15 6.820E+00 3.647E+02 2.000E+05
 6.54223044E+00  31081.2 1.840E+04 2.152E+15 7.401E+00 3.948E+02 2.000E+05
 8.35315370E+00  33339.5 2.337E+04 2.552E+15 8.138E+00 4.340E+02 2.000E+05
 1.05478567E+01  35797.8 2.931E+04 2.992E+15 8.929E+00 4.760E+02 2.000E+05
 1.32594856E+01  38437.0 3.661E+04 3.507E+15 9.528E+00 4.670E+02 2.000E+05
PRADK 3.8530E+01
BEGIN                    ITERATION  15 COMPLETED
