TEFF   8750.  GRAVITY 4.50000 LTE
TITLE SDSC GRID  [+0.0]   VTURB 2.0 KM/S    L/H 1.25
 OPACITY IFOP 1 1 1 1 1 1 1 1 1 1 1 1 1 0 1 0 0 0 0 0
 CONVECTION ON   1.25 TURBULENCE OFF  0.00  0.00  0.00  0.00
ABUNDANCE SCALE   1.00000 ABUNDANCE CHANGE 1 0.91100 2 0.08900
 ABUNDANCE CHANGE  3 -10.88  4 -10.89  5  -9.44  6  -3.48  7  -3.99  8  -3.11
 ABUNDANCE CHANGE  9  -7.48 10  -3.95 11  -5.71 12  -4.46 13  -5.57 14  -4.49
 ABUNDANCE CHANGE 15  -6.59 16  -4.83 17  -6.54 18  -5.48 19  -6.82 20  -5.68
 ABUNDANCE CHANGE 21  -8.94 22  -7.05 23  -8.04 24  -6.37 25  -6.65 26  -4.37
 ABUNDANCE CHANGE 27  -7.12 28  -5.79 29  -7.83 30  -7.44 31  -9.16 32  -8.63
 ABUNDANCE CHANGE 33  -9.67 34  -8.69 35  -9.41 36  -8.81 37  -9.44 38  -9.14
 ABUNDANCE CHANGE 39  -9.80 40  -9.54 41 -10.62 42 -10.12 43 -20.00 44 -10.20
 ABUNDANCE CHANGE 45 -10.92 46 -10.35 47 -11.10 48 -10.18 49 -10.58 50 -10.04
 ABUNDANCE CHANGE 51 -11.04 52  -9.80 53 -10.53 54  -9.81 55 -10.92 56  -9.91
 ABUNDANCE CHANGE 57 -10.82 58 -10.49 59 -11.33 60 -10.54 61 -20.00 62 -11.04
 ABUNDANCE CHANGE 63 -11.53 64 -10.92 65 -11.94 66 -10.94 67 -11.78 68 -11.11
 ABUNDANCE CHANGE 69 -12.04 70 -10.96 71 -11.28 72 -11.16 73 -11.91 74 -10.93
 ABUNDANCE CHANGE 75 -11.77 76 -10.59 77 -10.69 78 -10.24 79 -11.03 80 -10.95
 ABUNDANCE CHANGE 81 -11.14 82 -10.19 83 -11.33 84 -20.00 85 -20.00 86 -20.00
 ABUNDANCE CHANGE 87 -20.00 88 -20.00 89 -20.00 90 -11.92 91 -20.00 92 -12.51
 ABUNDANCE CHANGE 93 -20.00 94 -20.00 95 -20.00 96 -20.00 97 -20.00 98 -20.00
 ABUNDANCE CHANGE 99 -20.00
READ DECK6 72 RHOX,T,P,XNE,ABROSS,ACCRAD,VTURB
 1.58180547E-05   5466.4 5.001E-01 1.298E+10 8.430E-03 5.826E+00 2.000E+05 0.000E+00 0.000E+00
 2.11339965E-05   5500.2 6.682E-01 1.644E+10 8.303E-03 5.666E+00 2.000E+05 0.000E+00 0.000E+00
 2.83261773E-05   5533.6 8.956E-01 2.081E+10 8.190E-03 5.449E+00 2.000E+05 0.000E+00 0.000E+00
 3.79788646E-05   5570.5 1.201E+00 2.656E+10 8.197E-03 5.234E+00 2.000E+05 0.000E+00 0.000E+00
 5.07668314E-05   5609.5 1.605E+00 3.398E+10 8.308E-03 5.030E+00 2.000E+05 0.000E+00 0.000E+00
 6.74921331E-05   5649.6 2.134E+00 4.340E+10 8.517E-03 4.839E+00 2.000E+05 0.000E+00 0.000E+00
 8.91248250E-05   5690.4 2.818E+00 5.527E+10 8.827E-03 4.658E+00 2.000E+05 0.000E+00 0.000E+00
 1.16806075E-04   5731.5 3.693E+00 7.004E+10 9.244E-03 4.489E+00 2.000E+05 0.000E+00 0.000E+00
 1.51886538E-04   5772.2 4.802E+00 8.823E+10 9.771E-03 4.336E+00 2.000E+05 0.000E+00 0.000E+00
 1.95949313E-04   5812.4 6.196E+00 1.104E+11 1.041E-02 4.201E+00 2.000E+05 0.000E+00 0.000E+00
 2.50887675E-04   5851.5 7.933E+00 1.371E+11 1.117E-02 4.085E+00 2.000E+05 0.000E+00 0.000E+00
 3.18959016E-04   5889.5 1.008E+01 1.689E+11 1.206E-02 3.993E+00 2.000E+05 0.000E+00 0.000E+00
 4.02740552E-04   5927.1 1.273E+01 2.071E+11 1.311E-02 3.931E+00 2.000E+05 0.000E+00 0.000E+00
 5.05197531E-04   5964.0 1.597E+01 2.524E+11 1.434E-02 3.889E+00 2.000E+05 0.000E+00 0.000E+00
 6.29712119E-04   6000.9 1.991E+01 3.063E+11 1.578E-02 3.866E+00 2.000E+05 0.000E+00 0.000E+00
 7.80046111E-04   6038.2 2.466E+01 3.704E+11 1.749E-02 3.857E+00 2.000E+05 0.000E+00 0.000E+00
 9.60395409E-04   6076.1 3.037E+01 4.467E+11 1.950E-02 3.859E+00 2.000E+05 0.000E+00 0.000E+00
 1.17541360E-03   6114.8 3.717E+01 5.374E+11 2.187E-02 3.879E+00 2.000E+05 0.000E+00 0.000E+00
 1.43030128E-03   6154.6 4.522E+01 6.455E+11 2.467E-02 3.907E+00 2.000E+05 0.000E+00 0.000E+00
 1.73083827E-03   6195.4 5.473E+01 7.739E+11 2.796E-02 3.943E+00 2.000E+05 0.000E+00 0.000E+00
 2.08359485E-03   6237.2 6.588E+01 9.262E+11 3.183E-02 3.985E+00 2.000E+05 0.000E+00 0.000E+00
 2.49613789E-03   6279.9 7.893E+01 1.107E+12 3.635E-02 4.031E+00 2.000E+05 0.000E+00 0.000E+00
 2.97729515E-03   6323.4 9.414E+01 1.319E+12 4.160E-02 4.078E+00 2.000E+05 0.000E+00 0.000E+00
 3.53740973E-03   6367.4 1.118E+02 1.570E+12 4.770E-02 4.137E+00 2.000E+05 0.000E+00 0.000E+00
 4.18865353E-03   6411.8 1.324E+02 1.864E+12 5.472E-02 4.202E+00 2.000E+05 0.000E+00 0.000E+00
 4.94565370E-03   6456.1 1.564E+02 2.208E+12 6.276E-02 4.273E+00 2.000E+05 0.000E+00 0.000E+00
 5.82615612E-03   6500.1 1.842E+02 2.606E+12 7.191E-02 4.352E+00 2.000E+05 0.000E+00 0.000E+00
 6.85160564E-03   6543.6 2.166E+02 3.068E+12 8.229E-02 4.447E+00 2.000E+05 0.000E+00 0.000E+00
 8.04755047E-03   6586.5 2.545E+02 3.602E+12 9.403E-02 4.558E+00 2.000E+05 0.000E+00 0.000E+00
 9.44411992E-03   6628.9 2.986E+02 4.219E+12 1.073E-01 4.694E+00 2.000E+05 0.000E+00 0.000E+00
 1.10761526E-02   6671.0 3.502E+02 4.932E+12 1.225E-01 4.866E+00 2.000E+05 0.000E+00 0.000E+00
 1.29835331E-02   6713.3 4.105E+02 5.762E+12 1.397E-01 5.068E+00 2.000E+05 0.000E+00 0.000E+00
 1.52124234E-02   6756.0 4.810E+02 6.727E+12 1.595E-01 5.296E+00 2.000E+05 0.000E+00 0.000E+00
 1.78166678E-02   6799.0 5.633E+02 7.850E+12 1.820E-01 5.555E+00 2.000E+05 0.000E+00 0.000E+00
 2.08591459E-02   6842.3 6.595E+02 9.156E+12 2.078E-01 5.848E+00 2.000E+05 0.000E+00 0.000E+00
 2.44131595E-02   6886.2 7.719E+02 1.068E+13 2.372E-01 6.182E+00 2.000E+05 0.000E+00 0.000E+00
 2.85638666E-02   6930.5 9.031E+02 1.245E+13 2.709E-01 6.562E+00 2.000E+05 0.000E+00 0.000E+00
 3.34090400E-02   6975.8 1.056E+03 1.451E+13 3.096E-01 7.005E+00 2.000E+05 0.000E+00 0.000E+00
 3.90578531E-02   7022.3 1.235E+03 1.694E+13 3.544E-01 7.527E+00 2.000E+05 0.000E+00 0.000E+00
 4.56343606E-02   7070.2 1.443E+03 1.979E+13 4.062E-01 8.135E+00 2.000E+05 0.000E+00 0.000E+00
 5.32743417E-02   7120.3 1.684E+03 2.316E+13 4.670E-01 8.860E+00 2.000E+05 0.000E+00 0.000E+00
 6.21189133E-02   7173.4 1.964E+03 2.719E+13 5.390E-01 9.730E+00 2.000E+05 0.000E+00 0.000E+00
 7.23114677E-02   7230.5 2.286E+03 3.205E+13 6.255E-01 1.079E+01 2.000E+05 0.000E+00 0.000E+00
 8.39836151E-02   7293.3 2.655E+03 3.800E+13 7.311E-01 1.210E+01 2.000E+05 0.000E+00 0.000E+00
 9.72399176E-02   7363.3 3.074E+03 4.538E+13 8.626E-01 1.376E+01 2.000E+05 0.000E+00 0.000E+00
 1.12124644E-01   7443.3 3.545E+03 5.476E+13 1.031E+00 1.592E+01 2.000E+05 0.000E+00 0.000E+00
 1.28600856E-01   7535.2 4.065E+03 6.682E+13 1.252E+00 1.875E+01 2.000E+05 0.000E+00 0.000E+00
 1.46530070E-01   7641.9 4.632E+03 8.265E+13 1.550E+00 2.258E+01 2.000E+05 0.000E+00 0.000E+00
 1.65632434E-01   7766.6 5.236E+03 1.038E+14 1.962E+00 2.787E+01 2.000E+05 9.831E-13 0.000E+00
 1.85495747E-01   7912.7 5.863E+03 1.325E+14 2.549E+00 3.538E+01 2.000E+05 3.094E-11 2.975E+02
 2.05582762E-01   8084.4 6.497E+03 1.723E+14 3.414E+00 4.636E+01 2.000E+05 4.007E-10 7.300E+02
 2.25237357E-01   8287.0 7.118E+03 2.284E+14 4.738E+00 6.280E+01 2.000E+05 4.401E-09 1.471E+03
 2.43769867E-01   8525.2 7.703E+03 3.084E+14 6.826E+00 8.818E+01 2.000E+05 7.476E-08 3.173E+03
 2.60662091E-01   8800.1 8.235E+03 4.214E+14 1.015E+01 1.278E+02 2.000E+05 1.986E-06 8.192E+03
 2.75417952E-01   9132.9 8.699E+03 5.887E+14 1.583E+01 1.929E+02 2.000E+05 5.844E-05 2.336E+04
 2.88113803E-01   9491.9 9.098E+03 8.084E+14 2.441E+01 2.895E+02 2.000E+05 8.714E-04 6.717E+04
 2.98827410E-01   9940.7 9.433E+03 1.128E+15 3.894E+01 4.480E+02 2.000E+05 6.538E-03 1.458E+05
 3.08198073E-01  10398.9 9.724E+03 1.489E+15 5.689E+01 6.304E+02 2.000E+05 2.021E-02 2.461E+05
 3.16926826E-01  10945.0 9.994E+03 1.908E+15 7.900E+01 8.537E+02 2.000E+05 3.787E-02 3.183E+05
 3.25938271E-01  11513.1 1.027E+04 2.272E+15 9.509E+01 1.016E+03 2.000E+05 5.239E-02 3.773E+05
 3.36702164E-01  12203.9 1.060E+04 2.560E+15 9.879E+01 1.089E+03 2.000E+05 2.009E-02 2.631E+05
 3.51810326E-01  12989.0 1.106E+04 2.727E+15 8.739E+01 9.812E+02 2.000E+05 2.614E-03 1.185E+05
 3.75720720E-01  13864.8 1.180E+04 2.835E+15 6.958E+01 7.830E+02 2.000E+05 1.064E-04 2.640E+04
 4.16700800E-01  14810.5 1.306E+04 2.993E+15 5.415E+01 6.037E+02 2.000E+05 6.075E-07 6.044E+03
 4.86025055E-01  15842.5 1.522E+04 3.295E+15 4.348E+01 4.825E+02 2.000E+05 8.439E-09 2.483E+03
 5.96866304E-01  16953.0 1.867E+04 3.817E+15 3.761E+01 4.159E+02 2.000E+05 5.185E-09 2.222E+03
 7.62267204E-01  18163.6 2.384E+04 4.606E+15 3.457E+01 3.814E+02 2.000E+05 7.016E-09 2.366E+03
 9.96433670E-01  19468.6 3.116E+04 5.683E+15 3.321E+01 3.659E+02 2.000E+05 2.204E-09 1.417E+03
 1.31667020E+00  20884.8 4.117E+04 7.057E+15 3.275E+01 3.599E+02 2.000E+05 7.817E-11 0.000E+00
 1.74699300E+00  22408.1 5.462E+04 8.764E+15 3.269E+01 3.586E+02 2.000E+05 0.000E+00 0.000E+00
 2.31753416E+00  24057.8 7.246E+04 1.085E+16 3.310E+01 3.611E+02 2.000E+05 0.000E+00 0.000E+00
 3.06437347E+00  25828.1 9.581E+04 1.338E+16 3.388E+01 3.523E+02 2.000E+05 0.000E+00 0.000E+00
PRADK 7.8441E+00
BEGIN                    ITERATION  15 COMPLETED
