EFF   9250.  GRAVITY 2.00000 LTE 
ITLE SDSC GRID  [-5.0]   VTURB 2.0 KM/S                                        
OPACITY IFOP 1 1 1 1 1 1 1 1 1 1 1 1 1 0 1 0 0 0 0 0
CONVECTION OFF  1.00 TURBULENCE OFF  0.00  0.00  0.00  0.00
BUNDANCE SCALE   0.00001 ABUNDANCE CHANGE 1 0.91100 2 0.08900
ABUNDANCE CHANGE  3 -10.88  4 -10.89  5  -9.44  6  -3.48  7  -3.99  8  -3.11
ABUNDANCE CHANGE  9  -7.48 10  -3.95 11  -5.71 12  -4.46 13  -5.57 14  -4.49
ABUNDANCE CHANGE 15  -6.59 16  -4.83 17  -6.54 18  -5.48 19  -6.82 20  -5.68
ABUNDANCE CHANGE 21  -8.94 22  -7.05 23  -8.04 24  -6.37 25  -6.65 26  -4.37
ABUNDANCE CHANGE 27  -7.12 28  -5.79 29  -7.83 30  -7.44 31  -9.16 32  -8.63
ABUNDANCE CHANGE 33  -9.67 34  -8.69 35  -9.41 36  -8.81 37  -9.44 38  -9.14
ABUNDANCE CHANGE 39  -9.80 40  -9.54 41 -10.62 42 -10.12 43 -20.00 44 -10.20
ABUNDANCE CHANGE 45 -10.92 46 -10.35 47 -11.10 48 -10.18 49 -10.58 50 -10.04
ABUNDANCE CHANGE 51 -11.04 52  -9.80 53 -10.53 54  -9.81 55 -10.92 56  -9.91
ABUNDANCE CHANGE 57 -10.82 58 -10.49 59 -11.33 60 -10.54 61 -20.00 62 -11.04
ABUNDANCE CHANGE 63 -11.53 64 -10.92 65 -11.94 66 -10.94 67 -11.78 68 -11.11
ABUNDANCE CHANGE 69 -12.04 70 -10.96 71 -11.28 72 -11.16 73 -11.91 74 -10.93
ABUNDANCE CHANGE 75 -11.77 76 -10.59 77 -10.69 78 -10.24 79 -11.03 80 -10.95
ABUNDANCE CHANGE 81 -11.14 82 -10.19 83 -11.33 84 -20.00 85 -20.00 86 -20.00
ABUNDANCE CHANGE 87 -20.00 88 -20.00 89 -20.00 90 -11.92 91 -20.00 92 -12.51
ABUNDANCE CHANGE 93 -20.00 94 -20.00 95 -20.00 96 -20.00 97 -20.00 98 -20.00
ABUNDANCE CHANGE 99 -20.00
EAD DECK6 64 RHOX,T,P,XNE,ABROSS,ACCRAD,VTURB
6.44065701E-06   6359.2 6.173E-04 3.324E+08 2.854E-01 4.160E+00 2.000E+05
6.98906554E-06   6511.5 6.699E-04 3.535E+08 2.854E-01 4.122E+00 2.000E+05
8.44844483E-06   6512.5 8.099E-04 4.268E+08 2.850E-01 4.115E+00 2.000E+05
1.12496180E-05   6516.7 1.078E-03 5.671E+08 2.842E-01 4.103E+00 2.000E+05
1.49692787E-05   6529.8 1.435E-03 7.516E+08 2.835E-01 4.087E+00 2.000E+05
1.99538623E-05   6543.9 1.913E-03 9.975E+08 2.825E-01 4.069E+00 2.000E+05
2.66025398E-05   6560.7 2.551E-03 1.323E+09 2.814E-01 4.047E+00 2.000E+05
3.55112080E-05   6579.7 3.406E-03 1.755E+09 2.802E-01 4.023E+00 2.000E+05
4.74410128E-05   6599.2 4.551E-03 2.328E+09 2.788E-01 3.997E+00 2.000E+05
6.34399757E-05   6621.1 6.088E-03 3.089E+09 2.772E-01 3.968E+00 2.000E+05
8.48881626E-05   6647.8 8.148E-03 4.095E+09 2.757E-01 3.937E+00 2.000E+05
1.13621690E-04   6667.1 1.091E-02 5.427E+09 2.735E-01 3.907E+00 2.000E+05
1.52260937E-04   6668.1 1.463E-02 7.185E+09 2.695E-01 3.884E+00 2.000E+05
2.04913895E-04   6680.2 1.969E-02 9.523E+09 2.657E-01 3.869E+00 2.000E+05
2.76100430E-04   6690.1 2.653E-02 1.259E+10 2.608E-01 3.851E+00 2.000E+05
3.72909203E-04   6710.0 3.584E-02 1.666E+10 2.564E-01 3.841E+00 2.000E+05
5.03804360E-04   6740.7 4.843E-02 2.202E+10 2.533E-01 3.841E+00 2.000E+05
6.80306631E-04   6776.4 6.540E-02 2.907E+10 2.511E-01 3.857E+00 2.000E+05
9.16853909E-04   6821.9 8.814E-02 3.834E+10 2.508E-01 3.900E+00 2.000E+05
1.23021965E-03   6883.3 1.182E-01 5.056E+10 2.543E-01 3.971E+00 2.000E+05
1.63982446E-03   6954.7 1.576E-01 6.646E+10 2.607E-01 4.062E+00 2.000E+05
2.17089169E-03   7028.2 2.085E-01 8.683E+10 2.689E-01 4.166E+00 2.000E+05
2.85751013E-03   7093.8 2.742E-01 1.125E+11 2.769E-01 4.263E+00 2.000E+05
3.75019261E-03   7142.2 3.597E-01 1.444E+11 2.826E-01 4.336E+00 2.000E+05
4.92689291E-03   7165.7 4.722E-01 1.836E+11 2.836E-01 4.406E+00 2.000E+05
6.50139111E-03   7176.2 6.226E-01 2.318E+11 2.813E-01 4.493E+00 2.000E+05
8.61841102E-03   7188.2 8.247E-01 2.925E+11 2.791E-01 4.614E+00 2.000E+05
1.14623827E-02   7202.3 1.096E+00 3.683E+11 2.774E-01 4.758E+00 2.000E+05
1.52638944E-02   7222.4 1.458E+00 4.637E+11 2.778E-01 4.924E+00 2.000E+05
2.03097953E-02   7245.2 1.937E+00 5.820E+11 2.800E-01 5.129E+00 2.000E+05
2.69449771E-02   7273.8 2.565E+00 7.292E+11 2.857E-01 5.396E+00 2.000E+05
3.55647567E-02   7306.9 3.379E+00 9.108E+11 2.950E-01 5.720E+00 2.000E+05
4.66081705E-02   7346.5 4.418E+00 1.135E+12 3.093E-01 6.107E+00 2.000E+05
6.05555037E-02   7390.5 5.725E+00 1.409E+12 3.288E-01 6.591E+00 2.000E+05
7.78892123E-02   7442.3 7.338E+00 1.747E+12 3.561E-01 7.221E+00 2.000E+05
9.89918097E-02   7504.1 9.288E+00 2.164E+12 3.944E-01 8.046E+00 2.000E+05
1.24084016E-01   7578.8 1.158E+01 2.682E+12 4.477E-01 9.113E+00 2.000E+05
1.53221868E-01   7667.9 1.421E+01 3.324E+12 5.197E-01 1.044E+01 2.000E+05
1.86278671E-01   7773.7 1.714E+01 4.118E+12 6.182E-01 1.218E+01 2.000E+05
2.22895168E-01   7899.4 2.032E+01 5.097E+12 7.526E-01 1.447E+01 2.000E+05
2.62596485E-01   8048.1 2.366E+01 6.282E+12 9.333E-01 1.743E+01 2.000E+05
3.05116227E-01   8222.0 2.709E+01 7.679E+12 1.164E+00 2.095E+01 2.000E+05
3.50728119E-01   8422.8 3.061E+01 9.261E+12 1.437E+00 2.483E+01 2.000E+05
4.00592431E-01   8655.1 3.426E+01 1.098E+13 1.735E+00 2.876E+01 2.000E+05
4.56870186E-01   8920.1 3.818E+01 1.275E+13 1.999E+00 3.170E+01 2.000E+05
5.23701669E-01   9222.2 4.268E+01 1.456E+13 2.190E+00 3.335E+01 2.000E+05
6.07359459E-01   9565.5 4.824E+01 1.648E+13 2.276E+00 3.347E+01 2.000E+05
7.17112144E-01   9956.0 5.559E+01 1.868E+13 2.271E+00 3.249E+01 2.000E+05
8.66309645E-01  10402.6 6.579E+01 2.144E+13 2.199E+00 3.087E+01 2.000E+05
1.07346432E+00  10910.2 8.030E+01 2.515E+13 2.095E+00 2.915E+01 2.000E+05
1.36541074E+00  11493.0 1.012E+02 3.024E+13 1.973E+00 2.747E+01 2.000E+05
1.77996019E+00  12156.8 1.317E+02 3.729E+13 1.850E+00 2.588E+01 2.000E+05
2.36885626E+00  12907.3 1.758E+02 4.705E+13 1.741E+00 2.447E+01 2.000E+05
3.19739183E+00  13743.2 2.388E+02 6.048E+13 1.663E+00 2.339E+01 2.000E+05
4.34083539E+00  14662.7 3.269E+02 7.851E+13 1.622E+00 2.270E+01 2.000E+05
5.89794401E+00  15662.8 4.477E+02 1.019E+14 1.591E+00 2.213E+01 2.000E+05
8.02287467E+00  16746.4 6.139E+02 1.318E+14 1.548E+00 2.145E+01 2.000E+05
1.09402337E+01  17924.5 8.441E+02 1.699E+14 1.503E+00 2.076E+01 2.000E+05
1.49310086E+01  19197.2 1.161E+03 2.186E+14 1.473E+00 2.029E+01 2.000E+05
2.03318599E+01  20580.8 1.593E+03 2.797E+14 1.459E+00 2.006E+01 2.000E+05
2.75484504E+01  22070.4 2.170E+03 3.554E+14 1.466E+00 2.009E+01 2.000E+05
3.70683025E+01  23686.7 2.929E+03 4.471E+14 1.491E+00 2.036E+01 2.000E+05
4.94603210E+01  25423.0 3.913E+03 5.566E+14 1.536E+00 2.080E+01 2.000E+05
6.53972928E+01  27297.3 5.177E+03 6.859E+14 1.603E+00 2.057E+01 2.000E+05
RADK 1.3277E+01
EGIN                    ITERATION   6 COMPLETED
