TEFF   7250.  GRAVITY 2.50000 LTE 
TITLE SDSC GRID  [+0.2]   VTURB 2.0 KM/S    L/H 1.25                            
 OPACITY IFOP 1 1 1 1 1 1 1 1 1 1 1 1 1 0 1 0 0 0 0 0
 CONVECTION ON   1.25 TURBULENCE OFF  0.00  0.00  0.00  0.00
ABUNDANCE SCALE   1.58490 ABUNDANCE CHANGE 1 0.91100 2 0.08900
 ABUNDANCE CHANGE  3 -10.88  4 -10.89  5  -9.44  6  -3.48  7  -3.99  8  -3.11
 ABUNDANCE CHANGE  9  -7.48 10  -3.95 11  -5.71 12  -4.46 13  -5.57 14  -4.49
 ABUNDANCE CHANGE 15  -6.59 16  -4.83 17  -6.54 18  -5.48 19  -6.82 20  -5.68
 ABUNDANCE CHANGE 21  -8.94 22  -7.05 23  -8.04 24  -6.37 25  -6.65 26  -4.37
 ABUNDANCE CHANGE 27  -7.12 28  -5.79 29  -7.83 30  -7.44 31  -9.16 32  -8.63
 ABUNDANCE CHANGE 33  -9.67 34  -8.69 35  -9.41 36  -8.81 37  -9.44 38  -9.14
 ABUNDANCE CHANGE 39  -9.80 40  -9.54 41 -10.62 42 -10.12 43 -20.00 44 -10.20
 ABUNDANCE CHANGE 45 -10.92 46 -10.35 47 -11.10 48 -10.18 49 -10.58 50 -10.04
 ABUNDANCE CHANGE 51 -11.04 52  -9.80 53 -10.53 54  -9.81 55 -10.92 56  -9.91
 ABUNDANCE CHANGE 57 -10.82 58 -10.49 59 -11.33 60 -10.54 61 -20.00 62 -11.04
 ABUNDANCE CHANGE 63 -11.53 64 -10.92 65 -11.94 66 -10.94 67 -11.78 68 -11.11
 ABUNDANCE CHANGE 69 -12.04 70 -10.96 71 -11.28 72 -11.16 73 -11.91 74 -10.93
 ABUNDANCE CHANGE 75 -11.77 76 -10.59 77 -10.69 78 -10.24 79 -11.03 80 -10.95
 ABUNDANCE CHANGE 81 -11.14 82 -10.19 83 -11.33 84 -20.00 85 -20.00 86 -20.00
 ABUNDANCE CHANGE 87 -20.00 88 -20.00 89 -20.00 90 -11.92 91 -20.00 92 -12.51
 ABUNDANCE CHANGE 93 -20.00 94 -20.00 95 -20.00 96 -20.00 97 -20.00 98 -20.00
 ABUNDANCE CHANGE 99 -20.00
READ DECK6 72 RHOX,T,P,XNE,ABROSS,ACCRAD,VTURB
 1.74176570E-04   4424.5 5.505E-02 1.586E+08 7.656E-04 1.645E-01 2.000E+05 0.000E+00 0.000E+00
 2.33685371E-04   4441.5 7.386E-02 1.980E+08 7.292E-04 1.622E-01 2.000E+05 0.000E+00 0.000E+00
 3.16968435E-04   4459.5 1.002E-01 2.495E+08 6.951E-04 1.581E-01 2.000E+05 0.000E+00 0.000E+00
 4.33151345E-04   4479.4 1.369E-01 3.178E+08 6.663E-04 1.549E-01 2.000E+05 0.000E+00 0.000E+00
 5.94509353E-04   4501.2 1.879E-01 4.082E+08 6.429E-04 1.522E-01 2.000E+05 0.000E+00 0.000E+00
 8.16651634E-04   4524.9 2.581E-01 5.275E+08 6.250E-04 1.502E-01 2.000E+05 0.000E+00 0.000E+00
 1.11965732E-03   4550.7 3.539E-01 6.857E+08 6.141E-04 1.487E-01 2.000E+05 0.000E+00 0.000E+00
 1.52802045E-03   4579.3 4.831E-01 8.961E+08 6.112E-04 1.474E-01 2.000E+05 0.000E+00 0.000E+00
 2.07165126E-03   4610.3 6.550E-01 1.175E+09 6.164E-04 1.459E-01 2.000E+05 0.000E+00 0.000E+00
 2.78573264E-03   4643.4 8.808E-01 1.541E+09 6.295E-04 1.440E-01 2.000E+05 0.000E+00 0.000E+00
 3.71222176E-03   4678.2 1.174E+00 2.020E+09 6.507E-04 1.421E-01 2.000E+05 0.000E+00 0.000E+00
 4.90052774E-03   4714.2 1.549E+00 2.639E+09 6.801E-04 1.401E-01 2.000E+05 0.000E+00 0.000E+00
 6.40884167E-03   4751.1 2.026E+00 3.433E+09 7.180E-04 1.379E-01 2.000E+05 0.000E+00 0.000E+00
 8.30509892E-03   4788.5 2.626E+00 4.443E+09 7.649E-04 1.355E-01 2.000E+05 0.000E+00 0.000E+00
 1.06671975E-02   4826.2 3.373E+00 5.718E+09 8.225E-04 1.335E-01 2.000E+05 0.000E+00 0.000E+00
 1.35835667E-02   4864.0 4.295E+00 7.314E+09 8.919E-04 1.324E-01 2.000E+05 0.000E+00 0.000E+00
 1.71555059E-02   4902.0 5.424E+00 9.302E+09 9.748E-04 1.314E-01 2.000E+05 0.000E+00 0.000E+00
 2.14967972E-02   4940.3 6.797E+00 1.177E+10 1.073E-03 1.306E-01 2.000E+05 0.000E+00 0.000E+00
 2.67345148E-02   4978.8 8.453E+00 1.482E+10 1.191E-03 1.298E-01 2.000E+05 0.000E+00 0.000E+00
 3.30095059E-02   5017.8 1.044E+01 1.858E+10 1.330E-03 1.293E-01 2.000E+05 0.000E+00 0.000E+00
 4.04725362E-02   5057.2 1.280E+01 2.319E+10 1.496E-03 1.296E-01 2.000E+05 0.000E+00 0.000E+00
 4.92926232E-02   5097.0 1.558E+01 2.883E+10 1.692E-03 1.298E-01 2.000E+05 0.000E+00 0.000E+00
 5.96670633E-02   5137.0 1.886E+01 3.568E+10 1.923E-03 1.302E-01 2.000E+05 0.000E+00 0.000E+00
 7.18210840E-02   5177.1 2.271E+01 4.398E+10 2.192E-03 1.307E-01 2.000E+05 0.000E+00 0.000E+00
 8.60126276E-02   5217.5 2.719E+01 5.401E+10 2.507E-03 1.314E-01 2.000E+05 0.000E+00 0.000E+00
 1.02536336E-01   5258.0 3.242E+01 6.610E+10 2.875E-03 1.324E-01 2.000E+05 0.000E+00 0.000E+00
 1.21722238E-01   5298.9 3.848E+01 8.066E+10 3.307E-03 1.341E-01 2.000E+05 0.000E+00 0.000E+00
 1.43943552E-01   5340.2 4.551E+01 9.818E+10 3.811E-03 1.358E-01 2.000E+05 0.000E+00 0.000E+00
 1.69629969E-01   5381.8 5.363E+01 1.192E+11 4.401E-03 1.380E-01 2.000E+05 0.000E+00 0.000E+00
 1.99258618E-01   5423.8 6.299E+01 1.444E+11 5.093E-03 1.408E-01 2.000E+05 0.000E+00 0.000E+00
 2.33378274E-01   5466.2 7.378E+01 1.746E+11 5.901E-03 1.440E-01 2.000E+05 0.000E+00 0.000E+00
 2.72640647E-01   5508.7 8.619E+01 2.106E+11 6.840E-03 1.477E-01 2.000E+05 0.000E+00 0.000E+00
 3.17805857E-01   5551.4 1.005E+02 2.534E+11 7.930E-03 1.519E-01 2.000E+05 0.000E+00 0.000E+00
 3.69742389E-01   5594.1 1.169E+02 3.041E+11 9.197E-03 1.574E-01 2.000E+05 0.000E+00 0.000E+00
 4.29454421E-01   5637.1 1.358E+02 3.645E+11 1.067E-02 1.638E-01 2.000E+05 0.000E+00 0.000E+00
 4.98097662E-01   5680.5 1.575E+02 4.363E+11 1.238E-02 1.711E-01 2.000E+05 0.000E+00 0.000E+00
 5.76988326E-01   5724.1 1.824E+02 5.214E+11 1.436E-02 1.796E-01 2.000E+05 0.000E+00 0.000E+00
 6.67633813E-01   5768.3 2.110E+02 6.226E+11 1.667E-02 1.897E-01 2.000E+05 0.000E+00 0.000E+00
 7.71697698E-01   5812.9 2.439E+02 7.428E+11 1.938E-02 2.020E-01 2.000E+05 0.000E+00 0.000E+00
 8.91036119E-01   5858.6 2.816E+02 8.866E+11 2.255E-02 2.167E-01 2.000E+05 0.000E+00 0.000E+00
 1.02769351E+00   5905.5 3.248E+02 1.059E+12 2.628E-02 2.343E-01 2.000E+05 0.000E+00 0.000E+00
 1.18382223E+00   5954.4 3.742E+02 1.267E+12 3.073E-02 2.560E-01 2.000E+05 0.000E+00 0.000E+00
 1.36157988E+00   6006.0 4.303E+02 1.521E+12 3.606E-02 2.822E-01 2.000E+05 0.000E+00 0.000E+00
 1.56307900E+00   6061.0 4.940E+02 1.835E+12 4.252E-02 3.144E-01 2.000E+05 0.000E+00 0.000E+00
 1.79025151E+00   6120.5 5.658E+02 2.226E+12 5.047E-02 3.546E-01 2.000E+05 0.000E+00 0.000E+00
 2.04436068E+00   6186.0 6.460E+02 2.724E+12 6.045E-02 4.061E-01 2.000E+05 0.000E+00 0.000E+00
 2.32547581E+00   6259.5 7.348E+02 3.370E+12 7.336E-02 4.747E-01 2.000E+05 0.000E+00 0.000E+00
 2.63211938E+00   6343.0 8.316E+02 4.227E+12 9.036E-02 5.663E-01 2.000E+05 0.000E+00 0.000E+00
 2.96082180E+00   6439.9 9.354E+02 5.398E+12 1.136E-01 6.931E-01 2.000E+05 3.472E-16 0.000E+00
 3.30602267E+00   6552.0 1.044E+03 7.025E+12 1.459E-01 8.751E-01 2.000E+05 7.116E-14 0.000E+00
 3.65683548E+00   6691.7 1.155E+03 9.494E+12 1.962E-01 1.167E+00 2.000E+05 3.883E-12 3.211E+01
 3.99527631E+00   6868.0 1.261E+03 1.343E+13 2.796E-01 1.656E+00 2.000E+05 5.431E-10 1.553E+02
 4.30361938E+00   7081.0 1.358E+03 1.964E+13 4.196E-01 2.457E+00 2.000E+05 9.793E-07 4.128E+02
 4.57182645E+00   7319.9 1.442E+03 2.900E+13 6.527E-01 3.732E+00 2.000E+05 1.733E-03 1.106E+03
 4.79922956E+00   7577.4 1.513E+03 4.265E+13 1.036E+00 5.759E+00 2.000E+05 3.975E-02 3.249E+03
 4.98704638E+00   7863.6 1.571E+03 6.299E+13 1.709E+00 9.319E+00 2.000E+05 5.024E-02 1.125E+04
 5.13363958E+00   8209.3 1.616E+03 9.569E+13 3.034E+00 1.649E+01 2.000E+05 4.757E-02 4.684E+04
 5.23950952E+00   8627.8 1.647E+03 1.477E+14 5.751E+00 3.096E+01 2.000E+05 4.362E-02 1.211E+05
 5.31444455E+00   9092.9 1.667E+03 2.205E+14 1.071E+01 5.749E+01 2.000E+05 3.887E-02 2.515E+05
 5.36701015E+00   9672.0 1.680E+03 3.196E+14 1.942E+01 8.605E+01 2.000E+05 1.455E-01 6.370E+05
 5.41487854E+00   9999.4 1.691E+03 3.716E+14 2.463E+01 9.270E+01 2.000E+05 2.629E-01 8.127E+05
 5.46601755E+00  10534.1 1.702E+03 4.362E+14 3.037E+01 1.153E+02 2.000E+05 3.225E-01 9.673E+05
 5.52572782E+00  11023.6 1.713E+03 4.684E+14 3.169E+01 1.335E+02 2.000E+05 1.409E-01 7.615E+05
 5.61198848E+00  11905.2 1.729E+03 4.786E+14 2.627E+01 1.350E+02 2.000E+05 1.886E-02 2.255E+05
 5.75999928E+00  12783.5 1.758E+03 4.665E+14 1.923E+01 9.695E+01 2.000E+05 1.723E-02 4.912E+04
 6.03930529E+00  13755.7 1.824E+03 4.550E+14 1.330E+01 6.917E+01 2.000E+05 1.518E-02 1.217E+04
 6.57165292E+00  14832.5 1.962E+03 4.581E+14 9.515E+00 4.882E+01 2.000E+05 1.402E-02 5.966E+03
 7.51063425E+00  15907.0 2.218E+03 4.896E+14 7.583E+00 3.928E+01 2.000E+05 1.613E-08 4.231E+03
 9.04015388E+00  17191.3 2.647E+03 5.491E+14 6.382E+00 3.326E+01 2.000E+05 2.369E-09 1.897E+03
 1.13590673E+01  18424.1 3.308E+03 6.455E+14 5.807E+00 2.987E+01 2.000E+05 1.270E-10 3.944E+02
 1.47254939E+01  19867.7 4.275E+03 7.764E+14 5.396E+00 2.809E+01 2.000E+05 1.109E-12 0.000E+00
 1.94249895E+01  21330.6 5.633E+03 9.543E+14 5.241E+00 2.656E+01 2.000E+05 0.000E+00 0.000E+00
PRADK 3.6910E+00
BEGIN                    ITERATION  15 COMPLETED
