EFF  21000.  GRAVITY 5.00000 LTE 
ITLE SDSC GRID  [-2.0]   VTURB 2.0 KM/S                                        
OPACITY IFOP 1 1 1 1 1 1 1 1 1 1 1 1 1 0 1 0 0 0 0 0
CONVECTION OFF  1.00 TURBULENCE OFF  0.00  0.00  0.00  0.00
BUNDANCE SCALE   0.01000 ABUNDANCE CHANGE 1 0.91100 2 0.08900
ABUNDANCE CHANGE  3 -10.88  4 -10.89  5  -9.44  6  -3.48  7  -3.99  8  -3.11
ABUNDANCE CHANGE  9  -7.48 10  -3.95 11  -5.71 12  -4.46 13  -5.57 14  -4.49
ABUNDANCE CHANGE 15  -6.59 16  -4.83 17  -6.54 18  -5.48 19  -6.82 20  -5.68
ABUNDANCE CHANGE 21  -8.94 22  -7.05 23  -8.04 24  -6.37 25  -6.65 26  -4.37
ABUNDANCE CHANGE 27  -7.12 28  -5.79 29  -7.83 30  -7.44 31  -9.16 32  -8.63
ABUNDANCE CHANGE 33  -9.67 34  -8.69 35  -9.41 36  -8.81 37  -9.44 38  -9.14
ABUNDANCE CHANGE 39  -9.80 40  -9.54 41 -10.62 42 -10.12 43 -20.00 44 -10.20
ABUNDANCE CHANGE 45 -10.92 46 -10.35 47 -11.10 48 -10.18 49 -10.58 50 -10.04
ABUNDANCE CHANGE 51 -11.04 52  -9.80 53 -10.53 54  -9.81 55 -10.92 56  -9.91
ABUNDANCE CHANGE 57 -10.82 58 -10.49 59 -11.33 60 -10.54 61 -20.00 62 -11.04
ABUNDANCE CHANGE 63 -11.53 64 -10.92 65 -11.94 66 -10.94 67 -11.78 68 -11.11
ABUNDANCE CHANGE 69 -12.04 70 -10.96 71 -11.28 72 -11.16 73 -11.91 74 -10.93
ABUNDANCE CHANGE 75 -11.77 76 -10.59 77 -10.69 78 -10.24 79 -11.03 80 -10.95
ABUNDANCE CHANGE 81 -11.14 82 -10.19 83 -11.33 84 -20.00 85 -20.00 86 -20.00
ABUNDANCE CHANGE 87 -20.00 88 -20.00 89 -20.00 90 -11.92 91 -20.00 92 -12.51
ABUNDANCE CHANGE 93 -20.00 94 -20.00 95 -20.00 96 -20.00 97 -20.00 98 -20.00
ABUNDANCE CHANGE 99 -20.00
EAD DECK6 64 RHOX,T,P,XNE,ABROSS,ACCRAD,VTURB
5.09248112E-06  11706.4 5.087E-01 1.550E+11 3.241E-01 1.409E+02 2.000E+05
5.46575881E-06  11754.2 5.460E-01 1.658E+11 3.241E-01 1.405E+02 2.000E+05
7.28185550E-06  11755.2 7.274E-01 2.202E+11 3.270E-01 1.456E+02 2.000E+05
9.68298453E-06  11756.2 9.672E-01 2.918E+11 3.309E-01 1.521E+02 2.000E+05
1.28422870E-05  11771.5 1.283E+00 3.853E+11 3.365E-01 1.597E+02 2.000E+05
1.69720118E-05  11794.7 1.695E+00 5.067E+11 3.440E-01 1.690E+02 2.000E+05
2.23505192E-05  11823.6 2.232E+00 6.640E+11 3.536E-01 1.800E+02 2.000E+05
2.93051714E-05  11861.3 2.926E+00 8.659E+11 3.657E-01 1.926E+02 2.000E+05
3.82482572E-05  11908.6 3.818E+00 1.124E+12 3.806E-01 2.067E+02 2.000E+05
4.96606096E-05  11964.1 4.957E+00 1.450E+12 3.986E-01 2.219E+02 2.000E+05
6.41517078E-05  12026.3 6.403E+00 1.861E+12 4.199E-01 2.383E+02 2.000E+05
8.24387977E-05  12094.5 8.227E+00 2.375E+12 4.449E-01 2.558E+02 2.000E+05
1.05385526E-04  12167.4 1.052E+01 3.015E+12 4.740E-01 2.747E+02 2.000E+05
1.34030164E-04  12245.4 1.337E+01 3.806E+12 5.076E-01 2.951E+02 2.000E+05
1.69611145E-04  12327.0 1.692E+01 4.782E+12 5.462E-01 3.178E+02 2.000E+05
2.13619720E-04  12414.2 2.131E+01 5.976E+12 5.899E-01 3.425E+02 2.000E+05
2.67862514E-04  12508.9 2.671E+01 7.433E+12 6.392E-01 3.684E+02 2.000E+05
3.34532932E-04  12611.1 3.335E+01 9.204E+12 6.943E-01 3.953E+02 2.000E+05
4.16266332E-04  12722.0 4.149E+01 1.135E+13 7.563E-01 4.235E+02 2.000E+05
5.16228178E-04  12838.1 5.144E+01 1.394E+13 8.254E-01 4.528E+02 2.000E+05
6.38247461E-04  12958.7 6.359E+01 1.708E+13 9.025E-01 4.835E+02 2.000E+05
7.86930471E-04  13082.7 7.838E+01 2.085E+13 9.885E-01 5.158E+02 2.000E+05
9.67759190E-04  13208.0 9.637E+01 2.540E+13 1.085E+00 5.506E+02 2.000E+05
1.18721833E-03  13334.7 1.182E+02 3.086E+13 1.193E+00 5.887E+02 2.000E+05
1.45289496E-03  13459.4 1.446E+02 3.740E+13 1.316E+00 6.314E+02 2.000E+05
1.77366934E-03  13580.3 1.765E+02 4.524E+13 1.456E+00 6.809E+02 2.000E+05
2.15988679E-03  13696.7 2.148E+02 5.460E+13 1.614E+00 7.394E+02 2.000E+05
2.62361512E-03  13808.4 2.608E+02 6.574E+13 1.795E+00 8.094E+02 2.000E+05
3.17914693E-03  13917.6 3.159E+02 7.898E+13 2.000E+00 8.943E+02 2.000E+05
3.84364973E-03  14030.5 3.817E+02 9.466E+13 2.231E+00 9.925E+02 2.000E+05
4.63782513E-03  14146.1 4.603E+02 1.132E+14 2.489E+00 1.108E+03 2.000E+05
5.58720146E-03  14270.8 5.541E+02 1.351E+14 2.775E+00 1.242E+03 2.000E+05
6.72462119E-03  14411.0 6.664E+02 1.609E+14 3.083E+00 1.391E+03 2.000E+05
8.09345218E-03  14574.4 8.012E+02 1.914E+14 3.407E+00 1.551E+03 2.000E+05
9.74976875E-03  14764.2 9.642E+02 2.275E+14 3.745E+00 1.722E+03 2.000E+05
1.17677318E-02  14995.0 1.162E+03 2.704E+14 4.083E+00 1.895E+03 2.000E+05
1.42426289E-02  15261.7 1.405E+03 3.217E+14 4.428E+00 2.071E+03 2.000E+05
1.72973832E-02  15573.8 1.704E+03 3.832E+14 4.767E+00 2.249E+03 2.000E+05
2.10957746E-02  15939.8 2.075E+03 4.575E+14 5.094E+00 2.424E+03 2.000E+05
2.58542768E-02  16372.9 2.539E+03 5.472E+14 5.403E+00 2.588E+03 2.000E+05
3.18630317E-02  16875.0 3.123E+03 6.562E+14 5.683E+00 2.734E+03 2.000E+05
3.95127781E-02  17458.1 3.867E+03 7.889E+14 5.930E+00 2.852E+03 2.000E+05
4.93254685E-02  18123.6 4.820E+03 9.512E+14 6.145E+00 2.940E+03 2.000E+05
6.19909776E-02  18875.7 6.049E+03 1.150E+15 6.333E+00 2.997E+03 2.000E+05
7.84158264E-02  19714.2 7.642E+03 1.395E+15 6.503E+00 3.025E+03 2.000E+05
9.97393154E-02  20640.2 9.709E+03 1.695E+15 6.686E+00 3.037E+03 2.000E+05
1.27315721E-01  21650.3 1.238E+04 2.063E+15 6.914E+00 3.047E+03 2.000E+05
1.62778831E-01  22743.0 1.582E+04 2.511E+15 7.187E+00 3.064E+03 2.000E+05
2.08134001E-01  23922.3 2.022E+04 3.051E+15 7.516E+00 3.101E+03 2.000E+05
2.65812275E-01  25199.5 2.580E+04 3.698E+15 7.901E+00 3.165E+03 2.000E+05
3.38783030E-01  26588.8 3.287E+04 4.465E+15 8.348E+00 3.262E+03 2.000E+05
4.30678706E-01  28109.6 4.175E+04 5.365E+15 8.859E+00 3.390E+03 2.000E+05
5.45762323E-01  29776.2 5.286E+04 6.413E+15 9.461E+00 3.562E+03 2.000E+05
6.89389904E-01  31608.7 6.670E+04 7.624E+15 1.012E+01 3.764E+03 2.000E+05
8.67826788E-01  33620.7 8.384E+04 9.014E+15 1.090E+01 4.021E+03 2.000E+05
1.08850669E+00  35832.3 1.050E+05 1.060E+16 1.177E+01 4.320E+03 2.000E+05
1.35947994E+00  38250.8 1.309E+05 1.241E+16 1.285E+01 4.697E+03 2.000E+05
1.69006235E+00  40901.3 1.623E+05 1.447E+16 1.402E+01 5.101E+03 2.000E+05
2.09939487E+00  43790.9 2.011E+05 1.690E+16 1.482E+01 5.379E+03 2.000E+05
2.64269320E+00  46981.5 2.525E+05 1.997E+16 1.418E+01 5.168E+03 2.000E+05
3.43646182E+00  50397.8 3.281E+05 2.434E+16 1.239E+01 4.550E+03 2.000E+05
4.66565379E+00  54075.7 4.458E+05 3.093E+16 1.066E+01 3.902E+03 2.000E+05
6.54126773E+00  57994.1 6.266E+05 4.061E+16 9.455E+00 3.428E+03 2.000E+05
9.29618219E+00  62179.3 8.928E+05 5.402E+16 8.625E+00 3.272E+03 2.000E+05
RADK 3.5053E+02
EGIN                    ITERATION   9 COMPLETED
