TEFF  30000.  GRAVITY 4.50000 LTE
TITLE SDSC GRID  [+1.0]   VTURB 2.0 KM/S
 OPACITY IFOP 1 1 1 1 1 1 1 1 1 1 1 1 1 0 1 0 0 0 0 0
 CONVECTION OFF  1.00 TURBULENCE OFF  0.00  0.00  0.00  0.00
ABUNDANCE SCALE  10.00000 ABUNDANCE CHANGE 1 0.91100 2 0.08900
 ABUNDANCE CHANGE  3 -10.88  4 -10.89  5  -9.44  6  -3.48  7  -3.99  8  -3.11
 ABUNDANCE CHANGE  9  -7.48 10  -3.95 11  -5.71 12  -4.46 13  -5.57 14  -4.49
 ABUNDANCE CHANGE 15  -6.59 16  -4.83 17  -6.54 18  -5.48 19  -6.82 20  -5.68
 ABUNDANCE CHANGE 21  -8.94 22  -7.05 23  -8.04 24  -6.37 25  -6.65 26  -4.37
 ABUNDANCE CHANGE 27  -7.12 28  -5.79 29  -7.83 30  -7.44 31  -9.16 32  -8.63
 ABUNDANCE CHANGE 33  -9.67 34  -8.69 35  -9.41 36  -8.81 37  -9.44 38  -9.14
 ABUNDANCE CHANGE 39  -9.80 40  -9.54 41 -10.62 42 -10.12 43 -20.00 44 -10.20
 ABUNDANCE CHANGE 45 -10.92 46 -10.35 47 -11.10 48 -10.18 49 -10.58 50 -10.04
 ABUNDANCE CHANGE 51 -11.04 52  -9.80 53 -10.53 54  -9.81 55 -10.92 56  -9.91
 ABUNDANCE CHANGE 57 -10.82 58 -10.49 59 -11.33 60 -10.54 61 -20.00 62 -11.04
 ABUNDANCE CHANGE 63 -11.53 64 -10.92 65 -11.94 66 -10.94 67 -11.78 68 -11.11
 ABUNDANCE CHANGE 69 -12.04 70 -10.96 71 -11.28 72 -11.16 73 -11.91 74 -10.93
 ABUNDANCE CHANGE 75 -11.77 76 -10.59 77 -10.69 78 -10.24 79 -11.03 80 -10.95
 ABUNDANCE CHANGE 81 -11.14 82 -10.19 83 -11.33 84 -20.00 85 -20.00 86 -20.00
 ABUNDANCE CHANGE 87 -20.00 88 -20.00 89 -20.00 90 -11.92 91 -20.00 92 -12.51
 ABUNDANCE CHANGE 93 -20.00 94 -20.00 95 -20.00 96 -20.00 97 -20.00 98 -20.00
 ABUNDANCE CHANGE 99 -20.00
READ DECK6 64 RHOX,T,P,XNE,ABROSS,ACCRAD,VTURB
 4.20710854E-06  13907.6 9.552E-02 2.186E+10 3.207E-01 8.466E+03 2.000E+05
 5.49930908E-06  16100.1 1.291E-01 2.916E+10 3.398E-01 5.817E+03 2.000E+05
 7.23228545E-06  16251.4 1.740E-01 3.896E+10 3.450E-01 5.518E+03 2.000E+05
 9.50722811E-06  16424.1 2.337E-01 5.176E+10 3.502E-01 5.295E+03 2.000E+05
 1.24945767E-05  16585.6 3.127E-01 6.859E+10 3.556E-01 5.069E+03 2.000E+05
 1.64169211E-05  16737.6 4.172E-01 9.069E+10 3.613E-01 4.878E+03 2.000E+05
 2.15620616E-05  16877.2 5.551E-01 1.197E+11 3.675E-01 4.788E+03 2.000E+05
 2.83027576E-05  17010.6 7.360E-01 1.574E+11 3.743E-01 4.786E+03 2.000E+05
 3.71239827E-05  17145.9 9.726E-01 2.064E+11 3.816E-01 4.827E+03 2.000E+05
 4.86570220E-05  17291.3 1.282E+00 2.696E+11 3.894E-01 4.844E+03 2.000E+05
 6.37126296E-05  17445.1 1.685E+00 3.513E+11 3.982E-01 4.865E+03 2.000E+05
 8.33227131E-05  17607.0 2.209E+00 4.564E+11 4.082E-01 4.902E+03 2.000E+05
 1.08797319E-04  17776.0 2.889E+00 5.911E+11 4.195E-01 4.973E+03 2.000E+05
 1.41829091E-04  17956.9 3.769E+00 7.634E+11 4.317E-01 4.985E+03 2.000E+05
 1.84613496E-04  18143.7 4.909E+00 9.841E+11 4.447E-01 4.976E+03 2.000E+05
 2.39949437E-04  18337.3 6.384E+00 1.266E+12 4.589E-01 4.954E+03 2.000E+05
 3.11399530E-04  18538.0 8.290E+00 1.627E+12 4.743E-01 4.918E+03 2.000E+05
 4.03515420E-04  18746.6 1.075E+01 2.086E+12 4.909E-01 4.856E+03 2.000E+05
 5.22074961E-04  18963.7 1.393E+01 2.672E+12 5.092E-01 4.776E+03 2.000E+05
 6.74247690E-04  19186.6 1.802E+01 3.416E+12 5.299E-01 4.716E+03 2.000E+05
 8.68871296E-04  19416.8 2.326E+01 4.357E+12 5.534E-01 4.674E+03 2.000E+05
 1.11694166E-03  19654.8 2.995E+01 5.542E+12 5.800E-01 4.648E+03 2.000E+05
 1.43190400E-03  19901.7 3.845E+01 7.026E+12 6.105E-01 4.642E+03 2.000E+05
 1.82981423E-03  20157.0 4.918E+01 8.873E+12 6.461E-01 4.659E+03 2.000E+05
 2.33061663E-03  20420.1 6.269E+01 1.116E+13 6.850E-01 4.655E+03 2.000E+05
 2.96005147E-03  20690.9 7.967E+01 1.400E+13 7.272E-01 4.632E+03 2.000E+05
 3.75028170E-03  20968.1 1.010E+02 1.752E+13 7.729E-01 4.596E+03 2.000E+05
 4.74071473E-03  21252.3 1.278E+02 2.187E+13 8.233E-01 4.554E+03 2.000E+05
 5.97876377E-03  21540.3 1.613E+02 2.723E+13 8.794E-01 4.538E+03 2.000E+05
 7.52260010E-03  21835.0 2.031E+02 3.383E+13 9.413E-01 4.547E+03 2.000E+05
 9.44463168E-03  22139.6 2.551E+02 4.190E+13 1.009E+00 4.579E+03 2.000E+05
 1.18317108E-02  22457.6 3.196E+02 5.174E+13 1.085E+00 4.646E+03 2.000E+05
 1.47766112E-02  22794.2 3.989E+02 6.362E+13 1.179E+00 4.784E+03 2.000E+05
 1.83957738E-02  23154.4 4.958E+02 7.784E+13 1.277E+00 4.903E+03 2.000E+05
 2.28555848E-02  23540.8 6.147E+02 9.492E+13 1.380E+00 5.005E+03 2.000E+05
 2.83672985E-02  23957.5 7.612E+02 1.155E+14 1.487E+00 5.092E+03 2.000E+05
 3.52030648E-02  24409.6 9.423E+02 1.403E+14 1.597E+00 5.167E+03 2.000E+05
 4.36935357E-02  24904.7 1.166E+03 1.703E+14 1.717E+00 5.263E+03 2.000E+05
 5.41549866E-02  25450.6 1.441E+03 2.058E+14 1.869E+00 5.460E+03 2.000E+05
 6.69365095E-02  26056.4 1.774E+03 2.475E+14 2.041E+00 5.684E+03 2.000E+05
 8.25933432E-02  26728.7 2.179E+03 2.963E+14 2.214E+00 5.865E+03 2.000E+05
 1.01918825E-01  27473.8 2.675E+03 3.540E+14 2.385E+00 6.010E+03 2.000E+05
 1.25867075E-01  28301.5 3.287E+03 4.223E+14 2.566E+00 6.162E+03 2.000E+05
 1.55117886E-01  29222.0 4.026E+03 5.011E+14 2.840E+00 6.527E+03 2.000E+05
 1.90462679E-01  30246.7 4.907E+03 5.904E+14 3.121E+00 6.850E+03 2.000E+05
 2.33500080E-01  31383.6 5.967E+03 6.925E+14 3.407E+00 7.137E+03 2.000E+05
 2.86234540E-01  32641.2 7.252E+03 8.105E+14 3.703E+00 7.379E+03 2.000E+05
 3.50736378E-01  34024.1 8.805E+03 9.467E+14 4.050E+00 7.697E+03 2.000E+05
 4.29183875E-01  35557.6 1.067E+04 1.102E+15 4.447E+00 8.069E+03 2.000E+05
 5.26211073E-01  37219.5 1.295E+04 1.287E+15 4.711E+00 8.094E+03 2.000E+05
 6.48328486E-01  39050.5 1.582E+04 1.508E+15 4.990E+00 8.217E+03 2.000E+05
 8.03241052E-01  41044.4 1.944E+04 1.775E+15 5.197E+00 8.242E+03 2.000E+05
 1.00429299E+00  43235.3 2.415E+04 2.104E+15 5.276E+00 8.171E+03 2.000E+05
 1.27116062E+00  45688.0 3.042E+04 2.516E+15 5.265E+00 8.042E+03 2.000E+05
 1.62784050E+00  48400.1 3.885E+04 3.038E+15 5.250E+00 7.970E+03 2.000E+05
 2.11053472E+00  51446.9 5.032E+04 3.706E+15 5.113E+00 7.755E+03 2.000E+05
 2.77592275E+00  54798.3 6.630E+04 4.586E+15 4.910E+00 7.458E+03 2.000E+05
 3.70528676E+00  58528.1 8.892E+04 5.761E+15 4.671E+00 7.103E+03 2.000E+05
 5.01197349E+00  62591.6 1.212E+05 7.345E+15 4.422E+00 6.729E+03 2.000E+05
 6.83470677E+00  67046.5 1.668E+05 9.437E+15 4.264E+00 6.484E+03 2.000E+05
 9.36710946E+00  71862.3 2.309E+05 1.219E+16 4.071E+00 6.194E+03 2.000E+05
 1.28864348E+01  77081.5 3.208E+05 1.578E+16 3.940E+00 5.992E+03 2.000E+05
 1.76793297E+01  82713.5 4.438E+05 2.035E+16 3.885E+00 5.904E+03 2.000E+05
 2.41759461E+01  88768.5 6.118E+05 2.614E+16 3.815E+00 5.629E+03 2.000E+05
PRADK 1.0844E+03
BEGIN                    ITERATION  10 COMPLETED
