EFF  47500.  GRAVITY 5.00000 LTE
ITLE SDSC GRID  [-4.5]   VTURB 2.0 KM/S
OPACITY IFOP 1 1 1 1 1 1 1 1 1 1 1 1 1 0 1 0 0 0 0 0
CONVECTION OFF  1.00 TURBULENCE OFF  0.00  0.00  0.00  0.00
BUNDANCE SCALE .00003162 ABUNDANCE CHANGE 1 0.91100 2 0.08900
ABUNDANCE CHANGE  3 -10.88  4 -10.89  5  -9.44  6  -3.48  7  -3.99  8  -3.11
ABUNDANCE CHANGE  9  -7.48 10  -3.95 11  -5.71 12  -4.46 13  -5.57 14  -4.49
ABUNDANCE CHANGE 15  -6.59 16  -4.83 17  -6.54 18  -5.48 19  -6.82 20  -5.68
ABUNDANCE CHANGE 21  -8.94 22  -7.05 23  -8.04 24  -6.37 25  -6.65 26  -4.37
ABUNDANCE CHANGE 27  -7.12 28  -5.79 29  -7.83 30  -7.44 31  -9.16 32  -8.63
ABUNDANCE CHANGE 33  -9.67 34  -8.69 35  -9.41 36  -8.81 37  -9.44 38  -9.14
ABUNDANCE CHANGE 39  -9.80 40  -9.54 41 -10.62 42 -10.12 43 -20.00 44 -10.20
ABUNDANCE CHANGE 45 -10.92 46 -10.35 47 -11.10 48 -10.18 49 -10.58 50 -10.04
ABUNDANCE CHANGE 51 -11.04 52  -9.80 53 -10.53 54  -9.81 55 -10.92 56  -9.91
ABUNDANCE CHANGE 57 -10.82 58 -10.49 59 -11.33 60 -10.54 61 -20.00 62 -11.04
ABUNDANCE CHANGE 63 -11.53 64 -10.92 65 -11.94 66 -10.94 67 -11.78 68 -11.11
ABUNDANCE CHANGE 69 -12.04 70 -10.96 71 -11.28 72 -11.16 73 -11.91 74 -10.93
ABUNDANCE CHANGE 75 -11.77 76 -10.59 77 -10.69 78 -10.24 79 -11.03 80 -10.95
ABUNDANCE CHANGE 81 -11.14 82 -10.19 83 -11.33 84 -20.00 85 -20.00 86 -20.00
ABUNDANCE CHANGE 87 -20.00 88 -20.00 89 -20.00 90 -11.92 91 -20.00 92 -12.51
ABUNDANCE CHANGE 93 -20.00 94 -20.00 95 -20.00 96 -20.00 97 -20.00 98 -20.00
ABUNDANCE CHANGE 99 -20.00
EAD DECK6 64 RHOX,T,P,XNE,ABROSS,ACCRAD,VTURB
4.43327914E-06  33064.1 4.282E-01 4.890E+10 3.437E-01 3.325E+03 2.000E+05
5.21083677E-06  33065.1 5.033E-01 5.747E+10 3.437E-01 3.325E+03 2.000E+05
6.93025296E-06  33066.1 6.695E-01 7.644E+10 3.439E-01 3.328E+03 2.000E+05
9.23149764E-06  33067.1 8.919E-01 1.018E+11 3.441E-01 3.333E+03 2.000E+05
1.22951081E-05  33068.1 1.188E+00 1.356E+11 3.444E-01 3.338E+03 2.000E+05
1.63757455E-05  33069.1 1.583E+00 1.807E+11 3.447E-01 3.344E+03 2.000E+05
2.18115162E-05  33070.1 2.108E+00 2.406E+11 3.452E-01 3.352E+03 2.000E+05
2.90497256E-05  33071.1 2.807E+00 3.204E+11 3.458E-01 3.361E+03 2.000E+05
3.86837384E-05  33072.1 3.738E+00 4.267E+11 3.466E-01 3.372E+03 2.000E+05
5.14942044E-05  33087.8 4.976E+00 5.676E+11 3.477E-01 3.386E+03 2.000E+05
6.85191924E-05  33115.7 6.621E+00 7.545E+11 3.490E-01 3.402E+03 2.000E+05
9.11250679E-05  33132.8 8.804E+00 1.003E+12 3.507E-01 3.425E+03 2.000E+05
1.21105773E-04  33149.6 1.170E+01 1.331E+12 3.529E-01 3.455E+03 2.000E+05
1.60800637E-04  33188.3 1.553E+01 1.765E+12 3.557E-01 3.494E+03 2.000E+05
2.13266399E-04  33257.4 2.059E+01 2.335E+12 3.592E-01 3.541E+03 2.000E+05
2.82473773E-04  33364.9 2.727E+01 3.081E+12 3.635E-01 3.597E+03 2.000E+05
3.73552192E-04  33491.2 3.604E+01 4.056E+12 3.688E-01 3.663E+03 2.000E+05
4.93084723E-04  33639.0 4.755E+01 5.326E+12 3.753E-01 3.742E+03 2.000E+05
6.49471725E-04  33796.3 6.260E+01 6.976E+12 3.831E-01 3.838E+03 2.000E+05
8.53337940E-04  33959.6 8.219E+01 9.112E+12 3.926E-01 3.958E+03 2.000E+05
1.11805902E-03  34129.6 1.076E+02 1.186E+13 4.040E-01 4.106E+03 2.000E+05
1.46043408E-03  34324.6 1.404E+02 1.539E+13 4.173E-01 4.281E+03 2.000E+05
1.90147438E-03  34539.6 1.826E+02 1.987E+13 4.329E-01 4.488E+03 2.000E+05
2.46745953E-03  34792.7 2.366E+02 2.555E+13 4.506E-01 4.720E+03 2.000E+05
3.19098783E-03  35058.4 3.054E+02 3.272E+13 4.710E-01 4.983E+03 2.000E+05
4.11232999E-03  35349.4 3.928E+02 4.173E+13 4.941E-01 5.268E+03 2.000E+05
5.28035853E-03  35618.8 5.033E+02 5.303E+13 5.211E-01 5.607E+03 2.000E+05
6.75340153E-03  35862.9 6.420E+02 6.715E+13 5.524E-01 6.026E+03 2.000E+05
8.60114229E-03  36078.8 8.151E+02 8.469E+13 5.887E-01 6.560E+03 2.000E+05
1.09074918E-02  36288.3 1.030E+03 1.063E+14 6.302E-01 7.209E+03 2.000E+05
1.37763525E-02  36526.4 1.295E+03 1.327E+14 6.765E-01 7.927E+03 2.000E+05
1.73339615E-02  36774.1 1.621E+03 1.649E+14 7.287E-01 8.751E+03 2.000E+05
2.17312078E-02  37037.3 2.020E+03 2.039E+14 7.873E-01 9.688E+03 2.000E+05
2.71505138E-02  37319.4 2.507E+03 2.510E+14 8.530E-01 1.075E+04 2.000E+05
3.38120380E-02  37626.8 3.097E+03 3.075E+14 9.264E-01 1.193E+04 2.000E+05
4.19855455E-02  37980.7 3.812E+03 3.748E+14 1.007E+00 1.316E+04 2.000E+05
5.20018146E-02  38385.2 4.675E+03 4.548E+14 1.097E+00 1.444E+04 2.000E+05
6.42684815E-02  38856.2 5.717E+03 5.495E+14 1.194E+00 1.570E+04 2.000E+05
7.92974395E-02  39407.2 6.974E+03 6.613E+14 1.299E+00 1.689E+04 2.000E+05
9.77423499E-02  40052.2 8.497E+03 7.932E+14 1.410E+00 1.795E+04 2.000E+05
1.20456658E-01  40802.7 1.035E+04 9.493E+14 1.523E+00 1.880E+04 2.000E+05
1.48574008E-01  41674.2 1.262E+04 1.135E+15 1.636E+00 1.945E+04 2.000E+05
1.83623897E-01  42683.0 1.544E+04 1.356E+15 1.743E+00 1.992E+04 2.000E+05
2.27719743E-01  43852.6 1.896E+04 1.624E+15 1.838E+00 2.020E+04 2.000E+05
2.83844111E-01  45206.2 2.344E+04 1.949E+15 1.915E+00 2.029E+04 2.000E+05
3.56192843E-01  46768.2 2.921E+04 2.349E+15 1.968E+00 2.021E+04 2.000E+05
4.50713058E-01  48563.0 3.676E+04 2.850E+15 1.996E+00 2.001E+04 2.000E+05
5.75828274E-01  50626.0 4.678E+04 3.481E+15 1.997E+00 1.973E+04 2.000E+05
7.43760226E-01  53001.9 6.029E+04 4.287E+15 1.972E+00 1.936E+04 2.000E+05
9.72069762E-01  55727.2 7.876E+04 5.327E+15 1.923E+00 1.887E+04 2.000E+05
1.28573034E+00  58835.0 1.043E+05 6.683E+15 1.859E+00 1.830E+04 2.000E+05
1.71985436E+00  62361.4 1.399E+05 8.459E+15 1.788E+00 1.763E+04 2.000E+05
2.32161410E+00  66289.4 1.897E+05 1.079E+16 1.722E+00 1.695E+04 2.000E+05
3.15258223E+00  70621.0 2.590E+05 1.383E+16 1.668E+00 1.631E+04 2.000E+05
4.29103803E+00  75331.9 3.546E+05 1.775E+16 1.631E+00 1.583E+04 2.000E+05
5.83600710E+00  80456.9 4.849E+05 2.272E+16 1.610E+00 1.552E+04 2.000E+05
7.91314733E+00  86008.7 6.605E+05 2.896E+16 1.604E+00 1.541E+04 2.000E+05
1.06801596E+01  92057.3 8.946E+05 3.664E+16 1.611E+00 1.544E+04 2.000E+05
1.43393728E+01  98584.7 1.204E+06 4.604E+16 1.631E+00 1.560E+04 2.000E+05
1.91554410E+01 105708.2 1.610E+06 5.741E+16 1.653E+00 1.581E+04 2.000E+05
2.54859395E+01 113366.3 2.142E+06 7.124E+16 1.677E+00 1.604E+04 2.000E+05
3.38300711E+01 121721.5 2.842E+06 8.802E+16 1.692E+00 1.619E+04 2.000E+05
4.49060902E+01 130709.6 3.770E+06 1.088E+17 1.689E+00 1.608E+04 2.000E+05
5.98141157E+01 140360.6 5.026E+06 1.350E+17 1.666E+00 1.549E+04 2.000E+05
RADK 9.1408E+03
EGIN                    ITERATION   6 COMPLETED
