TEFF  16000.  GRAVITY 4.50000 LTE 
TITLE SDSC GRID  [-3.0]   VTURB 2.0 KM/S                                        
 OPACITY IFOP 1 1 1 1 1 1 1 1 1 1 1 1 1 0 1 0 0 0 0 0
 CONVECTION OFF  1.00 TURBULENCE OFF  0.00  0.00  0.00  0.00
ABUNDANCE SCALE   0.00100 ABUNDANCE CHANGE 1 0.91100 2 0.08900
 ABUNDANCE CHANGE  3 -10.88  4 -10.89  5  -9.44  6  -3.48  7  -3.99  8  -3.11
 ABUNDANCE CHANGE  9  -7.48 10  -3.95 11  -5.71 12  -4.46 13  -5.57 14  -4.49
 ABUNDANCE CHANGE 15  -6.59 16  -4.83 17  -6.54 18  -5.48 19  -6.82 20  -5.68
 ABUNDANCE CHANGE 21  -8.94 22  -7.05 23  -8.04 24  -6.37 25  -6.65 26  -4.37
 ABUNDANCE CHANGE 27  -7.12 28  -5.79 29  -7.83 30  -7.44 31  -9.16 32  -8.63
 ABUNDANCE CHANGE 33  -9.67 34  -8.69 35  -9.41 36  -8.81 37  -9.44 38  -9.14
 ABUNDANCE CHANGE 39  -9.80 40  -9.54 41 -10.62 42 -10.12 43 -20.00 44 -10.20
 ABUNDANCE CHANGE 45 -10.92 46 -10.35 47 -11.10 48 -10.18 49 -10.58 50 -10.04
 ABUNDANCE CHANGE 51 -11.04 52  -9.80 53 -10.53 54  -9.81 55 -10.92 56  -9.91
 ABUNDANCE CHANGE 57 -10.82 58 -10.49 59 -11.33 60 -10.54 61 -20.00 62 -11.04
 ABUNDANCE CHANGE 63 -11.53 64 -10.92 65 -11.94 66 -10.94 67 -11.78 68 -11.11
 ABUNDANCE CHANGE 69 -12.04 70 -10.96 71 -11.28 72 -11.16 73 -11.91 74 -10.93
 ABUNDANCE CHANGE 75 -11.77 76 -10.59 77 -10.69 78 -10.24 79 -11.03 80 -10.95
 ABUNDANCE CHANGE 81 -11.14 82 -10.19 83 -11.33 84 -20.00 85 -20.00 86 -20.00
 ABUNDANCE CHANGE 87 -20.00 88 -20.00 89 -20.00 90 -11.92 91 -20.00 92 -12.51
 ABUNDANCE CHANGE 93 -20.00 94 -20.00 95 -20.00 96 -20.00 97 -20.00 98 -20.00
 ABUNDANCE CHANGE 99 -20.00
READ DECK6 64 RHOX,T,P,XNE,ABROSS,ACCRAD,VTURB
 5.61198128E-06   9472.0 1.771E-01 6.457E+10 3.034E-01 4.140E+01 2.000E+05
 5.90227772E-06   9524.8 1.863E-01 6.754E+10 3.034E-01 4.128E+01 2.000E+05
 7.82546028E-06   9525.8 2.470E-01 8.952E+10 3.082E-01 4.282E+01 2.000E+05
 1.03708729E-05   9526.8 3.274E-01 1.186E+11 3.144E-01 4.481E+01 2.000E+05
 1.36865827E-05   9546.4 4.321E-01 1.562E+11 3.219E-01 4.701E+01 2.000E+05
 1.79982997E-05   9570.2 5.682E-01 2.048E+11 3.311E-01 4.963E+01 2.000E+05
 2.35656407E-05   9599.3 7.440E-01 2.673E+11 3.424E-01 5.272E+01 2.000E+05
 3.07267868E-05   9635.6 9.701E-01 3.472E+11 3.559E-01 5.626E+01 2.000E+05
 3.98909482E-05   9680.3 1.259E+00 4.485E+11 3.718E-01 6.024E+01 2.000E+05
 5.15614200E-05   9735.6 1.628E+00 5.762E+11 3.902E-01 6.448E+01 2.000E+05
 6.63514910E-05   9801.0 2.094E+00 7.363E+11 4.115E-01 6.893E+01 2.000E+05
 8.50150432E-05   9877.1 2.683E+00 9.359E+11 4.357E-01 7.343E+01 2.000E+05
 1.08474446E-04   9962.8 3.423E+00 1.184E+12 4.630E-01 7.796E+01 2.000E+05
 1.37858925E-04  10057.4 4.350E+00 1.490E+12 4.938E-01 8.244E+01 2.000E+05
 1.74536540E-04  10158.6 5.507E+00 1.867E+12 5.285E-01 8.671E+01 2.000E+05
 2.20148184E-04  10262.8 6.945E+00 2.330E+12 5.678E-01 9.076E+01 2.000E+05
 2.76627634E-04  10365.5 8.726E+00 2.898E+12 6.129E-01 9.475E+01 2.000E+05
 3.46209207E-04  10462.0 1.092E+01 3.592E+12 6.652E-01 9.900E+01 2.000E+05
 4.31398897E-04  10547.0 1.361E+01 4.439E+12 7.271E-01 1.041E+02 2.000E+05
 5.34904336E-04  10616.0 1.687E+01 5.465E+12 8.013E-01 1.112E+02 2.000E+05
 6.59598455E-04  10667.9 2.080E+01 6.702E+12 8.905E-01 1.213E+02 2.000E+05
 8.08635900E-04  10706.2 2.549E+01 8.181E+12 9.969E-01 1.351E+02 2.000E+05
 9.85684878E-04  10738.4 3.106E+01 9.932E+12 1.121E+00 1.530E+02 2.000E+05
 1.19553348E-03  10776.0 3.766E+01 1.199E+13 1.261E+00 1.732E+02 2.000E+05
 1.44418836E-03  10817.7 4.548E+01 1.442E+13 1.420E+00 1.957E+02 2.000E+05
 1.73864076E-03  10862.8 5.473E+01 1.726E+13 1.599E+00 2.209E+02 2.000E+05
 2.08716214E-03  10911.3 6.567E+01 2.060E+13 1.802E+00 2.492E+02 2.000E+05
 2.49963449E-03  10964.1 7.861E+01 2.452E+13 2.031E+00 2.808E+02 2.000E+05
 2.98760159E-03  11018.5 9.389E+01 2.912E+13 2.289E+00 3.166E+02 2.000E+05
 3.56592166E-03  11085.6 1.120E+02 3.450E+13 2.571E+00 3.548E+02 2.000E+05
 4.25283174E-03  11156.9 1.334E+02 4.082E+13 2.887E+00 3.970E+02 2.000E+05
 5.06852651E-03  11230.9 1.589E+02 4.825E+13 3.242E+00 4.451E+02 2.000E+05
 6.03818863E-03  11312.9 1.891E+02 5.696E+13 3.632E+00 4.986E+02 2.000E+05
 7.19420779E-03  11405.2 2.250E+02 6.721E+13 4.055E+00 5.575E+02 2.000E+05
 8.57870630E-03  11514.4 2.680E+02 7.926E+13 4.502E+00 6.200E+02 2.000E+05
 1.02467015E-02  11642.2 3.197E+02 9.349E+13 4.967E+00 6.856E+02 2.000E+05
 1.22740687E-02  11801.3 3.823E+02 1.104E+14 5.421E+00 7.489E+02 2.000E+05
 1.47598165E-02  11984.6 4.590E+02 1.305E+14 5.877E+00 8.134E+02 2.000E+05
 1.78345889E-02  12203.2 5.536E+02 1.548E+14 6.301E+00 8.757E+02 2.000E+05
 2.16818579E-02  12462.2 6.718E+02 1.842E+14 6.677E+00 9.339E+02 2.000E+05
 2.65590186E-02  12771.8 8.213E+02 2.200E+14 6.975E+00 9.841E+02 2.000E+05
 3.28350346E-02  13141.4 1.013E+03 2.643E+14 7.175E+00 1.023E+03 2.000E+05
 4.10337237E-02  13581.7 1.264E+03 3.197E+14 7.275E+00 1.047E+03 2.000E+05
 5.18831063E-02  14098.1 1.596E+03 3.898E+14 7.296E+00 1.059E+03 2.000E+05
 6.63599099E-02  14701.0 2.038E+03 4.792E+14 7.276E+00 1.063E+03 2.000E+05
 8.57235487E-02  15392.6 2.630E+03 5.940E+14 7.255E+00 1.060E+03 2.000E+05
 1.11539466E-01  16172.6 3.419E+03 7.409E+14 7.282E+00 1.054E+03 2.000E+05
 1.45697491E-01  17035.1 4.463E+03 9.267E+14 7.363E+00 1.047E+03 2.000E+05
 1.90754713E-01  17977.4 5.841E+03 1.159E+15 7.438E+00 1.033E+03 2.000E+05
 2.50249671E-01  18997.2 7.662E+03 1.446E+15 7.511E+00 1.016E+03 2.000E+05
 3.28777029E-01  20096.8 1.007E+04 1.802E+15 7.594E+00 1.002E+03 2.000E+05
 4.32025231E-01  21286.8 1.323E+04 2.240E+15 7.727E+00 9.974E+02 2.000E+05
 5.66941870E-01  22579.6 1.736E+04 2.774E+15 7.908E+00 1.003E+03 2.000E+05
 7.42067162E-01  23990.9 2.272E+04 3.419E+15 8.154E+00 1.022E+03 2.000E+05
 9.67780844E-01  25534.1 2.962E+04 4.190E+15 8.465E+00 1.052E+03 2.000E+05
 1.25648772E+00  27223.8 3.844E+04 5.100E+15 8.860E+00 1.094E+03 2.000E+05
 1.62275362E+00  29068.7 4.962E+04 6.165E+15 9.349E+00 1.150E+03 2.000E+05
 2.08395948E+00  31083.9 6.365E+04 7.398E+15 9.933E+00 1.218E+03 2.000E+05
 2.66032687E+00  33273.7 8.115E+04 8.815E+15 1.064E+01 1.303E+03 2.000E+05
 3.37577150E+00  35654.8 1.028E+05 1.043E+16 1.147E+01 1.403E+03 2.000E+05
 4.25532943E+00  38237.6 1.293E+05 1.227E+16 1.251E+01 1.527E+03 2.000E+05
 5.32823259E+00  41026.9 1.615E+05 1.437E+16 1.367E+01 1.671E+03 2.000E+05
 6.66000848E+00  44121.4 2.014E+05 1.682E+16 1.432E+01 1.744E+03 2.000E+05
 8.45857910E+00  47424.5 2.552E+05 2.002E+16 1.346E+01 1.622E+03 2.000E+05
PRADK 1.1712E+02
BEGIN                    ITERATION   6 COMPLETED
