TEFF  21000.  GRAVITY 3.00000 LTE
TITLE SDSC GRID  [-4.0]   VTURB 2.0 KM/S
 OPACITY IFOP 1 1 1 1 1 1 1 1 1 1 1 1 1 0 1 0 0 0 0 0
 CONVECTION OFF  1.00 TURBULENCE OFF  0.00  0.00  0.00  0.00
ABUNDANCE SCALE   0.00010 ABUNDANCE CHANGE 1 0.91100 2 0.08900
 ABUNDANCE CHANGE  3 -10.88  4 -10.89  5  -9.44  6  -3.48  7  -3.99  8  -3.11
 ABUNDANCE CHANGE  9  -7.48 10  -3.95 11  -5.71 12  -4.46 13  -5.57 14  -4.49
 ABUNDANCE CHANGE 15  -6.59 16  -4.83 17  -6.54 18  -5.48 19  -6.82 20  -5.68
 ABUNDANCE CHANGE 21  -8.94 22  -7.05 23  -8.04 24  -6.37 25  -6.65 26  -4.37
 ABUNDANCE CHANGE 27  -7.12 28  -5.79 29  -7.83 30  -7.44 31  -9.16 32  -8.63
 ABUNDANCE CHANGE 33  -9.67 34  -8.69 35  -9.41 36  -8.81 37  -9.44 38  -9.14
 ABUNDANCE CHANGE 39  -9.80 40  -9.54 41 -10.62 42 -10.12 43 -20.00 44 -10.20
 ABUNDANCE CHANGE 45 -10.92 46 -10.35 47 -11.10 48 -10.18 49 -10.58 50 -10.04
 ABUNDANCE CHANGE 51 -11.04 52  -9.80 53 -10.53 54  -9.81 55 -10.92 56  -9.91
 ABUNDANCE CHANGE 57 -10.82 58 -10.49 59 -11.33 60 -10.54 61 -20.00 62 -11.04
 ABUNDANCE CHANGE 63 -11.53 64 -10.92 65 -11.94 66 -10.94 67 -11.78 68 -11.11
 ABUNDANCE CHANGE 69 -12.04 70 -10.96 71 -11.28 72 -11.16 73 -11.91 74 -10.93
 ABUNDANCE CHANGE 75 -11.77 76 -10.59 77 -10.69 78 -10.24 79 -11.03 80 -10.95
 ABUNDANCE CHANGE 81 -11.14 82 -10.19 83 -11.33 84 -20.00 85 -20.00 86 -20.00
 ABUNDANCE CHANGE 87 -20.00 88 -20.00 89 -20.00 90 -11.92 91 -20.00 92 -12.51
 ABUNDANCE CHANGE 93 -20.00 94 -20.00 95 -20.00 96 -20.00 97 -20.00 98 -20.00
 ABUNDANCE CHANGE 99 -20.00
READ DECK6 64 RHOX,T,P,XNE,ABROSS,ACCRAD,VTURB
 4.76451491E-06  12186.3 4.223E-03 1.255E+09 3.154E-01 1.160E+02 2.000E+05
 5.48832770E-06  12187.3 4.864E-03 1.445E+09 3.154E-01 1.160E+02 2.000E+05
 7.31408984E-06  12188.3 6.483E-03 1.926E+09 3.155E-01 1.161E+02 2.000E+05
 9.74231634E-06  12189.3 8.636E-03 2.565E+09 3.156E-01 1.161E+02 2.000E+05
 1.29786279E-05  12190.3 1.151E-02 3.417E+09 3.157E-01 1.161E+02 2.000E+05
 1.73122557E-05  12191.3 1.535E-02 4.557E+09 3.159E-01 1.162E+02 2.000E+05
 2.31257443E-05  12192.3 2.049E-02 6.085E+09 3.160E-01 1.164E+02 2.000E+05
 3.09134866E-05  12193.3 2.739E-02 8.130E+09 3.162E-01 1.165E+02 2.000E+05
 4.13496559E-05  12194.3 3.661E-02 1.087E+10 3.164E-01 1.167E+02 2.000E+05
 5.53249231E-05  12195.3 4.896E-02 1.453E+10 3.166E-01 1.170E+02 2.000E+05
 7.40082247E-05  12196.3 6.546E-02 1.942E+10 3.169E-01 1.174E+02 2.000E+05
 9.89396126E-05  12197.3 8.746E-02 2.593E+10 3.172E-01 1.178E+02 2.000E+05
 1.32160858E-04  12202.7 1.168E-01 3.459E+10 3.177E-01 1.184E+02 2.000E+05
 1.76390946E-04  12217.7 1.557E-01 4.606E+10 3.183E-01 1.191E+02 2.000E+05
 2.35264103E-04  12236.8 2.076E-01 6.126E+10 3.191E-01 1.200E+02 2.000E+05
 3.13509795E-04  12263.2 2.764E-01 8.134E+10 3.202E-01 1.211E+02 2.000E+05
 4.17453259E-04  12297.8 3.677E-01 1.078E+11 3.216E-01 1.225E+02 2.000E+05
 5.55370060E-04  12342.9 4.886E-01 1.426E+11 3.234E-01 1.240E+02 2.000E+05
 7.38074473E-04  12397.7 6.484E-01 1.883E+11 3.258E-01 1.259E+02 2.000E+05
 9.79671527E-04  12463.7 8.594E-01 2.481E+11 3.289E-01 1.280E+02 2.000E+05
 1.29838789E-03  12540.2 1.137E+00 3.260E+11 3.329E-01 1.303E+02 2.000E+05
 1.71781165E-03  12628.4 1.501E+00 4.271E+11 3.378E-01 1.329E+02 2.000E+05
 2.26815777E-03  12727.5 1.977E+00 5.579E+11 3.438E-01 1.359E+02 2.000E+05
 2.98798878E-03  12840.6 2.598E+00 7.264E+11 3.510E-01 1.390E+02 2.000E+05
 3.92632720E-03  12966.1 3.405E+00 9.423E+11 3.597E-01 1.425E+02 2.000E+05
 5.14532208E-03  13105.8 4.448E+00 1.218E+12 3.699E-01 1.461E+02 2.000E+05
 6.72339679E-03  13257.8 5.792E+00 1.568E+12 3.816E-01 1.501E+02 2.000E+05
 8.75939183E-03  13422.8 7.518E+00 2.010E+12 3.951E-01 1.541E+02 2.000E+05
 1.13773167E-02  13595.7 9.727E+00 2.569E+12 4.104E-01 1.583E+02 2.000E+05
 1.47319793E-02  13774.2 1.254E+01 3.270E+12 4.278E-01 1.627E+02 2.000E+05
 1.90148019E-02  13950.8 1.612E+01 4.150E+12 4.477E-01 1.678E+02 2.000E+05
 2.44603956E-02  14123.0 2.063E+01 5.249E+12 4.705E-01 1.739E+02 2.000E+05
 3.13554840E-02  14289.6 2.630E+01 6.614E+12 4.965E-01 1.816E+02 2.000E+05
 4.00511719E-02  14453.9 3.338E+01 8.298E+12 5.259E-01 1.913E+02 2.000E+05
 5.09826898E-02  14623.9 4.215E+01 1.036E+13 5.585E-01 2.031E+02 2.000E+05
 6.47016344E-02  14809.6 5.299E+01 1.286E+13 5.936E-01 2.169E+02 2.000E+05
 8.19199329E-02  15020.2 6.634E+01 1.588E+13 6.303E-01 2.323E+02 2.000E+05
 1.03577303E-01  15268.2 8.278E+01 1.951E+13 6.671E-01 2.488E+02 2.000E+05
 1.30932160E-01  15562.6 1.031E+02 2.385E+13 7.024E-01 2.659E+02 2.000E+05
 1.65708261E-01  15922.5 1.283E+02 2.905E+13 7.340E-01 2.822E+02 2.000E+05
 2.10261717E-01  16351.2 1.599E+02 3.529E+13 7.613E-01 2.972E+02 2.000E+05
 2.67799109E-01  16861.3 2.000E+02 4.282E+13 7.830E-01 3.102E+02 2.000E+05
 3.42692287E-01  17462.0 2.512E+02 5.198E+13 7.994E-01 3.210E+02 2.000E+05
 4.40833978E-01  18164.4 3.174E+02 6.317E+13 8.114E-01 3.293E+02 2.000E+05
 5.70026736E-01  18976.5 4.036E+02 7.691E+13 8.209E-01 3.353E+02 2.000E+05
 7.40350975E-01  19899.5 5.165E+02 9.386E+13 8.305E-01 3.396E+02 2.000E+05
 9.64532907E-01  20932.8 6.641E+02 1.147E+14 8.427E-01 3.431E+02 2.000E+05
 1.25843675E+00  22072.4 8.566E+02 1.404E+14 8.594E-01 3.470E+02 2.000E+05
 1.64157409E+00  23330.1 1.106E+03 1.715E+14 8.817E-01 3.514E+02 2.000E+05
 2.13754174E+00  24686.7 1.426E+03 2.090E+14 9.117E-01 3.572E+02 2.000E+05
 2.77470358E+00  26155.4 1.833E+03 2.535E+14 9.496E-01 3.664E+02 2.000E+05
 3.58811181E+00  27753.3 2.343E+03 3.055E+14 9.947E-01 3.782E+02 2.000E+05
 4.61976068E+00  29485.2 2.977E+03 3.655E+14 1.050E+00 3.943E+02 2.000E+05
 5.91816614E+00  31377.6 3.750E+03 4.333E+14 1.117E+00 4.155E+02 2.000E+05
 7.53337578E+00  33439.6 4.670E+03 5.087E+14 1.205E+00 4.449E+02 2.000E+05
 9.51947756E+00  35695.8 5.737E+03 5.907E+14 1.312E+00 4.807E+02 2.000E+05
 1.19857350E+01  38160.6 6.986E+03 6.805E+14 1.380E+00 5.024E+02 2.000E+05
 1.52389367E+01  40847.6 8.617E+03 7.905E+14 1.348E+00 4.923E+02 2.000E+05
 1.97721783E+01  43724.5 1.098E+04 9.447E+14 1.269E+00 4.648E+02 2.000E+05
 2.62124067E+01  46854.4 1.452E+04 1.168E+15 1.193E+00 4.372E+02 2.000E+05
 3.53094630E+01  50226.2 1.976E+04 1.483E+15 1.130E+00 4.132E+02 2.000E+05
 4.80897115E+01  53881.5 2.740E+04 1.918E+15 1.075E+00 3.920E+02 2.000E+05
 6.59486174E+01  57827.7 3.846E+04 2.508E+15 1.028E+00 3.721E+02 2.000E+05
 9.07489009E+01  62057.1 5.413E+04 3.290E+15 9.883E-01 3.638E+02 2.000E+05
PRADK 3.5084E+02
BEGIN                    ITERATION   9 COMPLETED
