TEFF   3750.  GRAVITY 4.00000 LTE
TITLE SDSC GRID  [+0.0]   VTURB 2.0 KM/S    L/H 1.25
 OPACITY IFOP 1 1 1 1 1 1 1 1 1 1 1 1 1 0 1 0 0 0 0 0
 CONVECTION ON   1.25 TURBULENCE OFF  0.00  0.00  0.00  0.00
ABUNDANCE SCALE   1.00000 ABUNDANCE CHANGE 1 0.91100 2 0.08900
 ABUNDANCE CHANGE  3 -10.88  4 -10.89  5  -9.44  6  -3.48  7  -3.99  8  -3.11
 ABUNDANCE CHANGE  9  -7.48 10  -3.95 11  -5.71 12  -4.46 13  -5.57 14  -4.49
 ABUNDANCE CHANGE 15  -6.59 16  -4.83 17  -6.54 18  -5.48 19  -6.82 20  -5.68
 ABUNDANCE CHANGE 21  -8.94 22  -7.05 23  -8.04 24  -6.37 25  -6.65 26  -4.37
 ABUNDANCE CHANGE 27  -7.12 28  -5.79 29  -7.83 30  -7.44 31  -9.16 32  -8.63
 ABUNDANCE CHANGE 33  -9.67 34  -8.69 35  -9.41 36  -8.81 37  -9.44 38  -9.14
 ABUNDANCE CHANGE 39  -9.80 40  -9.54 41 -10.62 42 -10.12 43 -20.00 44 -10.20
 ABUNDANCE CHANGE 45 -10.92 46 -10.35 47 -11.10 48 -10.18 49 -10.58 50 -10.04
 ABUNDANCE CHANGE 51 -11.04 52  -9.80 53 -10.53 54  -9.81 55 -10.92 56  -9.91
 ABUNDANCE CHANGE 57 -10.82 58 -10.49 59 -11.33 60 -10.54 61 -20.00 62 -11.04
 ABUNDANCE CHANGE 63 -11.53 64 -10.92 65 -11.94 66 -10.94 67 -11.78 68 -11.11
 ABUNDANCE CHANGE 69 -12.04 70 -10.96 71 -11.28 72 -11.16 73 -11.91 74 -10.93
 ABUNDANCE CHANGE 75 -11.77 76 -10.59 77 -10.69 78 -10.24 79 -11.03 80 -10.95
 ABUNDANCE CHANGE 81 -11.14 82 -10.19 83 -11.33 84 -20.00 85 -20.00 86 -20.00
 ABUNDANCE CHANGE 87 -20.00 88 -20.00 89 -20.00 90 -11.92 91 -20.00 92 -12.51
 ABUNDANCE CHANGE 93 -20.00 94 -20.00 95 -20.00 96 -20.00 97 -20.00 98 -20.00
 ABUNDANCE CHANGE 99 -20.00
READ DECK6 72 RHOX,T,P,XNE,ABROSS,ACCRAD,VTURB
 3.73946911E-03   2597.8 3.739E+01 5.127E+08 3.566E-05 1.146E-02 2.000E+05 0.000E+00 0.000E+00
 4.87677927E-03   2625.2 4.877E+01 6.680E+08 4.255E-05 1.103E-02 2.000E+05 0.000E+00 0.000E+00
 6.16140231E-03   2646.0 6.161E+01 8.389E+08 4.979E-05 1.061E-02 2.000E+05 0.000E+00 0.000E+00
 7.63077895E-03   2665.7 7.631E+01 1.034E+09 5.787E-05 1.022E-02 2.000E+05 0.000E+00 0.000E+00
 9.31844907E-03   2685.6 9.318E+01 1.260E+09 6.711E-05 9.883E-03 2.000E+05 0.000E+00 0.000E+00
 1.12649216E-02   2703.7 1.126E+02 1.518E+09 7.736E-05 9.528E-03 2.000E+05 0.000E+00 0.000E+00
 1.35190877E-02   2721.2 1.352E+02 1.815E+09 8.904E-05 9.201E-03 2.000E+05 0.000E+00 0.000E+00
 1.61291323E-02   2739.1 1.613E+02 2.161E+09 1.026E-04 8.956E-03 2.000E+05 0.000E+00 0.000E+00
 1.91491067E-02   2757.0 1.915E+02 2.561E+09 1.183E-04 8.751E-03 2.000E+05 0.000E+00 0.000E+00
 2.26516495E-02   2772.8 2.265E+02 3.016E+09 1.357E-04 8.482E-03 2.000E+05 0.000E+00 0.000E+00
 2.67234752E-02   2788.7 2.672E+02 3.543E+09 1.556E-04 8.281E-03 2.000E+05 0.000E+00 0.000E+00
 3.14558724E-02   2804.7 3.146E+02 4.154E+09 1.785E-04 8.129E-03 2.000E+05 0.000E+00 0.000E+00
 3.69712666E-02   2818.6 3.697E+02 4.847E+09 2.038E-04 7.919E-03 2.000E+05 0.000E+00 0.000E+00
 4.34091480E-02   2832.8 4.341E+02 5.652E+09 2.330E-04 7.780E-03 2.000E+05 0.000E+00 0.000E+00
 5.09150324E-02   2847.0 5.092E+02 6.585E+09 2.666E-04 7.718E-03 2.000E+05 0.000E+00 0.000E+00
 5.96598681E-02   2861.4 5.966E+02 7.666E+09 3.053E-04 7.729E-03 2.000E+05 0.000E+00 0.000E+00
 6.98413925E-02   2875.8 6.984E+02 8.918E+09 3.497E-04 7.811E-03 2.000E+05 0.000E+00 0.000E+00
 8.16977627E-02   2889.7 8.170E+02 1.036E+10 4.003E-04 7.898E-03 2.000E+05 0.000E+00 0.000E+00
 9.55230559E-02   2902.9 9.552E+02 1.201E+10 4.573E-04 7.945E-03 2.000E+05 0.000E+00 0.000E+00
 1.11688752E-01   2914.9 1.117E+03 1.390E+10 5.208E-04 7.933E-03 2.000E+05 0.000E+00 0.000E+00
 1.30627721E-01   2926.6 1.306E+03 1.608E+10 5.927E-04 7.938E-03 2.000E+05 0.000E+00 0.000E+00
 1.52806418E-01   2938.6 1.528E+03 1.861E+10 6.753E-04 8.005E-03 2.000E+05 0.000E+00 0.000E+00
 1.78755454E-01   2950.9 1.788E+03 2.155E+10 7.699E-04 8.134E-03 2.000E+05 0.000E+00 0.000E+00
 2.09096607E-01   2963.4 2.091E+03 2.496E+10 8.783E-04 8.329E-03 2.000E+05 0.000E+00 0.000E+00
 2.44554035E-01   2976.2 2.446E+03 2.891E+10 1.003E-03 8.595E-03 2.000E+05 0.000E+00 0.000E+00
 2.85955432E-01   2989.5 2.860E+03 3.351E+10 1.145E-03 8.931E-03 2.000E+05 0.000E+00 0.000E+00
 3.34287591E-01   3002.8 3.343E+03 3.883E+10 1.308E-03 9.242E-03 2.000E+05 0.000E+00 0.000E+00
 3.90770312E-01   3015.9 3.908E+03 4.497E+10 1.492E-03 9.437E-03 2.000E+05 0.000E+00 0.000E+00
 4.56814322E-01   3029.3 4.568E+03 5.210E+10 1.701E-03 9.584E-03 2.000E+05 0.000E+00 0.000E+00
 5.34007166E-01   3043.1 5.340E+03 6.039E+10 1.942E-03 9.746E-03 2.000E+05 0.000E+00 0.000E+00
 6.24121829E-01   3057.7 6.241E+03 7.006E+10 2.220E-03 9.973E-03 2.000E+05 0.000E+00 0.000E+00
 7.29151288E-01   3073.3 7.292E+03 8.134E+10 2.542E-03 1.027E-02 2.000E+05 0.000E+00 0.000E+00
 8.51329836E-01   3089.9 8.513E+03 9.452E+10 2.917E-03 1.063E-02 2.000E+05 0.000E+00 0.000E+00
 9.93125366E-01   3107.8 9.931E+03 1.099E+11 3.356E-03 1.107E-02 2.000E+05 0.000E+00 0.000E+00
 1.15762809E+00   3126.5 1.158E+04 1.279E+11 3.855E-03 1.124E-02 2.000E+05 0.000E+00 0.000E+00
 1.34838254E+00   3146.5 1.348E+04 1.488E+11 4.439E-03 1.151E-02 2.000E+05 0.000E+00 0.000E+00
 1.56898084E+00   3167.8 1.569E+04 1.734E+11 5.123E-03 1.182E-02 2.000E+05 0.000E+00 0.000E+00
 1.82388801E+00   3189.6 1.824E+04 2.019E+11 5.912E-03 1.206E-02 2.000E+05 0.000E+00 0.000E+00
 2.11797910E+00   3213.4 2.118E+04 2.355E+11 6.848E-03 1.243E-02 2.000E+05 0.000E+00 0.000E+00
 2.45605323E+00   3239.0 2.456E+04 2.748E+11 7.958E-03 1.295E-02 2.000E+05 5.343E-06 0.000E+00
 2.84118539E+00   3270.2 2.841E+04 3.224E+11 9.361E-03 1.355E-02 2.000E+05 5.296E-05 0.000E+00
 3.27932361E+00   3299.9 3.279E+04 3.767E+11 1.094E-02 1.432E-02 2.000E+05 2.358E-04 0.000E+00
 3.77695498E+00   3336.4 3.777E+04 4.433E+11 1.294E-02 1.491E-02 2.000E+05 1.834E-03 0.000E+00
 4.33243491E+00   3381.3 4.333E+04 5.259E+11 1.554E-02 1.556E-02 2.000E+05 4.324E-03 9.329E+03
 4.95273157E+00   3423.1 4.953E+04 6.198E+11 1.847E-02 1.650E-02 2.000E+05 6.433E-03 6.220E+03
 5.64719757E+00   3469.0 5.647E+04 7.338E+11 2.210E-02 1.774E-02 2.000E+05 1.209E-02 2.452E+04
 6.41791427E+00   3519.9 6.418E+04 8.737E+11 2.663E-02 1.915E-02 2.000E+05 1.981E-02 2.823E+04
 7.27163224E+00   3571.0 7.272E+04 1.040E+12 3.201E-02 2.077E-02 2.000E+05 3.049E-02 2.193E+04
 8.22101081E+00   3621.5 8.221E+04 1.236E+12 3.834E-02 2.272E-02 2.000E+05 4.543E-02 2.772E+04
 9.26944443E+00   3681.0 9.269E+04 1.490E+12 4.674E-02 2.523E-02 2.000E+05 6.083E-02 3.789E+04
 1.04108322E+01   3746.4 1.041E+05 1.814E+12 5.749E-02 2.817E-02 2.000E+05 8.213E-02 4.219E+04
 1.16425691E+01   3818.2 1.164E+05 2.233E+12 7.138E-02 3.167E-02 2.000E+05 1.077E-01 4.589E+04
 1.29574547E+01   3897.4 1.296E+05 2.783E+12 8.964E-02 3.584E-02 2.000E+05 1.374E-01 4.755E+04
 1.43515651E+01   3981.7 1.435E+05 3.494E+12 1.129E-01 4.057E-02 2.000E+05 1.730E-01 4.880E+04
 1.58243509E+01   4073.0 1.582E+05 4.429E+12 1.430E-01 4.650E-02 2.000E+05 2.101E-01 5.541E+04
 1.73627945E+01   4178.9 1.736E+05 5.734E+12 1.837E-01 5.402E-02 2.000E+05 2.484E-01 6.108E+04
 1.89603743E+01   4293.2 1.896E+05 7.460E+12 2.357E-01 6.303E-02 2.000E+05 2.896E-01 6.710E+04
 2.06145045E+01   4425.1 2.061E+05 9.856E+12 3.042E-01 7.400E-02 2.000E+05 3.316E-01 7.194E+04
 2.23355598E+01   4567.1 2.234E+05 1.295E+13 3.871E-01 8.635E-02 2.000E+05 3.761E-01 7.676E+04
 2.41455506E+01   4729.8 2.415E+05 1.704E+13 4.873E-01 1.002E-01 2.000E+05 4.193E-01 8.125E+04
 2.60916487E+01   4906.8 2.609E+05 2.205E+13 5.966E-01 1.141E-01 2.000E+05 4.624E-01 8.520E+04
 2.82423990E+01   5108.8 2.824E+05 2.816E+13 7.095E-01 1.273E-01 2.000E+05 5.000E-01 8.827E+04
 3.06946222E+01   5331.3 3.069E+05 3.541E+13 8.191E-01 1.402E-01 2.000E+05 5.309E-01 9.048E+04
 3.35357746E+01   5587.1 3.354E+05 4.524E+13 9.415E-01 1.519E-01 2.000E+05 5.614E-01 9.043E+04
 3.67726771E+01   5855.5 3.677E+05 6.089E+13 1.132E+00 1.616E-01 2.000E+05 6.151E-01 8.759E+04
 4.02355294E+01   6126.8 4.024E+05 8.854E+13 1.465E+00 1.814E-01 2.000E+05 6.669E-01 9.485E+04
 4.36691867E+01   6399.8 4.367E+05 1.363E+14 2.024E+00 1.996E-01 2.000E+05 7.353E-01 9.743E+04
 4.70082734E+01   6639.0 4.701E+05 2.038E+14 2.751E+00 2.103E-01 2.000E+05 7.954E-01 9.854E+04
 5.02688911E+01   6873.1 5.027E+05 3.018E+14 3.756E+00 2.234E-01 2.000E+05 8.406E-01 9.880E+04
 5.35186160E+01   7081.3 5.352E+05 4.261E+14 4.941E+00 2.286E-01 2.000E+05 8.764E-01 9.863E+04
 5.68057341E+01   7292.0 5.680E+05 5.970E+14 6.512E+00 2.365E-01 2.000E+05 9.026E-01 9.782E+04
 6.01786656E+01   7482.5 6.018E+05 8.034E+14 8.318E+00 2.550E-01 2.000E+05 9.174E-01 9.670E+04
PRADK 2.6033E-01
BEGIN                    ITERATION  15 COMPLETED
