EFF  45000.  GRAVITY 5.00000 LTE 
ITLE SDSC GRID  [-2.0]   VTURB 2.0 KM/S                                        
OPACITY IFOP 1 1 1 1 1 1 1 1 1 1 1 1 1 0 1 0 0 0 0 0
CONVECTION OFF  1.00 TURBULENCE OFF  0.00  0.00  0.00  0.00
BUNDANCE SCALE   0.01000 ABUNDANCE CHANGE 1 0.91100 2 0.08900
ABUNDANCE CHANGE  3 -10.88  4 -10.89  5  -9.44  6  -3.48  7  -3.99  8  -3.11
ABUNDANCE CHANGE  9  -7.48 10  -3.95 11  -5.71 12  -4.46 13  -5.57 14  -4.49
ABUNDANCE CHANGE 15  -6.59 16  -4.83 17  -6.54 18  -5.48 19  -6.82 20  -5.68
ABUNDANCE CHANGE 21  -8.94 22  -7.05 23  -8.04 24  -6.37 25  -6.65 26  -4.37
ABUNDANCE CHANGE 27  -7.12 28  -5.79 29  -7.83 30  -7.44 31  -9.16 32  -8.63
ABUNDANCE CHANGE 33  -9.67 34  -8.69 35  -9.41 36  -8.81 37  -9.44 38  -9.14
ABUNDANCE CHANGE 39  -9.80 40  -9.54 41 -10.62 42 -10.12 43 -20.00 44 -10.20
ABUNDANCE CHANGE 45 -10.92 46 -10.35 47 -11.10 48 -10.18 49 -10.58 50 -10.04
ABUNDANCE CHANGE 51 -11.04 52  -9.80 53 -10.53 54  -9.81 55 -10.92 56  -9.91
ABUNDANCE CHANGE 57 -10.82 58 -10.49 59 -11.33 60 -10.54 61 -20.00 62 -11.04
ABUNDANCE CHANGE 63 -11.53 64 -10.92 65 -11.94 66 -10.94 67 -11.78 68 -11.11
ABUNDANCE CHANGE 69 -12.04 70 -10.96 71 -11.28 72 -11.16 73 -11.91 74 -10.93
ABUNDANCE CHANGE 75 -11.77 76 -10.59 77 -10.69 78 -10.24 79 -11.03 80 -10.95
ABUNDANCE CHANGE 81 -11.14 82 -10.19 83 -11.33 84 -20.00 85 -20.00 86 -20.00
ABUNDANCE CHANGE 87 -20.00 88 -20.00 89 -20.00 90 -11.92 91 -20.00 92 -12.51
ABUNDANCE CHANGE 93 -20.00 94 -20.00 95 -20.00 96 -20.00 97 -20.00 98 -20.00
ABUNDANCE CHANGE 99 -20.00
EAD DECK6 64 RHOX,T,P,XNE,ABROSS,ACCRAD,VTURB
3.82340104E-06  27887.5 3.666E-01 4.958E+10 3.489E-01 4.108E+03 2.000E+05
5.09708913E-06  27998.2 4.888E-01 6.582E+10 3.489E-01 4.105E+03 2.000E+05
6.79591084E-06  28024.2 6.517E-01 8.764E+10 3.493E-01 4.126E+03 2.000E+05
9.05865342E-06  28057.7 8.686E-01 1.166E+11 3.498E-01 4.161E+03 2.000E+05
1.20716828E-05  28123.2 1.157E+00 1.549E+11 3.503E-01 4.205E+03 2.000E+05
1.60824812E-05  28176.4 1.541E+00 2.058E+11 3.510E-01 4.259E+03 2.000E+05
2.14187785E-05  28273.3 2.052E+00 2.729E+11 3.519E-01 4.317E+03 2.000E+05
2.85153527E-05  28348.0 2.731E+00 3.619E+11 3.530E-01 4.399E+03 2.000E+05
3.79451115E-05  28467.4 3.632E+00 4.788E+11 3.544E-01 4.476E+03 2.000E+05
5.04621533E-05  28604.0 4.827E+00 6.328E+11 3.562E-01 4.551E+03 2.000E+05
6.70586722E-05  28752.1 6.411E+00 8.352E+11 3.585E-01 4.642E+03 2.000E+05
8.90311750E-05  28924.1 8.505E+00 1.100E+12 3.614E-01 4.742E+03 2.000E+05
1.18069907E-04  29120.1 1.127E+01 1.447E+12 3.650E-01 4.816E+03 2.000E+05
1.56375405E-04  29368.8 1.492E+01 1.898E+12 3.693E-01 4.847E+03 2.000E+05
2.06791144E-04  29614.3 1.971E+01 2.486E+12 3.746E-01 4.906E+03 2.000E+05
2.72989365E-04  29894.8 2.600E+01 3.247E+12 3.809E-01 4.977E+03 2.000E+05
3.59685721E-04  30195.4 3.424E+01 4.232E+12 3.883E-01 5.050E+03 2.000E+05
4.72937432E-04  30532.5 4.499E+01 5.498E+12 3.969E-01 5.110E+03 2.000E+05
6.20461261E-04  30876.0 5.898E+01 7.127E+12 4.069E-01 5.210E+03 2.000E+05
8.12060869E-04  31243.1 7.713E+01 9.210E+12 4.184E-01 5.345E+03 2.000E+05
1.06014399E-03  31628.8 1.006E+02 1.187E+13 4.315E-01 5.518E+03 2.000E+05
1.38064499E-03  32074.1 1.309E+02 1.523E+13 4.458E-01 5.495E+03 2.000E+05
1.79354789E-03  32493.0 1.699E+02 1.952E+13 4.623E-01 5.535E+03 2.000E+05
2.32353176E-03  32906.6 2.199E+02 2.495E+13 4.811E-01 5.614E+03 2.000E+05
3.00134665E-03  33312.6 2.839E+02 3.182E+13 5.026E-01 5.728E+03 2.000E+05
3.86493884E-03  33705.9 3.652E+02 4.046E+13 5.270E-01 5.868E+03 2.000E+05
4.96058871E-03  34074.7 4.683E+02 5.130E+13 5.552E-01 6.067E+03 2.000E+05
6.34421847E-03  34410.0 5.980E+02 6.486E+13 5.876E-01 6.361E+03 2.000E+05
8.08339421E-03  34715.5 7.605E+02 8.171E+13 6.247E-01 6.766E+03 2.000E+05
1.02597835E-02  34996.4 9.629E+02 1.026E+14 6.671E-01 7.301E+03 2.000E+05
1.29722802E-02  35271.8 1.213E+03 1.282E+14 7.150E-01 7.942E+03 2.000E+05
1.63405719E-02  35547.7 1.522E+03 1.594E+14 7.692E-01 8.692E+03 2.000E+05
2.05096706E-02  35831.3 1.901E+03 1.974E+14 8.299E-01 9.534E+03 2.000E+05
2.56541229E-02  36124.9 2.364E+03 2.433E+14 8.982E-01 1.050E+04 2.000E+05
3.19835400E-02  36440.5 2.927E+03 2.985E+14 9.747E-01 1.159E+04 2.000E+05
3.97510201E-02  36796.6 3.609E+03 3.645E+14 1.060E+00 1.273E+04 2.000E+05
4.92612404E-02  37201.2 4.433E+03 4.429E+14 1.156E+00 1.390E+04 2.000E+05
6.08836711E-02  37666.4 5.427E+03 5.356E+14 1.262E+00 1.506E+04 2.000E+05
7.50729948E-02  38205.6 6.624E+03 6.450E+14 1.379E+00 1.616E+04 2.000E+05
9.23965051E-02  38831.6 8.067E+03 7.736E+14 1.506E+00 1.714E+04 2.000E+05
1.13576790E-01  39557.2 9.813E+03 9.249E+14 1.640E+00 1.797E+04 2.000E+05
1.39554404E-01  40393.0 1.194E+04 1.103E+15 1.780E+00 1.855E+04 2.000E+05
1.71581281E-01  41345.3 1.454E+04 1.315E+15 1.919E+00 1.895E+04 2.000E+05
2.11367739E-01  42434.7 1.776E+04 1.567E+15 2.050E+00 1.920E+04 2.000E+05
2.61294362E-01  43681.9 2.179E+04 1.871E+15 2.167E+00 1.929E+04 2.000E+05
3.24715181E-01  45110.1 2.691E+04 2.240E+15 2.260E+00 1.925E+04 2.000E+05
4.06416277E-01  46744.8 3.351E+04 2.696E+15 2.324E+00 1.907E+04 2.000E+05
5.13093992E-01  48606.7 4.216E+04 3.264E+15 2.358E+00 1.887E+04 2.000E+05
6.54615544E-01  50770.3 5.366E+04 3.981E+15 2.352E+00 1.853E+04 2.000E+05
8.45030794E-01  53214.5 6.921E+04 4.901E+15 2.316E+00 1.813E+04 2.000E+05
1.10516426E+00  56061.4 9.058E+04 6.089E+15 2.245E+00 1.762E+04 2.000E+05
1.46478674E+00  59276.3 1.203E+05 7.652E+15 2.155E+00 1.695E+04 2.000E+05
1.96602335E+00  62922.6 1.621E+05 9.715E+15 2.059E+00 1.625E+04 2.000E+05
2.66479755E+00  66977.6 2.209E+05 1.244E+16 1.972E+00 1.551E+04 2.000E+05
3.63469920E+00  71418.2 3.032E+05 1.601E+16 1.903E+00 1.489E+04 2.000E+05
4.96738714E+00  76274.2 4.170E+05 2.061E+16 1.856E+00 1.443E+04 2.000E+05
6.77887959E+00  81520.8 5.722E+05 2.647E+16 1.830E+00 1.417E+04 2.000E+05
9.21844780E+00  87249.3 7.818E+05 3.378E+16 1.820E+00 1.406E+04 2.000E+05
1.24720214E+01  93428.8 1.061E+06 4.283E+16 1.827E+00 1.408E+04 2.000E+05
1.67834977E+01 100159.0 1.432E+06 5.389E+16 1.844E+00 1.421E+04 2.000E+05
2.24657496E+01 107425.1 1.919E+06 6.734E+16 1.867E+00 1.437E+04 2.000E+05
2.99491161E+01 115293.3 2.559E+06 8.367E+16 1.891E+00 1.458E+04 2.000E+05
3.98165904E+01 123826.3 3.401E+06 1.036E+17 1.907E+00 1.465E+04 2.000E+05
5.29288012E+01 132957.0 4.523E+06 1.283E+17 1.909E+00 1.419E+04 2.000E+05
RADK 7.4016E+03
EGIN                    ITERATION  10 COMPLETED
