TEFF   9500.  GRAVITY 2.00000 LTE 
TITLE SDSC GRID  [-3.0]   VTURB 2.0 KM/S                                        
 OPACITY IFOP 1 1 1 1 1 1 1 1 1 1 1 1 1 0 1 0 0 0 0 0
 CONVECTION OFF  1.00 TURBULENCE OFF  0.00  0.00  0.00  0.00
ABUNDANCE SCALE   0.00100 ABUNDANCE CHANGE 1 0.91100 2 0.08900
 ABUNDANCE CHANGE  3 -10.88  4 -10.89  5  -9.44  6  -3.48  7  -3.99  8  -3.11
 ABUNDANCE CHANGE  9  -7.48 10  -3.95 11  -5.71 12  -4.46 13  -5.57 14  -4.49
 ABUNDANCE CHANGE 15  -6.59 16  -4.83 17  -6.54 18  -5.48 19  -6.82 20  -5.68
 ABUNDANCE CHANGE 21  -8.94 22  -7.05 23  -8.04 24  -6.37 25  -6.65 26  -4.37
 ABUNDANCE CHANGE 27  -7.12 28  -5.79 29  -7.83 30  -7.44 31  -9.16 32  -8.63
 ABUNDANCE CHANGE 33  -9.67 34  -8.69 35  -9.41 36  -8.81 37  -9.44 38  -9.14
 ABUNDANCE CHANGE 39  -9.80 40  -9.54 41 -10.62 42 -10.12 43 -20.00 44 -10.20
 ABUNDANCE CHANGE 45 -10.92 46 -10.35 47 -11.10 48 -10.18 49 -10.58 50 -10.04
 ABUNDANCE CHANGE 51 -11.04 52  -9.80 53 -10.53 54  -9.81 55 -10.92 56  -9.91
 ABUNDANCE CHANGE 57 -10.82 58 -10.49 59 -11.33 60 -10.54 61 -20.00 62 -11.04
 ABUNDANCE CHANGE 63 -11.53 64 -10.92 65 -11.94 66 -10.94 67 -11.78 68 -11.11
 ABUNDANCE CHANGE 69 -12.04 70 -10.96 71 -11.28 72 -11.16 73 -11.91 74 -10.93
 ABUNDANCE CHANGE 75 -11.77 76 -10.59 77 -10.69 78 -10.24 79 -11.03 80 -10.95
 ABUNDANCE CHANGE 81 -11.14 82 -10.19 83 -11.33 84 -20.00 85 -20.00 86 -20.00
 ABUNDANCE CHANGE 87 -20.00 88 -20.00 89 -20.00 90 -11.92 91 -20.00 92 -12.51
 ABUNDANCE CHANGE 93 -20.00 94 -20.00 95 -20.00 96 -20.00 97 -20.00 98 -20.00
 ABUNDANCE CHANGE 99 -20.00
READ DECK6 64 RHOX,T,P,XNE,ABROSS,ACCRAD,VTURB
 8.72018600E-06   6607.3 8.305E-04 4.322E+08 2.879E-01 4.769E+00 2.000E+05
 8.87476285E-06   6715.4 8.452E-04 4.334E+08 2.879E-01 4.725E+00 2.000E+05
 9.08089115E-06   6716.4 8.649E-04 4.433E+08 2.878E-01 4.724E+00 2.000E+05
 1.10658983E-05   6717.4 1.054E-03 5.399E+08 2.876E-01 4.719E+00 2.000E+05
 1.47483785E-05   6723.8 1.405E-03 7.183E+08 2.873E-01 4.711E+00 2.000E+05
 1.96487319E-05   6733.4 1.872E-03 9.544E+08 2.870E-01 4.700E+00 2.000E+05
 2.61957543E-05   6743.9 2.496E-03 1.269E+09 2.865E-01 4.687E+00 2.000E+05
 3.49309755E-05   6758.2 3.328E-03 1.685E+09 2.860E-01 4.671E+00 2.000E+05
 4.66051202E-05   6775.3 4.441E-03 2.238E+09 2.855E-01 4.651E+00 2.000E+05
 6.22006084E-05   6793.4 5.929E-03 2.971E+09 2.848E-01 4.630E+00 2.000E+05
 8.30477704E-05   6812.9 7.917E-03 3.944E+09 2.842E-01 4.608E+00 2.000E+05
 1.10890558E-04   6833.8 1.057E-02 5.230E+09 2.835E-01 4.592E+00 2.000E+05
 1.48117220E-04   6834.8 1.413E-02 6.940E+09 2.820E-01 4.603E+00 2.000E+05
 1.98153531E-04   6841.6 1.890E-02 9.201E+09 2.804E-01 4.621E+00 2.000E+05
 2.65249430E-04   6851.9 2.530E-02 1.218E+10 2.786E-01 4.646E+00 2.000E+05
 3.55401921E-04   6864.0 3.389E-02 1.610E+10 2.764E-01 4.675E+00 2.000E+05
 4.76345964E-04   6888.6 4.542E-02 2.125E+10 2.752E-01 4.709E+00 2.000E+05
 6.38281604E-04   6916.8 6.085E-02 2.799E+10 2.743E-01 4.758E+00 2.000E+05
 8.54360429E-04   6955.4 8.142E-02 3.681E+10 2.749E-01 4.831E+00 2.000E+05
 1.14068578E-03   7007.2 1.087E-01 4.834E+10 2.778E-01 4.927E+00 2.000E+05
 1.51663419E-03   7071.8 1.444E-01 6.333E+10 2.835E-01 5.029E+00 2.000E+05
 2.00520069E-03   7150.3 1.908E-01 8.271E+10 2.923E-01 5.124E+00 2.000E+05
 2.63734473E-03   7215.9 2.507E-01 1.072E+11 3.007E-01 5.220E+00 2.000E+05
 3.45779336E-03   7267.9 3.284E-01 1.381E+11 3.085E-01 5.338E+00 2.000E+05
 4.52678637E-03   7303.4 4.295E-01 1.768E+11 3.149E-01 5.478E+00 2.000E+05
 5.92828929E-03   7324.0 5.619E-01 2.251E+11 3.195E-01 5.662E+00 2.000E+05
 7.77066203E-03   7343.0 7.355E-01 2.855E+11 3.242E-01 5.896E+00 2.000E+05
 1.01915315E-02   7361.7 9.629E-01 3.608E+11 3.292E-01 6.178E+00 2.000E+05
 1.33612240E-02   7385.7 1.260E+00 4.550E+11 3.362E-01 6.487E+00 2.000E+05
 1.74898041E-02   7412.0 1.645E+00 5.715E+11 3.451E-01 6.844E+00 2.000E+05
 2.28321069E-02   7442.9 2.142E+00 7.156E+11 3.571E-01 7.276E+00 2.000E+05
 2.96847276E-02   7478.0 2.775E+00 8.927E+11 3.729E-01 7.791E+00 2.000E+05
 3.83820155E-02   7519.4 3.575E+00 1.110E+12 3.941E-01 8.394E+00 2.000E+05
 4.92932682E-02   7566.3 4.570E+00 1.376E+12 4.212E-01 9.095E+00 2.000E+05
 6.28183276E-02   7619.7 5.794E+00 1.700E+12 4.560E-01 9.931E+00 2.000E+05
 7.93471150E-02   7682.1 7.274E+00 2.096E+12 5.015E-01 1.096E+01 2.000E+05
 9.92000719E-02   7756.7 9.029E+00 2.580E+12 5.620E-01 1.226E+01 2.000E+05
 1.22587232E-01   7846.3 1.106E+01 3.172E+12 6.424E-01 1.389E+01 2.000E+05
 1.49607721E-01   7953.6 1.336E+01 3.892E+12 7.482E-01 1.592E+01 2.000E+05
 1.80274112E-01   8081.4 1.590E+01 4.758E+12 8.855E-01 1.845E+01 2.000E+05
 2.14676053E-01   8232.2 1.866E+01 5.781E+12 1.055E+00 2.132E+01 2.000E+05
 2.53183437E-01   8408.2 2.163E+01 6.958E+12 1.255E+00 2.447E+01 2.000E+05
 2.96622622E-01   8613.1 2.484E+01 8.274E+12 1.474E+00 2.772E+01 2.000E+05
 3.46564887E-01   8849.7 2.837E+01 9.704E+12 1.684E+00 3.044E+01 2.000E+05
 4.05945129E-01   9121.0 3.244E+01 1.125E+13 1.855E+00 3.221E+01 2.000E+05
 4.79284616E-01   9431.5 3.738E+01 1.294E+13 1.967E+00 3.294E+01 2.000E+05
 5.73297486E-01   9785.5 4.370E+01 1.490E+13 2.013E+00 3.267E+01 2.000E+05
 6.97607329E-01  10189.8 5.212E+01 1.730E+13 2.005E+00 3.179E+01 2.000E+05
 8.65902788E-01  10651.6 6.370E+01 2.040E+13 1.957E+00 3.055E+01 2.000E+05
 1.09757338E+00  11179.5 7.995E+01 2.452E+13 1.883E+00 2.922E+01 2.000E+05
 1.42066104E+00  11783.5 1.031E+02 3.008E+13 1.791E+00 2.783E+01 2.000E+05
 1.87498833E+00  12471.5 1.362E+02 3.766E+13 1.696E+00 2.647E+01 2.000E+05
 2.51333427E+00  13247.3 1.835E+02 4.801E+13 1.616E+00 2.532E+01 2.000E+05
 3.39965984E+00  14109.6 2.501E+02 6.202E+13 1.564E+00 2.448E+01 2.000E+05
 4.60952175E+00  15055.0 3.418E+02 8.048E+13 1.537E+00 2.392E+01 2.000E+05
 6.25382101E+00  16082.1 4.675E+02 1.041E+14 1.505E+00 2.328E+01 2.000E+05
 8.50086599E+00  17195.5 6.407E+02 1.342E+14 1.464E+00 2.255E+01 2.000E+05
 1.15812433E+01  18405.2 8.804E+02 1.727E+14 1.427E+00 2.191E+01 2.000E+05
 1.57736958E+01  19713.6 1.209E+03 2.216E+14 1.406E+00 2.153E+01 2.000E+05
 2.14171106E+01  21133.9 1.652E+03 2.826E+14 1.400E+00 2.139E+01 2.000E+05
 2.89215223E+01  22665.3 2.242E+03 3.576E+14 1.413E+00 2.152E+01 2.000E+05
 3.87824537E+01  24325.0 3.014E+03 4.480E+14 1.442E+00 2.186E+01 2.000E+05
 5.15705868E+01  26109.7 4.010E+03 5.554E+14 1.492E+00 2.241E+01 2.000E+05
 6.79560366E+01  28034.9 5.283E+03 6.816E+14 1.561E+00 2.213E+01 2.000E+05
PRADK 1.4738E+01
BEGIN                    ITERATION   6 COMPLETED
