TEFF  23000.  GRAVITY 4.50000 LTE 
TITLE SDSC GRID  [+0.3]   VTURB 2.0 KM/S                                        
 OPACITY IFOP 1 1 1 1 1 1 1 1 1 1 1 1 1 0 1 0 0 0 0 0
 CONVECTION OFF  1.00 TURBULENCE OFF  0.00  0.00  0.00  0.00
ABUNDANCE SCALE   1.99530 ABUNDANCE CHANGE 1 0.91100 2 0.08900
 ABUNDANCE CHANGE  3 -10.88  4 -10.89  5  -9.44  6  -3.48  7  -3.99  8  -3.11
 ABUNDANCE CHANGE  9  -7.48 10  -3.95 11  -5.71 12  -4.46 13  -5.57 14  -4.49
 ABUNDANCE CHANGE 15  -6.59 16  -4.83 17  -6.54 18  -5.48 19  -6.82 20  -5.68
 ABUNDANCE CHANGE 21  -8.94 22  -7.05 23  -8.04 24  -6.37 25  -6.65 26  -4.37
 ABUNDANCE CHANGE 27  -7.12 28  -5.79 29  -7.83 30  -7.44 31  -9.16 32  -8.63
 ABUNDANCE CHANGE 33  -9.67 34  -8.69 35  -9.41 36  -8.81 37  -9.44 38  -9.14
 ABUNDANCE CHANGE 39  -9.80 40  -9.54 41 -10.62 42 -10.12 43 -20.00 44 -10.20
 ABUNDANCE CHANGE 45 -10.92 46 -10.35 47 -11.10 48 -10.18 49 -10.58 50 -10.04
 ABUNDANCE CHANGE 51 -11.04 52  -9.80 53 -10.53 54  -9.81 55 -10.92 56  -9.91
 ABUNDANCE CHANGE 57 -10.82 58 -10.49 59 -11.33 60 -10.54 61 -20.00 62 -11.04
 ABUNDANCE CHANGE 63 -11.53 64 -10.92 65 -11.94 66 -10.94 67 -11.78 68 -11.11
 ABUNDANCE CHANGE 69 -12.04 70 -10.96 71 -11.28 72 -11.16 73 -11.91 74 -10.93
 ABUNDANCE CHANGE 75 -11.77 76 -10.59 77 -10.69 78 -10.24 79 -11.03 80 -10.95
 ABUNDANCE CHANGE 81 -11.14 82 -10.19 83 -11.33 84 -20.00 85 -20.00 86 -20.00
 ABUNDANCE CHANGE 87 -20.00 88 -20.00 89 -20.00 90 -11.92 91 -20.00 92 -12.51
 ABUNDANCE CHANGE 93 -20.00 94 -20.00 95 -20.00 96 -20.00 97 -20.00 98 -20.00
 ABUNDANCE CHANGE 99 -20.00
READ DECK6 64 RHOX,T,P,XNE,ABROSS,ACCRAD,VTURB
 4.94224219E-06  11573.4 1.517E-01 4.715E+10 3.408E-01 9.234E+02 2.000E+05
 5.24448136E-06  12099.9 1.610E-01 4.809E+10 3.408E-01 8.314E+02 2.000E+05
 6.95060977E-06  12156.4 2.135E-01 6.344E+10 3.434E-01 8.652E+02 2.000E+05
 9.24283790E-06  12246.5 2.840E-01 8.373E+10 3.466E-01 8.972E+02 2.000E+05
 1.22677970E-05  12367.4 3.769E-01 1.100E+11 3.506E-01 9.140E+02 2.000E+05
 1.62523869E-05  12506.4 4.992E-01 1.441E+11 3.552E-01 9.213E+02 2.000E+05
 2.14916296E-05  12667.2 6.601E-01 1.882E+11 3.606E-01 9.043E+02 2.000E+05
 2.83637566E-05  12835.0 8.714E-01 2.452E+11 3.671E-01 8.705E+02 2.000E+05
 3.73554029E-05  12996.0 1.148E+00 3.190E+11 3.746E-01 8.417E+02 2.000E+05
 4.90942018E-05  13152.0 1.509E+00 4.145E+11 3.830E-01 8.166E+02 2.000E+05
 6.43853488E-05  13301.9 1.981E+00 5.378E+11 3.925E-01 7.959E+02 2.000E+05
 8.42576071E-05  13448.2 2.594E+00 6.965E+11 4.032E-01 7.769E+02 2.000E+05
 1.10010499E-04  13589.7 3.388E+00 9.003E+11 4.156E-01 7.593E+02 2.000E+05
 1.43261489E-04  13724.3 4.415E+00 1.161E+12 4.301E-01 7.453E+02 2.000E+05
 1.86025825E-04  13848.6 5.735E+00 1.495E+12 4.467E-01 7.376E+02 2.000E+05
 2.40816732E-04  13964.8 7.428E+00 1.920E+12 4.659E-01 7.374E+02 2.000E+05
 3.10734308E-04  14076.3 9.587E+00 2.457E+12 4.879E-01 7.456E+02 2.000E+05
 3.99443473E-04  14190.4 1.233E+01 3.133E+12 5.145E-01 7.619E+02 2.000E+05
 5.11273020E-04  14306.2 1.578E+01 3.976E+12 5.457E-01 7.824E+02 2.000E+05
 6.51551820E-04  14423.0 2.010E+01 5.024E+12 5.813E-01 8.061E+02 2.000E+05
 8.26782375E-04  14540.7 2.550E+01 6.319E+12 6.218E-01 8.331E+02 2.000E+05
 1.04479691E-03  14660.7 3.221E+01 7.914E+12 6.678E-01 8.652E+02 2.000E+05
 1.31474642E-03  14785.6 4.050E+01 9.867E+12 7.210E-01 9.061E+02 2.000E+05
 1.64768381E-03  14915.4 5.072E+01 1.225E+13 7.804E-01 9.497E+02 2.000E+05
 2.05745261E-03  15052.7 6.328E+01 1.514E+13 8.462E-01 9.943E+02 2.000E+05
 2.56103313E-03  15198.9 7.869E+01 1.864E+13 9.187E-01 1.038E+03 2.000E+05
 3.17945536E-03  15355.2 9.760E+01 2.288E+13 9.980E-01 1.081E+03 2.000E+05
 3.93745998E-03  15523.5 1.207E+02 2.800E+13 1.087E+00 1.127E+03 2.000E+05
 4.86523082E-03  15701.3 1.490E+02 3.417E+13 1.184E+00 1.171E+03 2.000E+05
 6.00080407E-03  15887.1 1.836E+02 4.160E+13 1.291E+00 1.213E+03 2.000E+05
 7.38714386E-03  16080.1 2.257E+02 5.054E+13 1.413E+00 1.265E+03 2.000E+05
 9.07613559E-03  16279.2 2.769E+02 6.126E+13 1.547E+00 1.322E+03 2.000E+05
 1.11327020E-02  16485.9 3.391E+02 7.411E+13 1.695E+00 1.390E+03 2.000E+05
 1.36330151E-02  16702.7 4.146E+02 8.944E+13 1.860E+00 1.471E+03 2.000E+05
 1.66734369E-02  16931.2 5.062E+02 1.077E+14 2.038E+00 1.561E+03 2.000E+05
 2.03796074E-02  17176.6 6.174E+02 1.296E+14 2.226E+00 1.661E+03 2.000E+05
 2.49128034E-02  17446.4 7.530E+02 1.556E+14 2.422E+00 1.768E+03 2.000E+05
 3.04874192E-02  17750.4 9.191E+02 1.868E+14 2.620E+00 1.883E+03 2.000E+05
 3.73565108E-02  18105.4 1.123E+03 2.238E+14 2.836E+00 2.019E+03 2.000E+05
 4.58353216E-02  18519.9 1.373E+03 2.677E+14 3.056E+00 2.159E+03 2.000E+05
 5.63706068E-02  19001.7 1.683E+03 3.199E+14 3.266E+00 2.295E+03 2.000E+05
 6.95701774E-02  19562.7 2.069E+03 3.822E+14 3.462E+00 2.422E+03 2.000E+05
 8.62755705E-02  20212.8 2.556E+03 4.571E+14 3.629E+00 2.522E+03 2.000E+05
 1.07621740E-01  20959.6 3.176E+03 5.480E+14 3.777E+00 2.600E+03 2.000E+05
 1.34937399E-01  21820.1 3.968E+03 6.577E+14 3.939E+00 2.689E+03 2.000E+05
 1.69987203E-01  22793.4 4.981E+03 7.905E+14 4.077E+00 2.736E+03 2.000E+05
 2.15350044E-01  23873.4 6.291E+03 9.534E+14 4.190E+00 2.734E+03 2.000E+05
 2.74068442E-01  25066.0 7.987E+03 1.153E+15 4.328E+00 2.758E+03 2.000E+05
 3.49369154E-01  26372.4 1.016E+04 1.394E+15 4.530E+00 2.787E+03 2.000E+05
 4.45002808E-01  27789.6 1.291E+04 1.682E+15 4.772E+00 2.838E+03 2.000E+05
 5.64579489E-01  29328.7 1.635E+04 2.017E+15 5.148E+00 2.972E+03 2.000E+05
 7.12275647E-01  31003.5 2.057E+04 2.401E+15 5.560E+00 3.136E+03 2.000E+05
 8.93791500E-01  32841.9 2.572E+04 2.837E+15 6.060E+00 3.353E+03 2.000E+05
 1.11470167E+00  34851.8 3.193E+04 3.325E+15 6.673E+00 3.640E+03 2.000E+05
 1.38250474E+00  37056.0 3.939E+04 3.873E+15 7.321E+00 3.927E+03 2.000E+05
 1.70805722E+00  39453.3 4.835E+04 4.499E+15 8.019E+00 4.248E+03 2.000E+05
 2.11243997E+00  42076.4 5.938E+04 5.231E+15 8.409E+00 4.401E+03 2.000E+05
 2.63948719E+00  44933.1 7.372E+04 6.131E+15 8.418E+00 4.409E+03 2.000E+05
 3.35822852E+00  48056.9 9.334E+04 7.295E+15 8.086E+00 4.234E+03 2.000E+05
 4.36346670E+00  51445.1 1.210E+05 8.855E+15 7.660E+00 4.016E+03 2.000E+05
 5.78612300E+00  55145.4 1.605E+05 1.097E+16 7.186E+00 3.760E+03 2.000E+05
 7.81964707E+00  59134.9 2.174E+05 1.387E+16 6.677E+00 3.465E+03 2.000E+05
 1.07422997E+01  63470.4 3.002E+05 1.784E+16 6.189E+00 3.183E+03 2.000E+05
 1.49245103E+01  68103.5 4.196E+05 2.325E+16 5.774E+00 2.925E+03 2.000E+05
PRADK 5.0633E+02
BEGIN                    ITERATION   9 COMPLETED
