TEFF  26000.  GRAVITY 3.00000 LTE 
TITLE SDSC GRID  [-0.1]   VTURB 2.0 KM/S                                        
 OPACITY IFOP 1 1 1 1 1 1 1 1 1 1 1 1 1 0 1 0 0 0 0 0
 CONVECTION OFF  1.00 TURBULENCE OFF  0.00  0.00  0.00  0.00
ABUNDANCE SCALE   0.79430 ABUNDANCE CHANGE 1 0.91100 2 0.08900
 ABUNDANCE CHANGE  3 -10.88  4 -10.89  5  -9.44  6  -3.48  7  -3.99  8  -3.11
 ABUNDANCE CHANGE  9  -7.48 10  -3.95 11  -5.71 12  -4.46 13  -5.57 14  -4.49
 ABUNDANCE CHANGE 15  -6.59 16  -4.83 17  -6.54 18  -5.48 19  -6.82 20  -5.68
 ABUNDANCE CHANGE 21  -8.94 22  -7.05 23  -8.04 24  -6.37 25  -6.65 26  -4.37
 ABUNDANCE CHANGE 27  -7.12 28  -5.79 29  -7.83 30  -7.44 31  -9.16 32  -8.63
 ABUNDANCE CHANGE 33  -9.67 34  -8.69 35  -9.41 36  -8.81 37  -9.44 38  -9.14
 ABUNDANCE CHANGE 39  -9.80 40  -9.54 41 -10.62 42 -10.12 43 -20.00 44 -10.20
 ABUNDANCE CHANGE 45 -10.92 46 -10.35 47 -11.10 48 -10.18 49 -10.58 50 -10.04
 ABUNDANCE CHANGE 51 -11.04 52  -9.80 53 -10.53 54  -9.81 55 -10.92 56  -9.91
 ABUNDANCE CHANGE 57 -10.82 58 -10.49 59 -11.33 60 -10.54 61 -20.00 62 -11.04
 ABUNDANCE CHANGE 63 -11.53 64 -10.92 65 -11.94 66 -10.94 67 -11.78 68 -11.11
 ABUNDANCE CHANGE 69 -12.04 70 -10.96 71 -11.28 72 -11.16 73 -11.91 74 -10.93
 ABUNDANCE CHANGE 75 -11.77 76 -10.59 77 -10.69 78 -10.24 79 -11.03 80 -10.95
 ABUNDANCE CHANGE 81 -11.14 82 -10.19 83 -11.33 84 -20.00 85 -20.00 86 -20.00
 ABUNDANCE CHANGE 87 -20.00 88 -20.00 89 -20.00 90 -11.92 91 -20.00 92 -12.51
 ABUNDANCE CHANGE 93 -20.00 94 -20.00 95 -20.00 96 -20.00 97 -20.00 98 -20.00
 ABUNDANCE CHANGE 99 -20.00
READ DECK6 64 RHOX,T,P,XNE,ABROSS,ACCRAD,VTURB
 5.11567043E-06  13576.9 1.275E-03 3.401E+08 3.287E-01 7.508E+02 2.000E+05
 5.42161073E-06  14490.8 1.372E-03 3.429E+08 3.287E-01 6.142E+02 2.000E+05
 7.21429319E-06  14557.7 2.097E-03 5.218E+08 3.285E-01 5.769E+02 2.000E+05
 9.62215113E-06  14619.6 3.143E-03 7.788E+08 3.284E-01 5.540E+02 2.000E+05
 1.28341317E-05  14677.6 4.603E-03 1.136E+09 3.283E-01 5.386E+02 2.000E+05
 1.71183641E-05  14738.3 6.607E-03 1.624E+09 3.283E-01 5.264E+02 2.000E+05
 2.28325695E-05  14808.4 9.348E-03 2.287E+09 3.282E-01 5.158E+02 2.000E+05
 3.04411679E-05  14904.6 1.302E-02 3.165E+09 3.292E-01 5.181E+02 2.000E+05
 4.05502085E-05  15013.5 1.788E-02 4.314E+09 3.306E-01 5.202E+02 2.000E+05
 5.39734926E-05  15132.9 2.433E-02 5.823E+09 3.320E-01 5.190E+02 2.000E+05
 7.17970860E-05  15261.2 3.294E-02 7.818E+09 3.335E-01 5.148E+02 2.000E+05
 9.54584733E-05  15395.7 4.449E-02 1.047E+10 3.350E-01 5.091E+02 2.000E+05
 1.26854019E-04  15533.9 6.000E-02 1.399E+10 3.368E-01 5.028E+02 2.000E+05
 1.68482209E-04  15669.3 8.080E-02 1.868E+10 3.389E-01 4.986E+02 2.000E+05
 2.23638276E-04  15798.1 1.084E-01 2.486E+10 3.412E-01 4.999E+02 2.000E+05
 2.96664420E-04  15925.5 1.447E-01 3.292E+10 3.437E-01 5.059E+02 2.000E+05
 3.93310718E-04  16058.8 1.922E-01 4.335E+10 3.464E-01 5.121E+02 2.000E+05
 5.21200323E-04  16204.2 2.543E-01 5.684E+10 3.491E-01 5.158E+02 2.000E+05
 6.90420236E-04  16363.4 3.363E-01 7.443E+10 3.518E-01 5.146E+02 2.000E+05
 9.14303137E-04  16533.7 4.456E-01 9.762E+10 3.546E-01 5.084E+02 2.000E+05
 1.21035604E-03  16707.2 5.921E-01 1.284E+11 3.578E-01 5.026E+02 2.000E+05
 1.60151974E-03  16881.8 7.876E-01 1.690E+11 3.612E-01 4.980E+02 2.000E+05
 2.11791444E-03  17056.9 1.048E+00 2.225E+11 3.650E-01 4.950E+02 2.000E+05
 2.79899998E-03  17234.4 1.392E+00 2.926E+11 3.693E-01 4.934E+02 2.000E+05
 3.69609975E-03  17412.8 1.846E+00 3.839E+11 3.742E-01 4.957E+02 2.000E+05
 4.87579709E-03  17596.7 2.438E+00 5.017E+11 3.797E-01 5.010E+02 2.000E+05
 6.42445606E-03  17790.8 3.205E+00 6.524E+11 3.860E-01 5.086E+02 2.000E+05
 8.45528313E-03  18004.2 4.201E+00 8.449E+11 3.927E-01 5.106E+02 2.000E+05
 1.11160431E-02  18223.8 5.501E+00 1.093E+12 3.999E-01 5.119E+02 2.000E+05
 1.45973230E-02  18448.6 7.197E+00 1.413E+12 4.079E-01 5.135E+02 2.000E+05
 1.91453255E-02  18677.9 9.405E+00 1.823E+12 4.166E-01 5.158E+02 2.000E+05
 2.50779971E-02  18914.6 1.227E+01 2.349E+12 4.263E-01 5.184E+02 2.000E+05
 3.28015275E-02  19158.0 1.597E+01 3.018E+12 4.371E-01 5.235E+02 2.000E+05
 4.28322335E-02  19413.3 2.071E+01 3.863E+12 4.494E-01 5.311E+02 2.000E+05
 5.58299671E-02  19686.9 2.674E+01 4.919E+12 4.629E-01 5.406E+02 2.000E+05
 7.26363148E-02  19986.2 3.437E+01 6.226E+12 4.779E-01 5.516E+02 2.000E+05
 9.43111119E-02  20318.5 4.395E+01 7.831E+12 4.948E-01 5.643E+02 2.000E+05
 1.22226758E-01  20689.4 5.595E+01 9.791E+12 5.122E-01 5.749E+02 2.000E+05
 1.58188505E-01  21101.7 7.107E+01 1.219E+13 5.302E-01 5.839E+02 2.000E+05
 2.04535779E-01  21561.5 9.016E+01 1.514E+13 5.484E-01 5.918E+02 2.000E+05
 2.64303003E-01  22077.9 1.143E+02 1.874E+13 5.673E-01 6.004E+02 2.000E+05
 3.41175872E-01  22664.4 1.444E+02 2.307E+13 5.895E-01 6.154E+02 2.000E+05
 4.39645140E-01  23334.7 1.814E+02 2.814E+13 6.144E-01 6.343E+02 2.000E+05
 5.65827025E-01  24098.5 2.265E+02 3.402E+13 6.380E-01 6.502E+02 2.000E+05
 7.28285580E-01  24966.9 2.822E+02 4.092E+13 6.604E-01 6.638E+02 2.000E+05
 9.36388719E-01  25956.6 3.496E+02 4.877E+13 6.913E-01 6.881E+02 2.000E+05
 1.20109212E+00  27076.0 4.289E+02 5.737E+13 7.246E-01 7.119E+02 2.000E+05
 1.53827410E+00  28329.1 5.224E+02 6.686E+13 7.577E-01 7.321E+02 2.000E+05
 1.96841427E+00  29721.8 6.340E+02 7.752E+13 7.926E-01 7.487E+02 2.000E+05
 2.51462998E+00  31252.5 7.640E+02 8.929E+13 8.352E-01 7.754E+02 2.000E+05
 3.21013066E+00  32949.1 9.173E+02 1.026E+14 8.676E-01 7.825E+02 2.000E+05
 4.10776623E+00  34788.7 1.111E+03 1.188E+14 8.917E-01 7.858E+02 2.000E+05
 5.28271114E+00  36798.4 1.365E+03 1.390E+14 9.009E-01 7.803E+02 2.000E+05
 6.84776033E+00  39001.4 1.718E+03 1.657E+14 8.959E-01 7.693E+02 2.000E+05
 8.95180051E+00  41446.3 2.214E+03 2.013E+14 8.868E-01 7.596E+02 2.000E+05
 1.17912817E+01  44159.3 2.909E+03 2.485E+14 8.748E-01 7.507E+02 2.000E+05
 1.56507531E+01  47147.3 3.911E+03 3.130E+14 8.535E-01 7.301E+02 2.000E+05
 2.09268474E+01  50430.7 5.376E+03 4.023E+14 8.333E-01 7.145E+02 2.000E+05
 2.81518192E+01  54010.6 7.530E+03 5.262E+14 8.096E-01 6.893E+02 2.000E+05
 3.80546439E+01  57901.1 1.071E+04 6.983E+14 7.895E-01 6.693E+02 2.000E+05
 5.15683420E+01  62109.0 1.533E+04 9.314E+14 7.732E-01 6.489E+02 2.000E+05
 6.98969946E+01  66650.1 2.191E+04 1.241E+15 7.628E-01 6.328E+02 2.000E+05
 9.46414899E+01  71550.0 3.126E+04 1.649E+15 7.546E-01 6.123E+02 2.000E+05
 1.27567661E+02  76802.7 4.407E+04 2.166E+15 7.646E-01 6.094E+02 2.000E+05
PRADK 8.3711E+02
BEGIN                    ITERATION   9 COMPLETED
