EFF  21000.  GRAVITY 5.00000 LTE 
ITLE SDSC GRID  [-1.5]   VTURB 2.0 KM/S                                        
OPACITY IFOP 1 1 1 1 1 1 1 1 1 1 1 1 1 0 1 0 0 0 0 0
CONVECTION OFF  1.00 TURBULENCE OFF  0.00  0.00  0.00  0.00
BUNDANCE SCALE   0.03162 ABUNDANCE CHANGE 1 0.91100 2 0.08900
ABUNDANCE CHANGE  3 -10.88  4 -10.89  5  -9.44  6  -3.48  7  -3.99  8  -3.11
ABUNDANCE CHANGE  9  -7.48 10  -3.95 11  -5.71 12  -4.46 13  -5.57 14  -4.49
ABUNDANCE CHANGE 15  -6.59 16  -4.83 17  -6.54 18  -5.48 19  -6.82 20  -5.68
ABUNDANCE CHANGE 21  -8.94 22  -7.05 23  -8.04 24  -6.37 25  -6.65 26  -4.37
ABUNDANCE CHANGE 27  -7.12 28  -5.79 29  -7.83 30  -7.44 31  -9.16 32  -8.63
ABUNDANCE CHANGE 33  -9.67 34  -8.69 35  -9.41 36  -8.81 37  -9.44 38  -9.14
ABUNDANCE CHANGE 39  -9.80 40  -9.54 41 -10.62 42 -10.12 43 -20.00 44 -10.20
ABUNDANCE CHANGE 45 -10.92 46 -10.35 47 -11.10 48 -10.18 49 -10.58 50 -10.04
ABUNDANCE CHANGE 51 -11.04 52  -9.80 53 -10.53 54  -9.81 55 -10.92 56  -9.91
ABUNDANCE CHANGE 57 -10.82 58 -10.49 59 -11.33 60 -10.54 61 -20.00 62 -11.04
ABUNDANCE CHANGE 63 -11.53 64 -10.92 65 -11.94 66 -10.94 67 -11.78 68 -11.11
ABUNDANCE CHANGE 69 -12.04 70 -10.96 71 -11.28 72 -11.16 73 -11.91 74 -10.93
ABUNDANCE CHANGE 75 -11.77 76 -10.59 77 -10.69 78 -10.24 79 -11.03 80 -10.95
ABUNDANCE CHANGE 81 -11.14 82 -10.19 83 -11.33 84 -20.00 85 -20.00 86 -20.00
ABUNDANCE CHANGE 87 -20.00 88 -20.00 89 -20.00 90 -11.92 91 -20.00 92 -12.51
ABUNDANCE CHANGE 93 -20.00 94 -20.00 95 -20.00 96 -20.00 97 -20.00 98 -20.00
ABUNDANCE CHANGE 99 -20.00
EAD DECK6 64 RHOX,T,P,XNE,ABROSS,ACCRAD,VTURB
5.15330389E-06  11638.3 5.145E-01 1.574E+11 3.266E-01 1.598E+02 2.000E+05
5.44386400E-06  11732.0 5.435E-01 1.652E+11 3.266E-01 1.588E+02 2.000E+05
7.25009489E-06  11733.0 7.239E-01 2.194E+11 3.297E-01 1.656E+02 2.000E+05
9.63350390E-06  11750.6 9.618E-01 2.902E+11 3.340E-01 1.735E+02 2.000E+05
1.27637542E-05  11784.3 1.274E+00 3.825E+11 3.399E-01 1.822E+02 2.000E+05
1.68551758E-05  11820.8 1.683E+00 5.023E+11 3.475E-01 1.926E+02 2.000E+05
2.21770367E-05  11864.1 2.214E+00 6.571E+11 3.573E-01 2.046E+02 2.000E+05
2.90608057E-05  11913.5 2.901E+00 8.558E+11 3.693E-01 2.181E+02 2.000E+05
3.79134295E-05  11973.1 3.784E+00 1.109E+12 3.841E-01 2.326E+02 2.000E+05
4.92305628E-05  12040.9 4.913E+00 1.430E+12 4.017E-01 2.477E+02 2.000E+05
6.36168756E-05  12114.2 6.348E+00 1.835E+12 4.226E-01 2.632E+02 2.000E+05
8.18033163E-05  12191.7 8.162E+00 2.342E+12 4.469E-01 2.793E+02 2.000E+05
1.04667545E-04  12270.8 1.044E+01 2.974E+12 4.753E-01 2.969E+02 2.000E+05
1.33253829E-04  12352.5 1.329E+01 3.758E+12 5.083E-01 3.167E+02 2.000E+05
1.68807084E-04  12435.2 1.683E+01 4.726E+12 5.463E-01 3.392E+02 2.000E+05
2.12822581E-04  12522.0 2.122E+01 5.912E+12 5.896E-01 3.642E+02 2.000E+05
2.67109031E-04  12615.6 2.663E+01 7.361E+12 6.385E-01 3.907E+02 2.000E+05
3.33843088E-04  12717.2 3.328E+01 9.122E+12 6.937E-01 4.187E+02 2.000E+05
4.15637938E-04  12826.3 4.142E+01 1.126E+13 7.557E-01 4.477E+02 2.000E+05
5.15649336E-04  12940.0 5.137E+01 1.384E+13 8.250E-01 4.779E+02 2.000E+05
6.37690931E-04  13058.1 6.352E+01 1.695E+13 9.024E-01 5.094E+02 2.000E+05
7.86352129E-04  13179.8 7.831E+01 2.071E+13 9.887E-01 5.420E+02 2.000E+05
9.67130543E-04  13303.4 9.628E+01 2.523E+13 1.085E+00 5.767E+02 2.000E+05
1.18649273E-03  13428.9 1.181E+02 3.066E+13 1.194E+00 6.141E+02 2.000E+05
1.45202693E-03  13552.5 1.445E+02 3.717E+13 1.317E+00 6.557E+02 2.000E+05
1.77261637E-03  13672.2 1.763E+02 4.496E+13 1.457E+00 7.036E+02 2.000E+05
2.15859045E-03  13786.9 2.146E+02 5.427E+13 1.615E+00 7.604E+02 2.000E+05
2.62198097E-03  13896.6 2.606E+02 6.535E+13 1.797E+00 8.287E+02 2.000E+05
3.17702509E-03  14003.2 3.156E+02 7.853E+13 2.002E+00 9.123E+02 2.000E+05
3.84070677E-03  14113.2 3.814E+02 9.412E+13 2.234E+00 1.010E+03 2.000E+05
4.63324170E-03  14226.6 4.598E+02 1.126E+14 2.496E+00 1.127E+03 2.000E+05
5.57979648E-03  14348.2 5.533E+02 1.343E+14 2.784E+00 1.261E+03 2.000E+05
6.71301873E-03  14484.8 6.651E+02 1.599E+14 3.096E+00 1.411E+03 2.000E+05
8.07555188E-03  14643.5 7.993E+02 1.902E+14 3.425E+00 1.572E+03 2.000E+05
9.72253390E-03  14827.9 9.613E+02 2.260E+14 3.768E+00 1.743E+03 2.000E+05
1.17267617E-02  15053.3 1.158E+03 2.686E+14 4.114E+00 1.917E+03 2.000E+05
1.41820008E-02  15314.9 1.399E+03 3.194E+14 4.466E+00 2.094E+03 2.000E+05
1.72093483E-02  15620.6 1.695E+03 3.804E+14 4.813E+00 2.273E+03 2.000E+05
2.09697145E-02  15980.7 2.062E+03 4.538E+14 5.148E+00 2.448E+03 2.000E+05
2.56755875E-02  16407.1 2.521E+03 5.425E+14 5.466E+00 2.614E+03 2.000E+05
3.16132275E-02  16901.6 3.098E+03 6.502E+14 5.753E+00 2.761E+03 2.000E+05
3.91690759E-02  17477.8 3.833E+03 7.813E+14 6.005E+00 2.882E+03 2.000E+05
4.88559682E-02  18137.5 4.773E+03 9.414E+14 6.227E+00 2.973E+03 2.000E+05
6.13492828E-02  18884.1 5.985E+03 1.138E+15 6.423E+00 3.034E+03 2.000E+05
7.75421065E-02  19717.7 7.554E+03 1.378E+15 6.597E+00 3.065E+03 2.000E+05
9.85652702E-02  20640.2 9.592E+03 1.675E+15 6.781E+00 3.080E+03 2.000E+05
1.25755567E-01  21648.9 1.223E+04 2.037E+15 7.012E+00 3.093E+03 2.000E+05
1.60731626E-01  22741.9 1.562E+04 2.478E+15 7.285E+00 3.111E+03 2.000E+05
2.05504659E-01  23922.5 1.995E+04 3.012E+15 7.609E+00 3.145E+03 2.000E+05
2.62496851E-01  25201.7 2.547E+04 3.650E+15 7.993E+00 3.208E+03 2.000E+05
3.34687678E-01  26593.1 3.246E+04 4.408E+15 8.431E+00 3.299E+03 2.000E+05
4.25724835E-01  28115.0 4.125E+04 5.300E+15 8.940E+00 3.425E+03 2.000E+05
5.39767006E-01  29782.9 5.226E+04 6.339E+15 9.551E+00 3.598E+03 2.000E+05
6.82095889E-01  31614.8 6.596E+04 7.539E+15 1.021E+01 3.800E+03 2.000E+05
8.58862649E-01  33627.4 8.295E+04 8.916E+15 1.101E+01 4.063E+03 2.000E+05
1.07733690E+00  35837.6 1.039E+05 1.049E+16 1.189E+01 4.366E+03 2.000E+05
1.34547787E+00  38256.4 1.295E+05 1.228E+16 1.299E+01 4.748E+03 2.000E+05
1.67252146E+00  40904.2 1.605E+05 1.432E+16 1.416E+01 5.155E+03 2.000E+05
2.07789626E+00  43794.1 1.989E+05 1.672E+16 1.495E+01 5.429E+03 2.000E+05
2.61618305E+00  46981.3 2.499E+05 1.976E+16 1.431E+01 5.218E+03 2.000E+05
3.40205581E+00  50400.3 3.246E+05 2.408E+16 1.253E+01 4.601E+03 2.000E+05
4.61708839E+00  54078.6 4.409E+05 3.060E+16 1.080E+01 3.953E+03 2.000E+05
6.46987003E+00  58001.6 6.194E+05 4.014E+16 9.582E+00 3.475E+03 2.000E+05
9.19181685E+00  62192.3 8.823E+05 5.338E+16 8.749E+00 3.312E+03 2.000E+05
RADK 3.5057E+02
EGIN                    ITERATION   9 COMPLETED
