EFF   4000.  GRAVITY 4.50000 LTE 
ITLE SDSC GRID  [-0.5]   VTURB 2.0 KM/S    L/H 1.25                            
OPACITY IFOP 1 1 1 1 1 1 1 1 1 1 1 1 1 0 1 0 0 0 0 0
CONVECTION ON   1.25 TURBULENCE OFF  0.00  0.00  0.00  0.00
BUNDANCE SCALE   0.31620 ABUNDANCE CHANGE 1 0.91100 2 0.08900
ABUNDANCE CHANGE  3 -10.88  4 -10.89  5  -9.44  6  -3.48  7  -3.99  8  -3.11
ABUNDANCE CHANGE  9  -7.48 10  -3.95 11  -5.71 12  -4.46 13  -5.57 14  -4.49
ABUNDANCE CHANGE 15  -6.59 16  -4.83 17  -6.54 18  -5.48 19  -6.82 20  -5.68
ABUNDANCE CHANGE 21  -8.94 22  -7.05 23  -8.04 24  -6.37 25  -6.65 26  -4.37
ABUNDANCE CHANGE 27  -7.12 28  -5.79 29  -7.83 30  -7.44 31  -9.16 32  -8.63
ABUNDANCE CHANGE 33  -9.67 34  -8.69 35  -9.41 36  -8.81 37  -9.44 38  -9.14
ABUNDANCE CHANGE 39  -9.80 40  -9.54 41 -10.62 42 -10.12 43 -20.00 44 -10.20
ABUNDANCE CHANGE 45 -10.92 46 -10.35 47 -11.10 48 -10.18 49 -10.58 50 -10.04
ABUNDANCE CHANGE 51 -11.04 52  -9.80 53 -10.53 54  -9.81 55 -10.92 56  -9.91
ABUNDANCE CHANGE 57 -10.82 58 -10.49 59 -11.33 60 -10.54 61 -20.00 62 -11.04
ABUNDANCE CHANGE 63 -11.53 64 -10.92 65 -11.94 66 -10.94 67 -11.78 68 -11.11
ABUNDANCE CHANGE 69 -12.04 70 -10.96 71 -11.28 72 -11.16 73 -11.91 74 -10.93
ABUNDANCE CHANGE 75 -11.77 76 -10.59 77 -10.69 78 -10.24 79 -11.03 80 -10.95
ABUNDANCE CHANGE 81 -11.14 82 -10.19 83 -11.33 84 -20.00 85 -20.00 86 -20.00
ABUNDANCE CHANGE 87 -20.00 88 -20.00 89 -20.00 90 -11.92 91 -20.00 92 -12.51
ABUNDANCE CHANGE 93 -20.00 94 -20.00 95 -20.00 96 -20.00 97 -20.00 98 -20.00
ABUNDANCE CHANGE 99 -20.00
EAD DECK6 72 RHOX,T,P,XNE,ABROSS,ACCRAD,VTURB
4.04820505E-03   2677.4 1.280E+02 6.429E+08 3.294E-05 5.054E-03 2.000E+05 0.000E+00 0.000E+00
5.27328556E-03   2700.0 1.668E+02 8.291E+08 3.967E-05 5.072E-03 2.000E+05 0.000E+00 0.000E+00
6.63919643E-03   2721.5 2.099E+02 1.040E+09 4.717E-05 5.058E-03 2.000E+05 0.000E+00 0.000E+00
8.17743397E-03   2743.0 2.586E+02 1.280E+09 5.566E-05 5.048E-03 2.000E+05 0.000E+00 0.000E+00
9.92175240E-03   2763.6 3.138E+02 1.554E+09 6.527E-05 5.000E-03 2.000E+05 0.000E+00 0.000E+00
1.19168503E-02   2780.6 3.768E+02 1.859E+09 7.572E-05 4.883E-03 2.000E+05 0.000E+00 0.000E+00
1.42104994E-02   2798.4 4.494E+02 2.214E+09 8.783E-05 4.782E-03 2.000E+05 0.000E+00 0.000E+00
1.68480347E-02   2816.8 5.328E+02 2.625E+09 1.018E-04 4.693E-03 2.000E+05 0.000E+00 0.000E+00
1.98815637E-02   2835.7 6.287E+02 3.102E+09 1.181E-04 4.619E-03 2.000E+05 0.000E+00 0.000E+00
2.33704486E-02   2855.2 7.390E+02 3.657E+09 1.369E-04 4.559E-03 2.000E+05 0.000E+00 0.000E+00
2.73816077E-02   2875.2 8.659E+02 4.302E+09 1.588E-04 4.512E-03 2.000E+05 0.000E+00 0.000E+00
3.19952980E-02   2894.9 1.012E+03 5.047E+09 1.840E-04 4.436E-03 2.000E+05 0.000E+00 0.000E+00
3.73185564E-02   2912.6 1.180E+03 5.892E+09 2.122E-04 4.322E-03 2.000E+05 0.000E+00 0.000E+00
4.34698657E-02   2931.1 1.375E+03 6.878E+09 2.451E-04 4.234E-03 2.000E+05 0.000E+00 0.000E+00
5.05720617E-02   2949.9 1.599E+03 8.024E+09 2.831E-04 4.170E-03 2.000E+05 0.000E+00 0.000E+00
5.87703006E-02   2968.9 1.858E+03 9.354E+09 3.271E-04 4.128E-03 2.000E+05 0.000E+00 0.000E+00
6.82326999E-02   2988.2 2.158E+03 1.090E+10 3.779E-04 4.110E-03 2.000E+05 0.000E+00 0.000E+00
7.91555956E-02   3007.6 2.503E+03 1.269E+10 4.365E-04 4.114E-03 2.000E+05 0.000E+00 0.000E+00
9.17677507E-02   3026.9 2.902E+03 1.476E+10 5.040E-04 4.130E-03 2.000E+05 0.000E+00 0.000E+00
1.06346419E-01   3045.5 3.363E+03 1.715E+10 5.808E-04 4.133E-03 2.000E+05 0.000E+00 0.000E+00
1.23233490E-01   3063.6 3.897E+03 1.989E+10 6.681E-04 4.147E-03 2.000E+05 0.000E+00 0.000E+00
1.42812910E-01   3081.6 4.516E+03 2.307E+10 7.684E-04 4.194E-03 2.000E+05 0.000E+00 0.000E+00
1.65521668E-01   3099.6 5.234E+03 2.675E+10 8.832E-04 4.271E-03 2.000E+05 0.000E+00 0.000E+00
1.91872418E-01   3117.4 6.068E+03 3.102E+10 1.015E-03 4.380E-03 2.000E+05 0.000E+00 0.000E+00
2.22463216E-01   3135.2 7.035E+03 3.595E+10 1.165E-03 4.519E-03 2.000E+05 0.000E+00 0.000E+00
2.57992895E-01   3153.0 8.158E+03 4.167E+10 1.338E-03 4.690E-03 2.000E+05 0.000E+00 0.000E+00
2.99281788E-01   3170.5 9.464E+03 4.828E+10 1.534E-03 4.884E-03 2.000E+05 0.000E+00 0.000E+00
3.47330561E-01   3187.8 1.098E+04 5.593E+10 1.757E-03 5.066E-03 2.000E+05 0.000E+00 0.000E+00
4.03330920E-01   3205.1 1.275E+04 6.479E+10 2.009E-03 5.269E-03 2.000E+05 0.000E+00 0.000E+00
4.68653573E-01   3222.0 1.482E+04 7.505E+10 2.296E-03 5.514E-03 2.000E+05 0.000E+00 0.000E+00
5.44904487E-01   3238.8 1.723E+04 8.693E+10 2.622E-03 5.807E-03 2.000E+05 0.000E+00 0.000E+00
6.33978297E-01   3255.4 2.005E+04 1.007E+11 2.992E-03 6.151E-03 2.000E+05 0.000E+00 0.000E+00
7.38102480E-01   3271.8 2.334E+04 1.166E+11 3.412E-03 6.553E-03 2.000E+05 0.000E+00 0.000E+00
8.59893263E-01   3288.1 2.719E+04 1.352E+11 3.889E-03 7.020E-03 2.000E+05 0.000E+00 0.000E+00
1.00235211E+00   3304.7 3.170E+04 1.567E+11 4.434E-03 7.558E-03 2.000E+05 0.000E+00 0.000E+00
1.16916657E+00   3321.3 3.697E+04 1.817E+11 5.047E-03 8.130E-03 2.000E+05 0.000E+00 0.000E+00
1.36442541E+00   3338.9 4.315E+04 2.111E+11 5.756E-03 8.793E-03 2.000E+05 0.000E+00 0.000E+00
1.59238400E+00   3357.8 5.036E+04 2.457E+11 6.583E-03 9.571E-03 2.000E+05 3.308E-05 0.000E+00
1.85737401E+00   3379.7 5.873E+04 2.871E+11 7.583E-03 1.051E-02 2.000E+05 3.830E-04 0.000E+00
2.16184841E+00   3408.5 6.836E+04 3.381E+11 8.877E-03 1.166E-02 2.000E+05 7.298E-04 0.000E+00
2.50518564E+00   3446.1 7.922E+04 4.022E+11 1.061E-02 1.309E-02 2.000E+05 1.029E-03 0.000E+00
2.88339563E+00   3493.6 9.118E+04 4.835E+11 1.295E-02 1.475E-02 2.000E+05 4.082E-03 1.560E+04
3.29852567E+00   3539.3 1.043E+05 5.775E+11 1.566E-02 1.649E-02 2.000E+05 1.765E-03 8.631E+03
3.75744616E+00   3585.0 1.188E+05 6.882E+11 1.886E-02 1.843E-02 2.000E+05 4.297E-03 1.171E+04
4.26535773E+00   3632.3 1.349E+05 8.206E+11 2.273E-02 2.063E-02 2.000E+05 1.131E-02 1.372E+04
4.82759853E+00   3679.8 1.527E+05 9.777E+11 2.735E-02 2.306E-02 2.000E+05 2.162E-02 7.119E+03
5.45195935E+00   3727.3 1.724E+05 1.163E+12 3.281E-02 2.576E-02 2.000E+05 3.306E-02 1.778E+04
6.14264767E+00   3780.2 1.942E+05 1.396E+12 3.977E-02 2.893E-02 2.000E+05 4.729E-02 3.001E+04
6.90041773E+00   3836.8 2.182E+05 1.684E+12 4.842E-02 3.242E-02 2.000E+05 6.811E-02 3.324E+04
7.73030910E+00   3895.4 2.445E+05 2.034E+12 5.897E-02 3.613E-02 2.000E+05 9.402E-02 3.637E+04
8.63621466E+00   3958.6 2.731E+05 2.473E+12 7.216E-02 4.004E-02 2.000E+05 1.251E-01 3.465E+04
9.62775156E+00   4021.0 3.045E+05 2.993E+12 8.762E-02 4.392E-02 2.000E+05 1.654E-01 3.713E+04
1.07105110E+01   4092.5 3.387E+05 3.672E+12 1.077E-01 4.825E-02 2.000E+05 2.096E-01 4.381E+04
1.18852838E+01   4168.6 3.758E+05 4.522E+12 1.323E-01 5.250E-02 2.000E+05 2.573E-01 4.685E+04
1.31590140E+01   4251.3 4.161E+05 5.602E+12 1.629E-01 5.688E-02 2.000E+05 3.175E-01 5.216E+04
1.45353385E+01   4342.9 4.596E+05 6.993E+12 2.013E-01 6.130E-02 2.000E+05 3.667E-01 5.457E+04
1.60264601E+01   4439.6 5.068E+05 8.720E+12 2.469E-01 6.574E-02 2.000E+05 4.356E-01 5.834E+04
1.76436118E+01   4549.9 5.579E+05 1.097E+13 3.038E-01 7.075E-02 2.000E+05 4.825E-01 6.048E+04
1.94072799E+01   4667.0 6.137E+05 1.375E+13 3.695E-01 7.640E-02 2.000E+05 5.432E-01 6.383E+04
2.13394194E+01   4804.2 6.748E+05 1.737E+13 4.492E-01 8.348E-02 2.000E+05 5.837E-01 6.591E+04
2.34777334E+01   4952.5 7.424E+05 2.182E+13 5.373E-01 9.166E-02 2.000E+05 6.261E-01 6.837E+04
2.58689853E+01   5128.7 8.181E+05 2.769E+13 6.398E-01 1.016E-01 2.000E+05 6.573E-01 7.025E+04
2.85509946E+01   5321.5 9.029E+05 3.548E+13 7.606E-01 1.122E-01 2.000E+05 6.856E-01 7.164E+04
3.15182372E+01   5541.7 9.967E+05 4.770E+13 9.338E-01 1.255E-01 2.000E+05 7.185E-01 7.264E+04
3.46776270E+01   5766.3 1.097E+06 6.759E+13 1.194E+00 1.363E-01 2.000E+05 7.607E-01 7.228E+04
3.78900793E+01   5992.7 1.198E+06 1.004E+14 1.601E+00 1.518E-01 2.000E+05 8.049E-01 7.558E+04
4.10637826E+01   6211.3 1.299E+06 1.508E+14 2.166E+00 1.626E-01 2.000E+05 8.435E-01 7.578E+04
4.41978219E+01   6417.3 1.398E+06 2.226E+14 2.914E+00 1.733E-01 2.000E+05 8.787E-01 7.658E+04
4.73233816E+01   6618.0 1.497E+06 3.239E+14 3.871E+00 1.820E-01 2.000E+05 9.016E-01 7.542E+04
5.04871392E+01   6808.3 1.597E+06 4.584E+14 5.062E+00 1.905E-01 2.000E+05 9.235E-01 7.617E+04
5.37222687E+01   7000.8 1.699E+06 6.436E+14 6.576E+00 1.977E-01 2.000E+05 9.373E-01 7.453E+04
5.70662776E+01   7183.1 1.805E+06 8.786E+14 8.382E+00 2.188E-01 2.000E+05 9.460E-01 7.449E+04
RADK 3.3539E-01
EGIN                    ITERATION  15 COMPLETED
