EFF  22000.  GRAVITY 3.00000 LTE 
ITLE SDSC GRID  [-0.5]   VTURB 2.0 KM/S                                        
OPACITY IFOP 1 1 1 1 1 1 1 1 1 1 1 1 1 0 1 0 0 0 0 0
CONVECTION OFF  1.00 TURBULENCE OFF  0.00  0.00  0.00  0.00
BUNDANCE SCALE   0.31620 ABUNDANCE CHANGE 1 0.91100 2 0.08900
ABUNDANCE CHANGE  3 -10.88  4 -10.89  5  -9.44  6  -3.48  7  -3.99  8  -3.11
ABUNDANCE CHANGE  9  -7.48 10  -3.95 11  -5.71 12  -4.46 13  -5.57 14  -4.49
ABUNDANCE CHANGE 15  -6.59 16  -4.83 17  -6.54 18  -5.48 19  -6.82 20  -5.68
ABUNDANCE CHANGE 21  -8.94 22  -7.05 23  -8.04 24  -6.37 25  -6.65 26  -4.37
ABUNDANCE CHANGE 27  -7.12 28  -5.79 29  -7.83 30  -7.44 31  -9.16 32  -8.63
ABUNDANCE CHANGE 33  -9.67 34  -8.69 35  -9.41 36  -8.81 37  -9.44 38  -9.14
ABUNDANCE CHANGE 39  -9.80 40  -9.54 41 -10.62 42 -10.12 43 -20.00 44 -10.20
ABUNDANCE CHANGE 45 -10.92 46 -10.35 47 -11.10 48 -10.18 49 -10.58 50 -10.04
ABUNDANCE CHANGE 51 -11.04 52  -9.80 53 -10.53 54  -9.81 55 -10.92 56  -9.91
ABUNDANCE CHANGE 57 -10.82 58 -10.49 59 -11.33 60 -10.54 61 -20.00 62 -11.04
ABUNDANCE CHANGE 63 -11.53 64 -10.92 65 -11.94 66 -10.94 67 -11.78 68 -11.11
ABUNDANCE CHANGE 69 -12.04 70 -10.96 71 -11.28 72 -11.16 73 -11.91 74 -10.93
ABUNDANCE CHANGE 75 -11.77 76 -10.59 77 -10.69 78 -10.24 79 -11.03 80 -10.95
ABUNDANCE CHANGE 81 -11.14 82 -10.19 83 -11.33 84 -20.00 85 -20.00 86 -20.00
ABUNDANCE CHANGE 87 -20.00 88 -20.00 89 -20.00 90 -11.92 91 -20.00 92 -12.51
ABUNDANCE CHANGE 93 -20.00 94 -20.00 95 -20.00 96 -20.00 97 -20.00 98 -20.00
ABUNDANCE CHANGE 99 -20.00
EAD DECK6 64 RHOX,T,P,XNE,ABROSS,ACCRAD,VTURB
5.30892032E-06  12257.4 4.257E-03 1.258E+09 3.262E-01 1.981E+02 2.000E+05
5.45122270E-06  12323.8 4.371E-03 1.285E+09 3.262E-01 1.970E+02 2.000E+05
7.26892489E-06  12340.2 5.831E-03 1.711E+09 3.264E-01 1.966E+02 2.000E+05
9.69170604E-06  12361.1 7.779E-03 2.279E+09 3.265E-01 1.961E+02 2.000E+05
1.29201131E-05  12391.4 1.037E-02 3.032E+09 3.268E-01 1.959E+02 2.000E+05
1.72200502E-05  12392.4 1.382E-02 4.040E+09 3.273E-01 1.993E+02 2.000E+05
2.29479003E-05  12406.8 1.840E-02 5.370E+09 3.278E-01 2.032E+02 2.000E+05
3.05705540E-05  12423.5 2.446E-02 7.128E+09 3.284E-01 2.076E+02 2.000E+05
4.07178332E-05  12441.4 3.247E-02 9.449E+09 3.290E-01 2.125E+02 2.000E+05
5.42182356E-05  12486.8 4.308E-02 1.249E+10 3.298E-01 2.159E+02 2.000E+05
7.21820928E-05  12527.7 5.713E-02 1.651E+10 3.306E-01 2.198E+02 2.000E+05
9.60719189E-05  12587.1 7.571E-02 2.177E+10 3.315E-01 2.240E+02 2.000E+05
1.27832478E-04  12665.2 1.003E-01 2.867E+10 3.326E-01 2.264E+02 2.000E+05
1.70022381E-04  12766.3 1.329E-01 3.768E+10 3.340E-01 2.280E+02 2.000E+05
2.26022855E-04  12886.6 1.761E-01 4.946E+10 3.358E-01 2.287E+02 2.000E+05
3.00281157E-04  13024.3 2.334E-01 6.485E+10 3.378E-01 2.287E+02 2.000E+05
3.98655630E-04  13174.4 3.093E-01 8.496E+10 3.402E-01 2.280E+02 2.000E+05
5.28826054E-04  13333.3 4.100E-01 1.113E+11 3.430E-01 2.255E+02 2.000E+05
7.00917078E-04  13488.5 5.435E-01 1.458E+11 3.462E-01 2.230E+02 2.000E+05
9.28197722E-04  13638.1 7.203E-01 1.911E+11 3.497E-01 2.210E+02 2.000E+05
1.22803372E-03  13779.3 9.541E-01 2.505E+11 3.537E-01 2.198E+02 2.000E+05
1.62302321E-03  13912.1 1.262E+00 3.283E+11 3.583E-01 2.194E+02 2.000E+05
2.14255909E-03  14036.5 1.668E+00 4.299E+11 3.636E-01 2.201E+02 2.000E+05
2.82467073E-03  14156.8 2.199E+00 5.620E+11 3.696E-01 2.218E+02 2.000E+05
3.71829714E-03  14278.5 2.894E+00 7.331E+11 3.767E-01 2.238E+02 2.000E+05
4.88548437E-03  14403.8 3.798E+00 9.536E+11 3.853E-01 2.271E+02 2.000E+05
6.40471009E-03  14534.8 4.969E+00 1.236E+12 3.954E-01 2.315E+02 2.000E+05
8.37535355E-03  14673.6 6.478E+00 1.596E+12 4.071E-01 2.368E+02 2.000E+05
1.09225863E-02  14822.6 8.414E+00 2.052E+12 4.207E-01 2.430E+02 2.000E+05
1.42035124E-02  14986.5 1.089E+01 2.626E+12 4.363E-01 2.498E+02 2.000E+05
1.84152862E-02  15165.7 1.403E+01 3.345E+12 4.539E-01 2.566E+02 2.000E+05
2.38059289E-02  15358.8 1.802E+01 4.242E+12 4.736E-01 2.633E+02 2.000E+05
3.06869402E-02  15563.8 2.306E+01 5.358E+12 4.953E-01 2.701E+02 2.000E+05
3.94484055E-02  15779.7 2.943E+01 6.743E+12 5.194E-01 2.772E+02 2.000E+05
5.05798387E-02  16005.3 3.744E+01 8.457E+12 5.457E-01 2.842E+02 2.000E+05
6.46887024E-02  16239.5 4.747E+01 1.057E+13 5.748E-01 2.930E+02 2.000E+05
8.25280522E-02  16486.6 5.998E+01 1.315E+13 6.068E-01 3.046E+02 2.000E+05
1.05050486E-01  16756.6 7.548E+01 1.629E+13 6.411E-01 3.191E+02 2.000E+05
1.33481855E-01  17061.9 9.459E+01 2.005E+13 6.770E-01 3.362E+02 2.000E+05
1.69428135E-01  17418.0 1.181E+02 2.452E+13 7.131E-01 3.548E+02 2.000E+05
2.15042548E-01  17834.3 1.471E+02 2.983E+13 7.474E-01 3.726E+02 2.000E+05
2.73388769E-01  18311.4 1.833E+02 3.622E+13 7.757E-01 3.853E+02 2.000E+05
3.48448333E-01  18873.9 2.289E+02 4.387E+13 8.033E-01 4.005E+02 2.000E+05
4.45200278E-01  19543.3 2.861E+02 5.296E+13 8.299E-01 4.162E+02 2.000E+05
5.70684577E-01  20321.3 3.587E+02 6.386E+13 8.493E-01 4.254E+02 2.000E+05
7.35080246E-01  21205.3 4.529E+02 7.728E+13 8.618E-01 4.278E+02 2.000E+05
9.50722258E-01  22206.5 5.758E+02 9.381E+13 8.777E-01 4.332E+02 2.000E+05
1.23237088E+00  23344.8 7.345E+02 1.138E+14 8.983E-01 4.393E+02 2.000E+05
1.59926081E+00  24607.8 9.395E+02 1.381E+14 9.197E-01 4.433E+02 2.000E+05
2.07302715E+00  25999.3 1.200E+03 1.671E+14 9.577E-01 4.551E+02 2.000E+05
2.67713568E+00  27523.5 1.525E+03 2.005E+14 1.006E+00 4.709E+02 2.000E+05
3.44192053E+00  29187.1 1.922E+03 2.385E+14 1.063E+00 4.905E+02 2.000E+05
4.40194106E+00  30999.4 2.398E+03 2.807E+14 1.134E+00 5.177E+02 2.000E+05
5.60048984E+00  32976.4 2.959E+03 3.273E+14 1.211E+00 5.454E+02 2.000E+05
7.09290739E+00  35130.3 3.612E+03 3.786E+14 1.300E+00 5.793E+02 2.000E+05
8.97532189E+00  37474.8 4.388E+03 4.359E+14 1.348E+00 5.929E+02 2.000E+05
1.14567885E+01  40023.5 5.403E+03 5.062E+14 1.336E+00 5.875E+02 2.000E+05
1.48343394E+01  42782.9 6.825E+03 6.004E+14 1.297E+00 5.703E+02 2.000E+05
1.94978995E+01  45793.8 8.880E+03 7.309E+14 1.247E+00 5.493E+02 2.000E+05
2.59711307E+01  49062.2 1.187E+04 9.124E+14 1.198E+00 5.276E+02 2.000E+05
3.49831913E+01  52615.3 1.625E+04 1.165E+15 1.145E+00 5.018E+02 2.000E+05
4.75560708E+01  56442.5 2.267E+04 1.515E+15 1.096E+00 4.786E+02 2.000E+05
6.50809824E+01  60602.1 3.204E+04 1.995E+15 1.048E+00 4.529E+02 2.000E+05
8.93477636E+01  65040.6 4.551E+04 2.640E+15 1.013E+00 4.369E+02 2.000E+05
RADK 4.2395E+02
EGIN                    ITERATION   9 COMPLETED
