EFF  19000.  GRAVITY 3.00000 LTE 
ITLE SDSC GRID  [-5.0]   VTURB 2.0 KM/S                                        
OPACITY IFOP 1 1 1 1 1 1 1 1 1 1 1 1 1 0 1 0 0 0 0 0
CONVECTION OFF  1.00 TURBULENCE OFF  0.00  0.00  0.00  0.00
BUNDANCE SCALE   0.00001 ABUNDANCE CHANGE 1 0.91100 2 0.08900
ABUNDANCE CHANGE  3 -10.88  4 -10.89  5  -9.44  6  -3.48  7  -3.99  8  -3.11
ABUNDANCE CHANGE  9  -7.48 10  -3.95 11  -5.71 12  -4.46 13  -5.57 14  -4.49
ABUNDANCE CHANGE 15  -6.59 16  -4.83 17  -6.54 18  -5.48 19  -6.82 20  -5.68
ABUNDANCE CHANGE 21  -8.94 22  -7.05 23  -8.04 24  -6.37 25  -6.65 26  -4.37
ABUNDANCE CHANGE 27  -7.12 28  -5.79 29  -7.83 30  -7.44 31  -9.16 32  -8.63
ABUNDANCE CHANGE 33  -9.67 34  -8.69 35  -9.41 36  -8.81 37  -9.44 38  -9.14
ABUNDANCE CHANGE 39  -9.80 40  -9.54 41 -10.62 42 -10.12 43 -20.00 44 -10.20
ABUNDANCE CHANGE 45 -10.92 46 -10.35 47 -11.10 48 -10.18 49 -10.58 50 -10.04
ABUNDANCE CHANGE 51 -11.04 52  -9.80 53 -10.53 54  -9.81 55 -10.92 56  -9.91
ABUNDANCE CHANGE 57 -10.82 58 -10.49 59 -11.33 60 -10.54 61 -20.00 62 -11.04
ABUNDANCE CHANGE 63 -11.53 64 -10.92 65 -11.94 66 -10.94 67 -11.78 68 -11.11
ABUNDANCE CHANGE 69 -12.04 70 -10.96 71 -11.28 72 -11.16 73 -11.91 74 -10.93
ABUNDANCE CHANGE 75 -11.77 76 -10.59 77 -10.69 78 -10.24 79 -11.03 80 -10.95
ABUNDANCE CHANGE 81 -11.14 82 -10.19 83 -11.33 84 -20.00 85 -20.00 86 -20.00
ABUNDANCE CHANGE 87 -20.00 88 -20.00 89 -20.00 90 -11.92 91 -20.00 92 -12.51
ABUNDANCE CHANGE 93 -20.00 94 -20.00 95 -20.00 96 -20.00 97 -20.00 98 -20.00
ABUNDANCE CHANGE 99 -20.00
EAD DECK6 64 RHOX,T,P,XNE,ABROSS,ACCRAD,VTURB
5.43827327E-06  11092.7 5.019E-03 1.637E+09 3.147E-01 7.759E+01 2.000E+05
5.63449252E-06  11122.9 5.200E-03 1.691E+09 3.147E-01 7.759E+01 2.000E+05
7.51333683E-06  11123.9 6.934E-03 2.254E+09 3.145E-01 7.757E+01 2.000E+05
1.00157276E-05  11124.9 9.244E-03 3.004E+09 3.144E-01 7.755E+01 2.000E+05
1.33502350E-05  11125.9 1.232E-02 4.002E+09 3.142E-01 7.755E+01 2.000E+05
1.78083069E-05  11126.9 1.644E-02 5.335E+09 3.140E-01 7.755E+01 2.000E+05
2.37710398E-05  11127.9 2.194E-02 7.114E+09 3.138E-01 7.755E+01 2.000E+05
3.17423516E-05  11128.9 2.929E-02 9.488E+09 3.134E-01 7.756E+01 2.000E+05
4.23931349E-05  11129.9 3.912E-02 1.265E+10 3.130E-01 7.759E+01 2.000E+05
5.66164175E-05  11132.1 5.224E-02 1.686E+10 3.125E-01 7.763E+01 2.000E+05
7.56088541E-05  11136.0 6.975E-02 2.247E+10 3.120E-01 7.772E+01 2.000E+05
1.00969978E-04  11142.9 9.314E-02 2.991E+10 3.116E-01 7.787E+01 2.000E+05
1.34826553E-04  11152.9 1.244E-01 3.981E+10 3.112E-01 7.813E+01 2.000E+05
1.80005508E-04  11169.0 1.660E-01 5.292E+10 3.111E-01 7.853E+01 2.000E+05
2.40230774E-04  11191.4 2.215E-01 7.028E+10 3.114E-01 7.910E+01 2.000E+05
3.20391932E-04  11222.6 2.953E-01 9.321E+10 3.123E-01 7.988E+01 2.000E+05
4.26887592E-04  11259.8 3.932E-01 1.234E+11 3.138E-01 8.095E+01 2.000E+05
5.68005741E-04  11308.4 5.228E-01 1.631E+11 3.163E-01 8.230E+01 2.000E+05
7.54436686E-04  11369.8 6.937E-01 2.149E+11 3.198E-01 8.394E+01 2.000E+05
9.99900074E-04  11448.7 9.183E-01 2.822E+11 3.245E-01 8.579E+01 2.000E+05
1.32191209E-03  11545.1 1.212E+00 3.693E+11 3.305E-01 8.779E+01 2.000E+05
1.74278282E-03  11660.6 1.596E+00 4.812E+11 3.378E-01 8.980E+01 2.000E+05
2.29086587E-03  11790.1 2.094E+00 6.247E+11 3.465E-01 9.177E+01 2.000E+05
3.00207488E-03  11930.7 2.739E+00 8.079E+11 3.567E-01 9.371E+01 2.000E+05
3.92157907E-03  12074.9 3.572E+00 1.041E+12 3.686E-01 9.575E+01 2.000E+05
5.10581948E-03  12220.1 4.641E+00 1.338E+12 3.824E-01 9.800E+01 2.000E+05
6.62472101E-03  12362.3 6.009E+00 1.713E+12 3.984E-01 1.006E+02 2.000E+05
8.56424129E-03  12499.8 7.751E+00 2.186E+12 4.170E-01 1.036E+02 2.000E+05
1.10290729E-02  12629.0 9.956E+00 2.779E+12 4.387E-01 1.073E+02 2.000E+05
1.41458854E-02  12749.6 1.273E+01 3.519E+12 4.638E-01 1.120E+02 2.000E+05
1.80658557E-02  12860.4 1.620E+01 4.438E+12 4.930E-01 1.180E+02 2.000E+05
2.29703247E-02  12966.8 2.051E+01 5.570E+12 5.266E-01 1.255E+02 2.000E+05
2.90799271E-02  13075.2 2.582E+01 6.953E+12 5.646E-01 1.346E+02 2.000E+05
3.66676876E-02  13193.3 3.235E+01 8.631E+12 6.068E-01 1.453E+02 2.000E+05
4.60792464E-02  13329.9 4.034E+01 1.065E+13 6.525E-01 1.572E+02 2.000E+05
5.77533514E-02  13486.4 5.010E+01 1.309E+13 7.012E-01 1.705E+02 2.000E+05
7.22526074E-02  13669.6 6.202E+01 1.600E+13 7.520E-01 1.849E+02 2.000E+05
9.03169954E-02  13888.2 7.660E+01 1.949E+13 8.032E-01 2.001E+02 2.000E+05
1.12930552E-01  14148.4 9.450E+01 2.366E+13 8.533E-01 2.158E+02 2.000E+05
1.41440459E-01  14468.3 1.166E+02 2.865E+13 8.988E-01 2.306E+02 2.000E+05
1.77688192E-01  14847.1 1.443E+02 3.466E+13 9.389E-01 2.444E+02 2.000E+05
2.24205499E-01  15296.8 1.791E+02 4.193E+13 9.708E-01 2.563E+02 2.000E+05
2.84541091E-01  15826.0 2.237E+02 5.078E+13 9.929E-01 2.656E+02 2.000E+05
3.63650167E-01  16447.2 2.815E+02 6.165E+13 1.005E+00 2.717E+02 2.000E+05
4.68345888E-01  17166.7 3.576E+02 7.516E+13 1.009E+00 2.750E+02 2.000E+05
6.07650474E-01  17988.7 4.585E+02 9.207E+13 1.010E+00 2.759E+02 2.000E+05
7.93171386E-01  18912.3 5.928E+02 1.133E+14 1.012E+00 2.758E+02 2.000E+05
1.03980656E+00  19945.2 7.716E+02 1.399E+14 1.017E+00 2.749E+02 2.000E+05
1.36596348E+00  21075.4 1.008E+03 1.730E+14 1.029E+00 2.745E+02 2.000E+05
1.79377291E+00  22300.6 1.318E+03 2.138E+14 1.050E+00 2.759E+02 2.000E+05
2.35055893E+00  23639.1 1.721E+03 2.633E+14 1.080E+00 2.789E+02 2.000E+05
3.06939943E+00  25075.6 2.237E+03 3.227E+14 1.120E+00 2.845E+02 2.000E+05
3.99042136E+00  26643.2 2.892E+03 3.926E+14 1.170E+00 2.937E+02 2.000E+05
5.16289321E+00  28350.1 3.713E+03 4.738E+14 1.229E+00 3.054E+02 2.000E+05
6.64510876E+00  30210.5 4.731E+03 5.669E+14 1.302E+00 3.213E+02 2.000E+05
8.50135385E+00  32244.6 5.972E+03 6.717E+14 1.393E+00 3.420E+02 2.000E+05
1.07939968E+01  34458.4 7.447E+03 7.879E+14 1.516E+00 3.709E+02 2.000E+05
1.35928717E+01  36885.1 9.162E+03 9.146E+14 1.659E+00 4.032E+02 2.000E+05
1.70786278E+01  39524.3 1.121E+04 1.056E+15 1.726E+00 4.198E+02 2.000E+05
2.17692348E+01  42417.6 1.396E+04 1.235E+15 1.645E+00 4.033E+02 2.000E+05
2.84218014E+01  45475.9 1.803E+04 1.492E+15 1.525E+00 3.751E+02 2.000E+05
3.80087294E+01  48799.6 2.415E+04 1.865E+15 1.419E+00 3.485E+02 2.000E+05
5.16685999E+01  52362.0 3.323E+04 2.392E+15 1.333E+00 3.258E+02 2.000E+05
7.09170893E+01  56181.4 4.631E+04 3.108E+15 1.260E+00 3.149E+02 2.000E+05
RADK 2.3455E+02
EGIN                    ITERATION   6 COMPLETED
