EFF  32000.  GRAVITY 4.50000 LTE 
ITLE SDSC GRID  [-2.5]   VTURB 2.0 KM/S                                        
OPACITY IFOP 1 1 1 1 1 1 1 1 1 1 1 1 1 0 1 0 0 0 0 0
CONVECTION OFF  1.00 TURBULENCE OFF  0.00  0.00  0.00  0.00
BUNDANCE SCALE  0.003162 ABUNDANCE CHANGE 1 0.91100 2 0.08900
ABUNDANCE CHANGE  3 -10.88  4 -10.89  5  -9.44  6  -3.48  7  -3.99  8  -3.11
ABUNDANCE CHANGE  9  -7.48 10  -3.95 11  -5.71 12  -4.46 13  -5.57 14  -4.49
ABUNDANCE CHANGE 15  -6.59 16  -4.83 17  -6.54 18  -5.48 19  -6.82 20  -5.68
ABUNDANCE CHANGE 21  -8.94 22  -7.05 23  -8.04 24  -6.37 25  -6.65 26  -4.37
ABUNDANCE CHANGE 27  -7.12 28  -5.79 29  -7.83 30  -7.44 31  -9.16 32  -8.63
ABUNDANCE CHANGE 33  -9.67 34  -8.69 35  -9.41 36  -8.81 37  -9.44 38  -9.14
ABUNDANCE CHANGE 39  -9.80 40  -9.54 41 -10.62 42 -10.12 43 -20.00 44 -10.20
ABUNDANCE CHANGE 45 -10.92 46 -10.35 47 -11.10 48 -10.18 49 -10.58 50 -10.04
ABUNDANCE CHANGE 51 -11.04 52  -9.80 53 -10.53 54  -9.81 55 -10.92 56  -9.91
ABUNDANCE CHANGE 57 -10.82 58 -10.49 59 -11.33 60 -10.54 61 -20.00 62 -11.04
ABUNDANCE CHANGE 63 -11.53 64 -10.92 65 -11.94 66 -10.94 67 -11.78 68 -11.11
ABUNDANCE CHANGE 69 -12.04 70 -10.96 71 -11.28 72 -11.16 73 -11.91 74 -10.93
ABUNDANCE CHANGE 75 -11.77 76 -10.59 77 -10.69 78 -10.24 79 -11.03 80 -10.95
ABUNDANCE CHANGE 81 -11.14 82 -10.19 83 -11.33 84 -20.00 85 -20.00 86 -20.00
ABUNDANCE CHANGE 87 -20.00 88 -20.00 89 -20.00 90 -11.92 91 -20.00 92 -12.51
ABUNDANCE CHANGE 93 -20.00 94 -20.00 95 -20.00 96 -20.00 97 -20.00 98 -20.00
ABUNDANCE CHANGE 99 -20.00
EAD DECK6 64 RHOX,T,P,XNE,ABROSS,ACCRAD,VTURB
4.87580868E-06  18919.8 1.509E-01 2.888E+10 3.201E-01 6.773E+02 2.000E+05
5.55669803E-06  18979.2 1.720E-01 3.281E+10 3.201E-01 6.772E+02 2.000E+05
7.40537853E-06  18993.1 2.292E-01 4.369E+10 3.211E-01 6.797E+02 2.000E+05
9.86445242E-06  19030.1 3.052E-01 5.808E+10 3.222E-01 6.827E+02 2.000E+05
1.31307102E-05  19062.4 4.063E-01 7.718E+10 3.236E-01 6.871E+02 2.000E+05
1.74661022E-05  19106.9 5.404E-01 1.024E+11 3.252E-01 6.921E+02 2.000E+05
2.32164936E-05  19170.9 7.183E-01 1.357E+11 3.271E-01 6.978E+02 2.000E+05
3.08379172E-05  19223.1 9.539E-01 1.797E+11 3.292E-01 7.047E+02 2.000E+05
4.09316543E-05  19321.5 1.266E+00 2.372E+11 3.316E-01 7.113E+02 2.000E+05
5.42892901E-05  19402.0 1.679E+00 3.133E+11 3.343E-01 7.195E+02 2.000E+05
7.19520815E-05  19502.9 2.225E+00 4.130E+11 3.372E-01 7.290E+02 2.000E+05
9.52895919E-05  19605.2 2.945E+00 5.439E+11 3.405E-01 7.406E+02 2.000E+05
1.26096558E-04  19702.5 3.897E+00 7.160E+11 3.441E-01 7.556E+02 2.000E+05
1.66723177E-04  19805.9 5.150E+00 9.414E+11 3.481E-01 7.740E+02 2.000E+05
2.20241601E-04  19910.7 6.801E+00 1.237E+12 3.526E-01 7.963E+02 2.000E+05
2.90650625E-04  20024.4 8.970E+00 1.622E+12 3.577E-01 8.228E+02 2.000E+05
3.83130444E-04  20144.7 1.182E+01 2.124E+12 3.635E-01 8.542E+02 2.000E+05
5.04364295E-04  20273.6 1.554E+01 2.776E+12 3.701E-01 8.906E+02 2.000E+05
6.62945015E-04  20410.1 2.042E+01 3.621E+12 3.777E-01 9.324E+02 2.000E+05
8.69863530E-04  20556.2 2.676E+01 4.712E+12 3.865E-01 9.794E+02 2.000E+05
1.13908802E-03  20710.4 3.500E+01 6.118E+12 3.968E-01 1.032E+03 2.000E+05
1.48824703E-03  20872.1 4.567E+01 7.921E+12 4.086E-01 1.090E+03 2.000E+05
1.93948116E-03  21036.2 5.944E+01 1.023E+13 4.224E-01 1.155E+03 2.000E+05
2.52042557E-03  21197.6 7.711E+01 1.317E+13 4.384E-01 1.230E+03 2.000E+05
3.26526926E-03  21350.0 9.972E+01 1.690E+13 4.569E-01 1.321E+03 2.000E+05
4.21580276E-03  21493.2 1.285E+02 2.163E+13 4.786E-01 1.435E+03 2.000E+05
5.42291832E-03  21633.2 1.648E+02 2.757E+13 5.037E-01 1.578E+03 2.000E+05
6.94885178E-03  21783.5 2.105E+02 3.497E+13 5.324E-01 1.748E+03 2.000E+05
8.86997225E-03  21956.3 2.677E+02 4.412E+13 5.650E-01 1.938E+03 2.000E+05
1.12803011E-02  22160.4 3.390E+02 5.536E+13 6.014E-01 2.143E+03 2.000E+05
1.42956169E-02  22403.7 4.276E+02 6.906E+13 6.418E-01 2.355E+03 2.000E+05
1.80584872E-02  22687.2 5.373E+02 8.568E+13 6.866E-01 2.572E+03 2.000E+05
2.27464330E-02  23018.2 6.730E+02 1.058E+14 7.353E-01 2.785E+03 2.000E+05
2.85812035E-02  23398.3 8.406E+02 1.300E+14 7.881E-01 2.992E+03 2.000E+05
3.58381445E-02  23831.0 1.048E+03 1.590E+14 8.452E-01 3.188E+03 2.000E+05
4.48561782E-02  24318.3 1.303E+03 1.938E+14 9.075E-01 3.376E+03 2.000E+05
5.60539043E-02  24861.1 1.618E+03 2.355E+14 9.749E-01 3.559E+03 2.000E+05
6.99456372E-02  25463.5 2.007E+03 2.851E+14 1.048E+00 3.746E+03 2.000E+05
8.71621405E-02  26131.6 2.485E+03 3.440E+14 1.129E+00 3.937E+03 2.000E+05
1.08489469E-01  26871.7 3.074E+03 4.137E+14 1.215E+00 4.130E+03 2.000E+05
1.34893865E-01  27693.1 3.797E+03 4.959E+14 1.309E+00 4.325E+03 2.000E+05
1.67545518E-01  28602.3 4.685E+03 5.925E+14 1.413E+00 4.526E+03 2.000E+05
2.07857610E-01  29607.4 5.773E+03 7.055E+14 1.527E+00 4.729E+03 2.000E+05
2.57551944E-01  30714.8 7.104E+03 8.371E+14 1.654E+00 4.929E+03 2.000E+05
3.18680641E-01  31929.5 8.730E+03 9.903E+14 1.796E+00 5.133E+03 2.000E+05
3.93502713E-01  33255.2 1.070E+04 1.167E+15 1.963E+00 5.357E+03 2.000E+05
4.84464008E-01  34694.1 1.308E+04 1.371E+15 2.160E+00 5.605E+03 2.000E+05
5.94290633E-01  36249.0 1.592E+04 1.604E+15 2.393E+00 5.877E+03 2.000E+05
7.26381724E-01  37915.6 1.931E+04 1.871E+15 2.652E+00 6.121E+03 2.000E+05
8.86273545E-01  39672.5 2.337E+04 2.178E+15 2.897E+00 6.298E+03 2.000E+05
1.08465419E+00  41563.1 2.839E+04 2.542E+15 3.061E+00 6.293E+03 2.000E+05
1.34003132E+00  43594.2 3.487E+04 2.992E+15 3.114E+00 6.179E+03 2.000E+05
1.68136954E+00  45866.1 4.359E+04 3.566E+15 3.057E+00 5.980E+03 2.000E+05
2.15110400E+00  48431.7 5.570E+04 4.324E+15 2.931E+00 5.737E+03 2.000E+05
2.80983622E+00  51357.2 7.284E+04 5.340E+15 2.767E+00 5.457E+03 2.000E+05
3.74428931E+00  54652.1 9.744E+04 6.718E+15 2.595E+00 5.147E+03 2.000E+05
5.07454398E+00  58318.0 1.329E+05 8.588E+15 2.431E+00 4.828E+03 2.000E+05
6.96293607E+00  62332.2 1.838E+05 1.112E+16 2.290E+00 4.530E+03 2.000E+05
9.62274297E+00  66678.2 2.562E+05 1.448E+16 2.179E+00 4.301E+03 2.000E+05
1.33358484E+01  71430.5 3.580E+05 1.890E+16 2.090E+00 4.114E+03 2.000E+05
1.84575618E+01  76538.4 4.993E+05 2.459E+16 2.034E+00 3.982E+03 2.000E+05
2.54467987E+01  82105.9 6.928E+05 3.181E+16 1.998E+00 3.888E+03 2.000E+05
3.48565141E+01  88084.2 9.541E+05 4.084E+16 1.989E+00 3.826E+03 2.000E+05
4.73896766E+01  94544.9 1.303E+06 5.195E+16 2.005E+00 3.764E+03 2.000E+05
RADK 1.9684E+03
EGIN                    ITERATION   9 COMPLETED
