TEFF   7250.  GRAVITY 4.50000 LTE 
TITLE SDSC GRID  [+0.1]   VTURB 2.0 KM/S    L/H 1.25                            
 OPACITY IFOP 1 1 1 1 1 1 1 1 1 1 1 1 1 0 1 0 0 0 0 0
 CONVECTION ON   1.25 TURBULENCE OFF  0.00  0.00  0.00  0.00
ABUNDANCE SCALE   1.25890 ABUNDANCE CHANGE 1 0.91100 2 0.08900
 ABUNDANCE CHANGE  3 -10.88  4 -10.89  5  -9.44  6  -3.48  7  -3.99  8  -3.11
 ABUNDANCE CHANGE  9  -7.48 10  -3.95 11  -5.71 12  -4.46 13  -5.57 14  -4.49
 ABUNDANCE CHANGE 15  -6.59 16  -4.83 17  -6.54 18  -5.48 19  -6.82 20  -5.68
 ABUNDANCE CHANGE 21  -8.94 22  -7.05 23  -8.04 24  -6.37 25  -6.65 26  -4.37
 ABUNDANCE CHANGE 27  -7.12 28  -5.79 29  -7.83 30  -7.44 31  -9.16 32  -8.63
 ABUNDANCE CHANGE 33  -9.67 34  -8.69 35  -9.41 36  -8.81 37  -9.44 38  -9.14
 ABUNDANCE CHANGE 39  -9.80 40  -9.54 41 -10.62 42 -10.12 43 -20.00 44 -10.20
 ABUNDANCE CHANGE 45 -10.92 46 -10.35 47 -11.10 48 -10.18 49 -10.58 50 -10.04
 ABUNDANCE CHANGE 51 -11.04 52  -9.80 53 -10.53 54  -9.81 55 -10.92 56  -9.91
 ABUNDANCE CHANGE 57 -10.82 58 -10.49 59 -11.33 60 -10.54 61 -20.00 62 -11.04
 ABUNDANCE CHANGE 63 -11.53 64 -10.92 65 -11.94 66 -10.94 67 -11.78 68 -11.11
 ABUNDANCE CHANGE 69 -12.04 70 -10.96 71 -11.28 72 -11.16 73 -11.91 74 -10.93
 ABUNDANCE CHANGE 75 -11.77 76 -10.59 77 -10.69 78 -10.24 79 -11.03 80 -10.95
 ABUNDANCE CHANGE 81 -11.14 82 -10.19 83 -11.33 84 -20.00 85 -20.00 86 -20.00
 ABUNDANCE CHANGE 87 -20.00 88 -20.00 89 -20.00 90 -11.92 91 -20.00 92 -12.51
 ABUNDANCE CHANGE 93 -20.00 94 -20.00 95 -20.00 96 -20.00 97 -20.00 98 -20.00
 ABUNDANCE CHANGE 99 -20.00
READ DECK6 72 RHOX,T,P,XNE,ABROSS,ACCRAD,VTURB
 2.21855731E-04   4732.0 7.016E+00 6.272E+09 6.011E-04 3.502E-01 2.000E+05 0.000E+00 0.000E+00
 2.93551899E-04   4749.2 9.283E+00 7.754E+09 6.396E-04 3.541E-01 2.000E+05 0.000E+00 0.000E+00
 3.82832644E-04   4766.4 1.211E+01 9.511E+09 6.890E-04 3.558E-01 2.000E+05 0.000E+00 0.000E+00
 4.92707326E-04   4784.4 1.558E+01 1.160E+10 7.506E-04 3.585E-01 2.000E+05 0.000E+00 0.000E+00
 6.26469221E-04   4803.3 1.981E+01 1.409E+10 8.263E-04 3.625E-01 2.000E+05 0.000E+00 0.000E+00
 7.87821277E-04   4823.0 2.491E+01 1.703E+10 9.169E-04 3.665E-01 2.000E+05 0.000E+00 0.000E+00
 9.81092563E-04   4843.6 3.102E+01 2.052E+10 1.024E-03 3.703E-01 2.000E+05 0.000E+00 0.000E+00
 1.21100196E-03   4865.4 3.829E+01 2.465E+10 1.152E-03 3.759E-01 2.000E+05 0.000E+00 0.000E+00
 1.48287467E-03   4888.1 4.689E+01 2.954E+10 1.301E-03 3.811E-01 2.000E+05 0.000E+00 0.000E+00
 1.80311753E-03   4911.8 5.702E+01 3.532E+10 1.476E-03 3.855E-01 2.000E+05 0.000E+00 0.000E+00
 2.17908627E-03   4936.5 6.891E+01 4.215E+10 1.679E-03 3.890E-01 2.000E+05 0.000E+00 0.000E+00
 2.61924412E-03   4962.3 8.282E+01 5.023E+10 1.915E-03 3.915E-01 2.000E+05 0.000E+00 0.000E+00
 3.13341044E-03   4988.9 9.908E+01 5.978E+10 2.188E-03 3.930E-01 2.000E+05 0.000E+00 0.000E+00
 3.73244523E-03   5016.6 1.180E+02 7.111E+10 2.508E-03 3.969E-01 2.000E+05 0.000E+00 0.000E+00
 4.42835425E-03   5045.2 1.400E+02 8.448E+10 2.882E-03 4.026E-01 2.000E+05 0.000E+00 0.000E+00
 5.23535090E-03   5074.7 1.655E+02 1.003E+11 3.316E-03 4.073E-01 2.000E+05 0.000E+00 0.000E+00
 6.17024110E-03   5105.0 1.951E+02 1.190E+11 3.819E-03 4.111E-01 2.000E+05 0.000E+00 0.000E+00
 7.25262787E-03   5135.9 2.293E+02 1.411E+11 4.399E-03 4.139E-01 2.000E+05 0.000E+00 0.000E+00
 8.50538080E-03   5167.4 2.690E+02 1.671E+11 5.069E-03 4.159E-01 2.000E+05 0.000E+00 0.000E+00
 9.95537564E-03   5199.3 3.148E+02 1.977E+11 5.840E-03 4.172E-01 2.000E+05 0.000E+00 0.000E+00
 1.16331955E-02   5231.4 3.679E+02 2.336E+11 6.732E-03 4.217E-01 2.000E+05 0.000E+00 0.000E+00
 1.35743903E-02   5263.8 4.292E+02 2.757E+11 7.757E-03 4.259E-01 2.000E+05 0.000E+00 0.000E+00
 1.58215616E-02   5296.4 5.003E+02 3.252E+11 8.933E-03 4.299E-01 2.000E+05 0.000E+00 0.000E+00
 1.84246710E-02   5329.1 5.826E+02 3.831E+11 1.028E-02 4.341E-01 2.000E+05 0.000E+00 0.000E+00
 2.14423466E-02   5362.0 6.780E+02 4.510E+11 1.182E-02 4.385E-01 2.000E+05 0.000E+00 0.000E+00
 2.49395388E-02   5395.0 7.886E+02 5.304E+11 1.361E-02 4.472E-01 2.000E+05 0.000E+00 0.000E+00
 2.89895152E-02   5428.5 9.167E+02 6.237E+11 1.568E-02 4.585E-01 2.000E+05 0.000E+00 0.000E+00
 3.36768328E-02   5462.5 1.065E+03 7.335E+11 1.807E-02 4.726E-01 2.000E+05 0.000E+00 0.000E+00
 3.90969322E-02   5497.4 1.236E+03 8.631E+11 2.085E-02 4.904E-01 2.000E+05 0.000E+00 0.000E+00
 4.53588764E-02   5533.1 1.434E+03 1.016E+12 2.407E-02 5.093E-01 2.000E+05 0.000E+00 0.000E+00
 5.25900380E-02   5569.8 1.663E+03 1.198E+12 2.780E-02 5.296E-01 2.000E+05 0.000E+00 0.000E+00
 6.09377491E-02   5607.3 1.927E+03 1.412E+12 3.212E-02 5.512E-01 2.000E+05 0.000E+00 0.000E+00
 7.05739170E-02   5645.5 2.232E+03 1.665E+12 3.710E-02 5.743E-01 2.000E+05 0.000E+00 0.000E+00
 8.16998202E-02   5684.1 2.583E+03 1.963E+12 4.284E-02 5.994E-01 2.000E+05 0.000E+00 0.000E+00
 9.45534155E-02   5723.1 2.990E+03 2.314E+12 4.944E-02 6.269E-01 2.000E+05 0.000E+00 0.000E+00
 1.09404309E-01   5762.3 3.460E+03 2.725E+12 5.707E-02 6.612E-01 2.000E+05 0.000E+00 0.000E+00
 1.26546261E-01   5801.8 4.002E+03 3.209E+12 6.598E-02 7.055E-01 2.000E+05 0.000E+00 0.000E+00
 1.46321647E-01   5842.0 4.627E+03 3.777E+12 7.626E-02 7.556E-01 2.000E+05 0.000E+00 0.000E+00
 1.69138393E-01   5882.8 5.348E+03 4.448E+12 8.814E-02 8.128E-01 2.000E+05 0.000E+00 0.000E+00
 1.95464598E-01   5924.4 6.181E+03 5.240E+12 1.019E-01 8.787E-01 2.000E+05 0.000E+00 0.000E+00
 2.25828207E-01   5967.3 7.141E+03 6.181E+12 1.178E-01 9.557E-01 2.000E+05 0.000E+00 0.000E+00
 2.60809635E-01   6011.9 8.247E+03 7.307E+12 1.365E-01 1.046E+00 2.000E+05 0.000E+00 0.000E+00
 3.01036476E-01   6059.1 9.519E+03 8.668E+12 1.585E-01 1.154E+00 2.000E+05 0.000E+00 0.000E+00
 3.47114160E-01   6110.3 1.098E+04 1.034E+13 1.851E-01 1.289E+00 2.000E+05 0.000E+00 0.000E+00
 3.99590012E-01   6166.6 1.264E+04 1.243E+13 2.174E-01 1.456E+00 2.000E+05 0.000E+00 0.000E+00
 4.58835545E-01   6230.4 1.451E+04 1.511E+13 2.582E-01 1.675E+00 2.000E+05 0.000E+00 0.000E+00
 5.24973605E-01   6303.7 1.660E+04 1.861E+13 3.102E-01 1.955E+00 2.000E+05 0.000E+00 0.000E+00
 5.97866249E-01   6389.4 1.891E+04 2.333E+13 3.782E-01 2.324E+00 2.000E+05 4.615E-09 0.000E+00
 6.76937458E-01   6490.2 2.141E+04 2.987E+13 4.691E-01 2.823E+00 2.000E+05 1.135E-08 0.000E+00
 7.60816474E-01   6612.8 2.406E+04 3.937E+13 5.971E-01 3.527E+00 2.000E+05 1.898E-07 0.000E+00
 8.48272799E-01   6748.1 2.682E+04 5.247E+13 7.711E-01 4.632E+00 2.000E+05 3.251E-05 0.000E+00
 9.29764762E-01   7031.8 2.940E+04 8.733E+13 1.223E+00 7.249E+00 2.000E+05 1.910E-03 2.234E+03
 9.97638445E-01   7310.2 3.155E+04 1.384E+14 1.886E+00 1.017E+01 2.000E+05 4.417E-02 2.382E+03
 1.06266480E+00   7474.4 3.360E+04 1.810E+14 2.441E+00 1.179E+01 2.000E+05 1.046E-01 1.598E+03
 1.13027943E+00   7637.6 3.574E+04 2.341E+14 3.137E+00 1.386E+01 2.000E+05 1.680E-01 3.623E+03
 1.19904959E+00   7836.3 3.791E+04 3.136E+14 4.215E+00 1.721E+01 2.000E+05 2.302E-01 9.833E+03
 1.26587713E+00   8071.1 4.002E+04 4.325E+14 5.890E+00 2.207E+01 2.000E+05 2.887E-01 2.310E+04
 1.32932732E+00   8323.5 4.203E+04 5.970E+14 8.345E+00 2.923E+01 2.000E+05 3.399E-01 5.590E+04
 1.38611820E+00   8659.6 4.382E+04 8.804E+14 1.298E+01 4.218E+01 2.000E+05 3.859E-01 9.954E+04
 1.43581360E+00   8983.4 4.539E+04 1.240E+15 1.948E+01 5.962E+01 2.000E+05 4.237E-01 1.419E+05
 1.47683751E+00   9431.4 4.669E+04 1.890E+15 3.289E+01 9.103E+01 2.000E+05 4.675E-01 3.097E+05
 1.51159517E+00   9786.6 4.778E+04 2.554E+15 4.809E+01 8.849E+01 2.000E+05 6.445E-01 3.675E+05
 1.54562357E+00  10045.0 4.886E+04 3.131E+15 6.213E+01 7.811E+01 2.000E+05 7.606E-01 3.865E+05
 1.58127009E+00  10295.1 4.998E+04 3.765E+15 7.821E+01 6.763E+01 2.000E+05 8.305E-01 3.902E+05
 1.62028876E+00  10492.4 5.121E+04 4.329E+15 9.277E+01 6.107E+01 2.000E+05 8.733E-01 3.960E+05
 1.66372169E+00  10725.7 5.258E+04 5.048E+15 1.120E+02 5.734E+01 2.000E+05 9.036E-01 4.009E+05
 1.71296692E+00  10910.4 5.414E+04 5.685E+15 1.289E+02 5.144E+01 2.000E+05 9.218E-01 3.977E+05
 1.76932081E+00  11144.2 5.592E+04 6.528E+15 1.518E+02 5.085E+01 2.000E+05 9.376E-01 4.065E+05
 1.83444694E+00  11342.4 5.797E+04 7.321E+15 1.721E+02 4.575E+01 2.000E+05 9.476E-01 3.984E+05
 1.91060009E+00  11584.9 6.038E+04 8.324E+15 1.973E+02 4.586E+01 2.000E+05 9.569E-01 4.102E+05
 1.99983386E+00  11821.0 6.319E+04 9.379E+15 2.226E+02 4.195E+01 2.000E+05 9.630E-01 3.982E+05
 2.10568459E+00  12073.5 6.654E+04 1.057E+16 2.499E+02 4.374E+01 2.000E+05 9.670E-01 4.098E+05
PRADK 3.6638E+00
BEGIN                    ITERATION  15 COMPLETED
