TEFF   8750.  GRAVITY 1.50000 LTE 
TITLE SDSC GRID [+0.0] VTURB 2 KM/S    L/H 1.25                      
 OPACITY IFOP 1 1 1 1 1 1 1 1 1 1 1 1 1 0 1 0 0 0 0 0
 CONVECTION ON   1.25 TURBULENCE OFF  0.00  0.00  0.00  0.00
ABUNDANCE SCALE   1.00000 ABUNDANCE CHANGE 1 0.91100 2 0.08900
 ABUNDANCE CHANGE  3 -10.88  4 -10.89  5  -9.44  6  -3.48  7  -3.99  8  -3.11
 ABUNDANCE CHANGE  9  -7.48 10  -3.95 11  -5.71 12  -4.46 13  -5.57 14  -4.49
 ABUNDANCE CHANGE 15  -6.59 16  -4.83 17  -6.54 18  -5.48 19  -6.82 20  -5.68
 ABUNDANCE CHANGE 21  -8.94 22  -7.05 23  -8.04 24  -6.37 25  -6.65 26  -4.37
 ABUNDANCE CHANGE 27  -7.12 28  -5.79 29  -7.83 30  -7.44 31  -9.16 32  -8.63
 ABUNDANCE CHANGE 33  -9.67 34  -8.69 35  -9.41 36  -8.81 37  -9.44 38  -9.14
 ABUNDANCE CHANGE 39  -9.80 40  -9.54 41 -10.62 42 -10.12 43 -20.00 44 -10.20
 ABUNDANCE CHANGE 45 -10.92 46 -10.35 47 -11.10 48 -10.18 49 -10.58 50 -10.04
 ABUNDANCE CHANGE 51 -11.04 52  -9.80 53 -10.53 54  -9.81 55 -10.92 56  -9.91
 ABUNDANCE CHANGE 57 -10.82 58 -10.49 59 -11.33 60 -10.54 61 -20.00 62 -11.04
 ABUNDANCE CHANGE 63 -11.53 64 -10.92 65 -11.94 66 -10.94 67 -11.78 68 -11.11
 ABUNDANCE CHANGE 69 -12.04 70 -10.96 71 -11.28 72 -11.16 73 -11.91 74 -10.93
 ABUNDANCE CHANGE 75 -11.77 76 -10.59 77 -10.69 78 -10.24 79 -11.03 80 -10.95
 ABUNDANCE CHANGE 81 -11.14 82 -10.19 83 -11.33 84 -20.00 85 -20.00 86 -20.00
 ABUNDANCE CHANGE 87 -20.00 88 -20.00 89 -20.00 90 -11.92 91 -20.00 92 -12.51
 ABUNDANCE CHANGE 93 -20.00 94 -20.00 95 -20.00 96 -20.00 97 -20.00 98 -20.00
 ABUNDANCE CHANGE 99 -20.00
READ DECK6 72 RHOX,T,P,XNE,ABROSS,ACCRAD,VTURB
 8.59094751E-07   4943.2 2.111E-05 1.014E+07 1.551E-01 7.026E+00 2.000E+05 0.000E+00 0.000E+00
 1.15547409E-06   4959.0 2.842E-05 1.299E+07 1.451E-01 6.887E+00 2.000E+05 0.000E+00 0.000E+00
 1.57985704E-06   4974.7 3.894E-05 1.679E+07 1.343E-01 6.720E+00 2.000E+05 0.000E+00 0.000E+00
 2.19059838E-06   4996.0 5.418E-05 2.208E+07 1.250E-01 6.550E+00 2.000E+05 0.000E+00 0.000E+00
 3.06485514E-06   5022.1 7.615E-05 2.942E+07 1.172E-01 6.372E+00 2.000E+05 0.000E+00 0.000E+00
 4.30387537E-06   5053.3 1.075E-04 3.955E+07 1.109E-01 6.181E+00 2.000E+05 0.000E+00 0.000E+00
 6.04159921E-06   5089.8 1.517E-04 5.362E+07 1.064E-01 5.971E+00 2.000E+05 0.000E+00 0.000E+00
 8.45299621E-06   5130.6 2.134E-04 7.299E+07 1.032E-01 5.737E+00 2.000E+05 0.000E+00 0.000E+00
 1.17308741E-05   5174.6 2.985E-04 9.946E+07 1.011E-01 5.481E+00 2.000E+05 0.000E+00 0.000E+00
 1.61765378E-05   5220.6 4.150E-04 1.353E+08 9.966E-02 5.205E+00 2.000E+05 0.000E+00 0.000E+00
 2.21814419E-05   5267.2 5.741E-04 1.833E+08 9.843E-02 4.919E+00 2.000E+05 0.000E+00 0.000E+00
 3.02963267E-05   5313.3 7.915E-04 2.472E+08 9.705E-02 4.639E+00 2.000E+05 0.000E+00 0.000E+00
 4.12879695E-05   5358.6 1.089E-03 3.318E+08 9.537E-02 4.378E+00 2.000E+05 0.000E+00 0.000E+00
 5.62310896E-05   5403.0 1.497E-03 4.438E+08 9.338E-02 4.135E+00 2.000E+05 0.000E+00 0.000E+00
 7.66064859E-05   5447.2 2.058E-03 5.923E+08 9.124E-02 3.913E+00 2.000E+05 0.000E+00 0.000E+00
 1.04420579E-04   5492.0 2.830E-03 7.903E+08 8.914E-02 3.705E+00 2.000E+05 0.000E+00 0.000E+00
 1.42396583E-04   5537.5 3.892E-03 1.054E+09 8.711E-02 3.505E+00 2.000E+05 0.000E+00 0.000E+00
 1.94204960E-04   5583.3 5.351E-03 1.403E+09 8.507E-02 3.312E+00 2.000E+05 0.000E+00 0.000E+00
 2.65021200E-04   5628.6 7.358E-03 1.865E+09 8.289E-02 3.135E+00 2.000E+05 0.000E+00 0.000E+00
 3.62004215E-04   5673.7 1.012E-02 2.474E+09 8.063E-02 2.983E+00 2.000E+05 0.000E+00 0.000E+00
 4.94818023E-04   5719.6 1.393E-02 3.281E+09 7.858E-02 2.871E+00 2.000E+05 0.000E+00 0.000E+00
 6.76241368E-04   5766.7 1.915E-02 4.351E+09 7.680E-02 2.780E+00 2.000E+05 0.000E+00 0.000E+00
 9.23009974E-04   5816.0 2.627E-02 5.776E+09 7.550E-02 2.702E+00 2.000E+05 0.000E+00 0.000E+00
 1.25632419E-03   5868.1 3.592E-02 7.676E+09 7.481E-02 2.643E+00 2.000E+05 0.000E+00 0.000E+00
 1.70245412E-03   5923.3 4.886E-02 1.021E+10 7.486E-02 2.596E+00 2.000E+05 0.000E+00 0.000E+00
 2.29369757E-03   5981.9 6.603E-02 1.358E+10 7.569E-02 2.564E+00 2.000E+05 0.000E+00 0.000E+00
 3.06895995E-03   6043.5 8.857E-02 1.804E+10 7.735E-02 2.544E+00 2.000E+05 0.000E+00 0.000E+00
 4.07488536E-03   6108.3 1.178E-01 2.390E+10 7.988E-02 2.532E+00 2.000E+05 0.000E+00 0.000E+00
 5.36706455E-03   6175.6 1.555E-01 3.158E+10 8.327E-02 2.521E+00 2.000E+05 0.000E+00 0.000E+00
 7.01348487E-03   6244.5 2.034E-01 4.152E+10 8.743E-02 2.504E+00 2.000E+05 0.000E+00 0.000E+00
 9.10004523E-03   6313.3 2.642E-01 5.420E+10 9.213E-02 2.495E+00 2.000E+05 0.000E+00 0.000E+00
 1.17388367E-02   6381.1 3.411E-01 7.022E+10 9.721E-02 2.494E+00 2.000E+05 0.000E+00 0.000E+00
 1.50736618E-02   6447.2 4.383E-01 9.029E+10 1.026E-01 2.502E+00 2.000E+05 0.000E+00 0.000E+00
 1.92882690E-02   6511.8 5.610E-01 1.153E+11 1.083E-01 2.527E+00 2.000E+05 0.000E+00 0.000E+00
 2.46072163E-02   6575.6 7.157E-01 1.466E+11 1.145E-01 2.569E+00 2.000E+05 0.000E+00 0.000E+00
 3.13015166E-02   6639.0 9.101E-01 1.855E+11 1.216E-01 2.625E+00 2.000E+05 0.000E+00 0.000E+00
 3.96954297E-02   6702.4 1.153E+00 2.339E+11 1.295E-01 2.696E+00 2.000E+05 0.000E+00 0.000E+00
 5.01770538E-02   6765.5 1.456E+00 2.937E+11 1.386E-01 2.787E+00 2.000E+05 0.000E+00 0.000E+00
 6.32029832E-02   6828.6 1.831E+00 3.672E+11 1.492E-01 2.904E+00 2.000E+05 0.000E+00 0.000E+00
 7.93042554E-02   6892.0 2.292E+00 4.574E+11 1.614E-01 3.052E+00 2.000E+05 0.000E+00 0.000E+00
 9.90792197E-02   6956.3 2.855E+00 5.677E+11 1.759E-01 3.242E+00 2.000E+05 0.000E+00 0.000E+00
 1.23161758E-01   7022.9 3.536E+00 7.029E+11 1.935E-01 3.482E+00 2.000E+05 0.000E+00 0.000E+00
 1.52203178E-01   7092.9 4.349E+00 8.687E+11 2.151E-01 3.786E+00 2.000E+05 0.000E+00 0.000E+00
 1.86804243E-01   7168.2 5.306E+00 1.073E+12 2.424E-01 4.173E+00 2.000E+05 0.000E+00 0.000E+00
 2.27420327E-01   7250.7 6.410E+00 1.324E+12 2.776E-01 4.685E+00 2.000E+05 0.000E+00 0.000E+00
 2.74228186E-01   7343.6 7.656E+00 1.635E+12 3.246E-01 5.370E+00 2.000E+05 0.000E+00 0.000E+00
 3.26998929E-01   7450.6 9.017E+00 2.021E+12 3.884E-01 6.293E+00 2.000E+05 0.000E+00 0.000E+00
 3.85103012E-01   7574.9 1.045E+01 2.496E+12 4.757E-01 7.536E+00 2.000E+05 0.000E+00 0.000E+00
 4.47737735E-01   7721.4 1.191E+01 3.074E+12 5.935E-01 9.118E+00 2.000E+05 0.000E+00 0.000E+00
 5.14308114E-01   7890.4 1.335E+01 3.747E+12 7.473E-01 1.111E+01 2.000E+05 0.000E+00 0.000E+00
 5.84717685E-01   8086.2 1.471E+01 4.492E+12 9.380E-01 1.349E+01 2.000E+05 0.000E+00 0.000E+00
 6.60622469E-01   8312.8 1.599E+01 5.259E+12 1.146E+00 1.584E+01 2.000E+05 0.000E+00 0.000E+00
 7.45234124E-01   8571.5 1.724E+01 5.979E+12 1.338E+00 1.781E+01 2.000E+05 0.000E+00 0.000E+00
 8.44780577E-01   8866.0 1.855E+01 6.614E+12 1.473E+00 1.885E+01 2.000E+05 0.000E+00 0.000E+00
 9.69062861E-01   9199.4 2.013E+01 7.193E+12 1.533E+00 1.893E+01 2.000E+05 0.000E+00 0.000E+00
 1.13204622E+00   9574.2 2.225E+01 7.816E+12 1.531E+00 1.826E+01 2.000E+05 0.000E+00 0.000E+00
 1.35239488E+00   9998.6 2.530E+01 8.613E+12 1.495E+00 1.738E+01 2.000E+05 0.000E+00 0.000E+00
 1.65574462E+00  10470.3 2.979E+01 9.748E+12 1.437E+00 1.626E+01 2.000E+05 0.000E+00 0.000E+00
 2.07725730E+00  11004.8 3.646E+01 1.139E+13 1.380E+00 1.540E+01 2.000E+05 0.000E+00 0.000E+00
 2.66129699E+00  11603.4 4.613E+01 1.370E+13 1.331E+00 1.477E+01 2.000E+05 0.000E+00 0.000E+00
 3.47104690E+00  12287.5 6.005E+01 1.689E+13 1.278E+00 1.416E+01 2.000E+05 0.000E+00 0.000E+00
 4.58590134E+00  13045.7 7.970E+01 2.125E+13 1.249E+00 1.386E+01 2.000E+05 2.922E-17 0.000E+00
 6.09982165E+00  13898.9 1.068E+02 2.704E+13 1.232E+00 1.367E+01 2.000E+05 2.020E-16 4.225E+01
 8.12576193E+00  14829.0 1.431E+02 3.443E+13 1.237E+00 1.370E+01 2.000E+05 1.413E-16 3.458E+01
 1.08395635E+01  15852.9 1.920E+02 4.357E+13 1.222E+00 1.351E+01 2.000E+05 1.289E-17 0.000E+00
 1.44829461E+01  16960.0 2.580E+02 5.494E+13 1.220E+00 1.349E+01 2.000E+05 0.000E+00 0.000E+00
 1.93567838E+01  18168.6 3.466E+02 6.898E+13 1.214E+00 1.341E+01 2.000E+05 0.000E+00 0.000E+00
 2.58717156E+01  19472.6 4.652E+02 8.643E+13 1.214E+00 1.342E+01 2.000E+05 0.000E+00 0.000E+00
 3.46154424E+01  20888.9 6.254E+02 1.083E+14 1.198E+00 1.318E+01 2.000E+05 0.000E+00 0.000E+00
 4.64056635E+01  22413.8 8.436E+02 1.362E+14 1.190E+00 1.307E+01 2.000E+05 0.000E+00 0.000E+00
 6.21464043E+01  24063.4 1.136E+03 1.709E+14 1.197E+00 1.302E+01 2.000E+05 8.085E-13 0.000E+00
 8.27308401E+01  25833.7 1.522E+03 2.132E+14 1.233E+00 1.276E+01 2.000E+05 6.636E-12 7.316E+02
PRADK 7.8515E+00
BEGIN                    ITERATION  15 COMPLETED
