TEFF   6250.  GRAVITY 5.00000 LTE 
TITLE SDSC GRID  [+0.2]   VTURB 2.0 KM/S    L/H 1.25                            
 OPACITY IFOP 1 1 1 1 1 1 1 1 1 1 1 1 1 0 1 0 0 0 0 0
 CONVECTION ON   1.25 TURBULENCE OFF  0.00  0.00  0.00  0.00
ABUNDANCE SCALE   1.58490 ABUNDANCE CHANGE 1 0.91100 2 0.08900
 ABUNDANCE CHANGE  3 -10.88  4 -10.89  5  -9.44  6  -3.48  7  -3.99  8  -3.11
 ABUNDANCE CHANGE  9  -7.48 10  -3.95 11  -5.71 12  -4.46 13  -5.57 14  -4.49
 ABUNDANCE CHANGE 15  -6.59 16  -4.83 17  -6.54 18  -5.48 19  -6.82 20  -5.68
 ABUNDANCE CHANGE 21  -8.94 22  -7.05 23  -8.04 24  -6.37 25  -6.65 26  -4.37
 ABUNDANCE CHANGE 27  -7.12 28  -5.79 29  -7.83 30  -7.44 31  -9.16 32  -8.63
 ABUNDANCE CHANGE 33  -9.67 34  -8.69 35  -9.41 36  -8.81 37  -9.44 38  -9.14
 ABUNDANCE CHANGE 39  -9.80 40  -9.54 41 -10.62 42 -10.12 43 -20.00 44 -10.20
 ABUNDANCE CHANGE 45 -10.92 46 -10.35 47 -11.10 48 -10.18 49 -10.58 50 -10.04
 ABUNDANCE CHANGE 51 -11.04 52  -9.80 53 -10.53 54  -9.81 55 -10.92 56  -9.91
 ABUNDANCE CHANGE 57 -10.82 58 -10.49 59 -11.33 60 -10.54 61 -20.00 62 -11.04
 ABUNDANCE CHANGE 63 -11.53 64 -10.92 65 -11.94 66 -10.94 67 -11.78 68 -11.11
 ABUNDANCE CHANGE 69 -12.04 70 -10.96 71 -11.28 72 -11.16 73 -11.91 74 -10.93
 ABUNDANCE CHANGE 75 -11.77 76 -10.59 77 -10.69 78 -10.24 79 -11.03 80 -10.95
 ABUNDANCE CHANGE 81 -11.14 82 -10.19 83 -11.33 84 -20.00 85 -20.00 86 -20.00
 ABUNDANCE CHANGE 87 -20.00 88 -20.00 89 -20.00 90 -11.92 91 -20.00 92 -12.51
 ABUNDANCE CHANGE 93 -20.00 94 -20.00 95 -20.00 96 -20.00 97 -20.00 98 -20.00
 ABUNDANCE CHANGE 99 -20.00
READ DECK6 72 RHOX,T,P,XNE,ABROSS,ACCRAD,VTURB
 2.38453441E-04   4014.4 2.385E+01 7.559E+09 5.592E-04 2.164E-01 2.000E+05 0.000E+00 0.000E+00
 3.11067954E-04   4032.1 3.111E+01 9.735E+09 6.657E-04 2.378E-01 2.000E+05 0.000E+00 0.000E+00
 3.93197363E-04   4051.8 3.932E+01 1.217E+10 7.785E-04 2.524E-01 2.000E+05 0.000E+00 0.000E+00
 4.87282283E-04   4073.7 4.873E+01 1.493E+10 9.027E-04 2.618E-01 2.000E+05 0.000E+00 0.000E+00
 5.95749172E-04   4097.0 5.957E+01 1.808E+10 1.041E-03 2.670E-01 2.000E+05 0.000E+00 0.000E+00
 7.21351105E-04   4121.2 7.213E+01 2.171E+10 1.198E-03 2.691E-01 2.000E+05 0.000E+00 0.000E+00
 8.67142937E-04   4146.0 8.671E+01 2.589E+10 1.375E-03 2.691E-01 2.000E+05 0.000E+00 0.000E+00
 1.03666247E-03   4171.1 1.037E+02 3.072E+10 1.575E-03 2.677E-01 2.000E+05 0.000E+00 0.000E+00
 1.23448019E-03   4196.6 1.234E+02 3.631E+10 1.796E-03 2.659E-01 2.000E+05 0.000E+00 0.000E+00
 1.46578848E-03   4222.0 1.466E+02 4.280E+10 2.049E-03 2.637E-01 2.000E+05 0.000E+00 0.000E+00
 1.73614559E-03   4247.2 1.736E+02 5.032E+10 2.338E-03 2.614E-01 2.000E+05 0.000E+00 0.000E+00
 2.05203204E-03   4272.1 2.052E+02 5.905E+10 2.669E-03 2.595E-01 2.000E+05 0.000E+00 0.000E+00
 2.42097994E-03   4296.7 2.421E+02 6.916E+10 3.047E-03 2.581E-01 2.000E+05 0.000E+00 0.000E+00
 2.85174023E-03   4321.0 2.852E+02 8.086E+10 3.481E-03 2.576E-01 2.000E+05 0.000E+00 0.000E+00
 3.35466558E-03   4345.2 3.355E+02 9.442E+10 3.975E-03 2.577E-01 2.000E+05 0.000E+00 0.000E+00
 3.94219222E-03   4369.4 3.942E+02 1.101E+11 4.536E-03 2.587E-01 2.000E+05 0.000E+00 0.000E+00
 4.62911708E-03   4393.6 4.629E+02 1.284E+11 5.172E-03 2.609E-01 2.000E+05 0.000E+00 0.000E+00
 5.43232344E-03   4418.1 5.432E+02 1.495E+11 5.900E-03 2.638E-01 2.000E+05 0.000E+00 0.000E+00
 6.37109418E-03   4443.0 6.371E+02 1.741E+11 6.733E-03 2.673E-01 2.000E+05 0.000E+00 0.000E+00
 7.46796990E-03   4468.5 7.468E+02 2.025E+11 7.685E-03 2.713E-01 2.000E+05 0.000E+00 0.000E+00
 8.74924419E-03   4494.5 8.749E+02 2.356E+11 8.774E-03 2.758E-01 2.000E+05 0.000E+00 0.000E+00
 1.02457192E-02   4521.3 1.025E+03 2.739E+11 1.002E-02 2.805E-01 2.000E+05 0.000E+00 0.000E+00
 1.19941594E-02   4549.2 1.199E+03 3.185E+11 1.143E-02 2.850E-01 2.000E+05 0.000E+00 0.000E+00
 1.40370103E-02   4577.7 1.404E+03 3.703E+11 1.305E-02 2.901E-01 2.000E+05 0.000E+00 0.000E+00
 1.64238992E-02   4607.1 1.642E+03 4.305E+11 1.489E-02 2.954E-01 2.000E+05 0.000E+00 0.000E+00
 1.92130617E-02   4637.1 1.921E+03 5.004E+11 1.699E-02 3.011E-01 2.000E+05 0.000E+00 0.000E+00
 2.24715903E-02   4667.8 2.247E+03 5.817E+11 1.940E-02 3.072E-01 2.000E+05 0.000E+00 0.000E+00
 2.62778558E-02   4698.9 2.628E+03 6.762E+11 2.215E-02 3.138E-01 2.000E+05 0.000E+00 0.000E+00
 3.07232623E-02   4730.5 3.072E+03 7.859E+11 2.529E-02 3.213E-01 2.000E+05 0.000E+00 0.000E+00
 3.59154456E-02   4762.7 3.592E+03 9.134E+11 2.887E-02 3.297E-01 2.000E+05 0.000E+00 0.000E+00
 4.19793249E-02   4795.2 4.198E+03 1.062E+12 3.297E-02 3.399E-01 2.000E+05 0.000E+00 0.000E+00
 4.90608232E-02   4828.0 4.906E+03 1.234E+12 3.765E-02 3.517E-01 2.000E+05 0.000E+00 0.000E+00
 5.73310990E-02   4861.0 5.733E+03 1.434E+12 4.299E-02 3.652E-01 2.000E+05 0.000E+00 0.000E+00
 6.69890981E-02   4894.3 6.699E+03 1.666E+12 4.909E-02 3.805E-01 2.000E+05 0.000E+00 0.000E+00
 7.82672202E-02   4927.9 7.827E+03 1.936E+12 5.606E-02 3.980E-01 2.000E+05 0.000E+00 0.000E+00
 9.14369566E-02   4961.7 9.144E+03 2.249E+12 6.402E-02 4.180E-01 2.000E+05 0.000E+00 0.000E+00
 1.06814240E-01   4996.2 1.068E+04 2.613E+12 7.312E-02 4.413E-01 2.000E+05 0.000E+00 0.000E+00
 1.24764846E-01   5031.2 1.248E+04 3.037E+12 8.354E-02 4.698E-01 2.000E+05 0.000E+00 0.000E+00
 1.45715189E-01   5067.1 1.457E+04 3.531E+12 9.546E-02 5.027E-01 2.000E+05 0.000E+00 0.000E+00
 1.70167138E-01   5104.2 1.702E+04 4.106E+12 1.091E-01 5.395E-01 2.000E+05 0.000E+00 0.000E+00
 1.98708600E-01   5142.8 1.987E+04 4.778E+12 1.246E-01 5.810E-01 2.000E+05 0.000E+00 0.000E+00
 2.32024346E-01   5183.4 2.320E+04 5.565E+12 1.423E-01 6.279E-01 2.000E+05 0.000E+00 0.000E+00
 2.70910815E-01   5226.4 2.709E+04 6.490E+12 1.626E-01 6.811E-01 2.000E+05 0.000E+00 0.000E+00
 3.16296363E-01   5272.7 3.163E+04 7.582E+12 1.859E-01 7.418E-01 2.000E+05 0.000E+00 0.000E+00
 3.69209262E-01   5323.6 3.692E+04 8.881E+12 2.128E-01 8.147E-01 2.000E+05 0.000E+00 0.000E+00
 4.30785087E-01   5380.5 4.308E+04 1.044E+13 2.440E-01 9.003E-01 2.000E+05 0.000E+00 0.000E+00
 5.02246794E-01   5445.2 5.022E+04 1.234E+13 2.810E-01 1.004E+00 2.000E+05 0.000E+00 0.000E+00
 5.84909871E-01   5519.6 5.849E+04 1.468E+13 3.243E-01 1.124E+00 2.000E+05 0.000E+00 0.000E+00
 6.80199753E-01   5605.6 6.802E+04 1.766E+13 3.761E-01 1.266E+00 2.000E+05 0.000E+00 0.000E+00
 7.89380081E-01   5705.4 7.894E+04 2.157E+13 4.396E-01 1.438E+00 2.000E+05 8.267E-11 0.000E+00
 9.12877353E-01   5822.8 9.129E+04 2.696E+13 5.236E-01 1.679E+00 2.000E+05 5.750E-08 0.000E+00
 1.04913834E+00   5967.4 1.049E+05 3.500E+13 6.425E-01 2.023E+00 2.000E+05 3.714E-07 0.000E+00
 1.19536786E+00   6133.4 1.195E+05 4.726E+13 8.103E-01 2.527E+00 2.000E+05 1.001E-04 0.000E+00
 1.34434224E+00   6358.2 1.344E+05 7.009E+13 1.108E+00 3.440E+00 2.000E+05 3.188E-03 6.428E+02
 1.48016185E+00   6657.9 1.480E+05 1.169E+14 1.667E+00 4.730E+00 2.000E+05 4.243E-02 3.341E+03
 1.60859503E+00   6858.8 1.609E+05 1.665E+14 2.240E+00 5.645E+00 2.000E+05 1.155E-01 3.173E+02
 1.73740013E+00   7058.5 1.737E+05 2.343E+14 2.981E+00 6.860E+00 2.000E+05 1.916E-01 1.084E+04
 1.86294904E+00   7307.8 1.863E+05 3.492E+14 4.204E+00 8.942E+00 2.000E+05 2.630E-01 3.930E+04
 1.98037504E+00   7583.7 1.980E+05 5.280E+14 6.038E+00 1.161E+01 2.000E+05 3.299E-01 7.293E+04
 2.08919886E+00   7873.6 2.089E+05 7.919E+14 8.734E+00 1.550E+01 2.000E+05 3.868E-01 1.066E+05
 2.18602718E+00   8230.6 2.186E+05 1.250E+15 1.344E+01 2.131E+01 2.000E+05 4.438E-01 1.725E+05
 2.27155467E+00   8559.3 2.271E+05 1.844E+15 1.972E+01 2.359E+01 2.000E+05 5.817E-01 2.081E+05
 2.35247582E+00   8830.1 2.352E+05 2.495E+15 2.681E+01 2.254E+01 2.000E+05 7.124E-01 2.180E+05
 2.43364607E+00   9068.3 2.433E+05 3.214E+15 3.490E+01 2.063E+01 2.000E+05 7.934E-01 2.181E+05
 2.51857477E+00   9276.7 2.518E+05 3.979E+15 4.373E+01 1.913E+01 2.000E+05 8.480E-01 2.174E+05
 2.60939637E+00   9481.5 2.609E+05 4.869E+15 5.420E+01 1.797E+01 2.000E+05 8.863E-01 2.159E+05
 2.70841923E+00   9669.4 2.708E+05 5.831E+15 6.560E+01 1.659E+01 2.000E+05 9.114E-01 2.114E+05
 2.81782658E+00   9859.3 2.818E+05 6.955E+15 7.903E+01 1.579E+01 2.000E+05 9.318E-01 2.100E+05
 2.93961590E+00  10044.1 2.939E+05 8.222E+15 9.421E+01 1.463E+01 2.000E+05 9.455E-01 2.044E+05
 3.07636141E+00  10226.9 3.076E+05 9.662E+15 1.116E+02 1.386E+01 2.000E+05 9.576E-01 2.029E+05
 3.23020520E+00  10416.8 3.230E+05 1.137E+16 1.322E+02 1.286E+01 2.000E+05 9.660E-01 1.963E+05
 3.40477344E+00  10593.8 3.404E+05 1.321E+16 1.543E+02 1.279E+01 2.000E+05 9.714E-01 1.945E+05
PRADK 2.0295E+00
BEGIN                    ITERATION  15 COMPLETED
