EFF  30000.  GRAVITY 4.50000 LTE 
ITLE SDSC GRID  [-1.0]   VTURB 2.0 KM/S                                        
OPACITY IFOP 1 1 1 1 1 1 1 1 1 1 1 1 1 0 1 0 0 0 0 0
CONVECTION OFF  1.00 TURBULENCE OFF  0.00  0.00  0.00  0.00
BUNDANCE SCALE   0.10000 ABUNDANCE CHANGE 1 0.91100 2 0.08900
ABUNDANCE CHANGE  3 -10.88  4 -10.89  5  -9.44  6  -3.48  7  -3.99  8  -3.11
ABUNDANCE CHANGE  9  -7.48 10  -3.95 11  -5.71 12  -4.46 13  -5.57 14  -4.49
ABUNDANCE CHANGE 15  -6.59 16  -4.83 17  -6.54 18  -5.48 19  -6.82 20  -5.68
ABUNDANCE CHANGE 21  -8.94 22  -7.05 23  -8.04 24  -6.37 25  -6.65 26  -4.37
ABUNDANCE CHANGE 27  -7.12 28  -5.79 29  -7.83 30  -7.44 31  -9.16 32  -8.63
ABUNDANCE CHANGE 33  -9.67 34  -8.69 35  -9.41 36  -8.81 37  -9.44 38  -9.14
ABUNDANCE CHANGE 39  -9.80 40  -9.54 41 -10.62 42 -10.12 43 -20.00 44 -10.20
ABUNDANCE CHANGE 45 -10.92 46 -10.35 47 -11.10 48 -10.18 49 -10.58 50 -10.04
ABUNDANCE CHANGE 51 -11.04 52  -9.80 53 -10.53 54  -9.81 55 -10.92 56  -9.91
ABUNDANCE CHANGE 57 -10.82 58 -10.49 59 -11.33 60 -10.54 61 -20.00 62 -11.04
ABUNDANCE CHANGE 63 -11.53 64 -10.92 65 -11.94 66 -10.94 67 -11.78 68 -11.11
ABUNDANCE CHANGE 69 -12.04 70 -10.96 71 -11.28 72 -11.16 73 -11.91 74 -10.93
ABUNDANCE CHANGE 75 -11.77 76 -10.59 77 -10.69 78 -10.24 79 -11.03 80 -10.95
ABUNDANCE CHANGE 81 -11.14 82 -10.19 83 -11.33 84 -20.00 85 -20.00 86 -20.00
ABUNDANCE CHANGE 87 -20.00 88 -20.00 89 -20.00 90 -11.92 91 -20.00 92 -12.51
ABUNDANCE CHANGE 93 -20.00 94 -20.00 95 -20.00 96 -20.00 97 -20.00 98 -20.00
ABUNDANCE CHANGE 99 -20.00
EAD DECK6 64 RHOX,T,P,XNE,ABROSS,ACCRAD,VTURB
4.03876350E-06  15749.8 1.243E-01 2.857E+10 3.303E-01 8.556E+02 2.000E+05
5.38425826E-06  16203.4 1.657E-01 3.703E+10 3.303E-01 8.236E+02 2.000E+05
7.17550142E-06  16304.9 2.208E-01 4.905E+10 3.319E-01 8.248E+02 2.000E+05
9.55178998E-06  16415.0 2.940E-01 6.486E+10 3.337E-01 8.256E+02 2.000E+05
1.27029080E-05  16527.3 3.911E-01 8.568E+10 3.356E-01 8.258E+02 2.000E+05
1.68801997E-05  16640.1 5.197E-01 1.131E+11 3.377E-01 8.281E+02 2.000E+05
2.24149446E-05  16755.1 6.901E-01 1.491E+11 3.400E-01 8.328E+02 2.000E+05
2.97438032E-05  16871.9 9.158E-01 1.965E+11 3.425E-01 8.399E+02 2.000E+05
3.94422971E-05  16990.7 1.214E+00 2.588E+11 3.452E-01 8.469E+02 2.000E+05
5.22661636E-05  17108.4 1.609E+00 3.405E+11 3.483E-01 8.583E+02 2.000E+05
6.92038350E-05  17226.4 2.130E+00 4.476E+11 3.519E-01 8.762E+02 2.000E+05
9.15451995E-05  17348.2 2.816E+00 5.878E+11 3.560E-01 9.004E+02 2.000E+05
1.20971559E-04  17478.8 3.720E+00 7.705E+11 3.607E-01 9.269E+02 2.000E+05
1.59663612E-04  17620.0 4.907E+00 1.008E+12 3.662E-01 9.556E+02 2.000E+05
2.10426125E-04  17772.1 6.463E+00 1.317E+12 3.726E-01 9.891E+02 2.000E+05
2.76896821E-04  17939.2 8.499E+00 1.715E+12 3.797E-01 1.012E+03 2.000E+05
3.63793992E-04  18113.2 1.116E+01 2.230E+12 3.877E-01 1.029E+03 2.000E+05
4.77156590E-04  18293.0 1.463E+01 2.894E+12 3.968E-01 1.043E+03 2.000E+05
6.24632251E-04  18473.8 1.913E+01 3.749E+12 4.074E-01 1.061E+03 2.000E+05
8.15833992E-04  18652.9 2.498E+01 4.846E+12 4.197E-01 1.082E+03 2.000E+05
1.06279999E-03  18827.1 3.251E+01 6.251E+12 4.341E-01 1.111E+03 2.000E+05
1.38057216E-03  18995.5 4.220E+01 8.041E+12 4.508E-01 1.145E+03 2.000E+05
1.78763295E-03  19153.7 5.460E+01 1.032E+13 4.704E-01 1.195E+03 2.000E+05
2.30641990E-03  19303.1 7.037E+01 1.319E+13 4.934E-01 1.263E+03 2.000E+05
2.96420462E-03  19447.8 9.031E+01 1.680E+13 5.202E-01 1.351E+03 2.000E+05
3.79432074E-03  19596.0 1.154E+02 2.131E+13 5.508E-01 1.456E+03 2.000E+05
4.83756287E-03  19752.9 1.468E+02 2.689E+13 5.856E-01 1.578E+03 2.000E+05
6.14342232E-03  19924.3 1.859E+02 3.377E+13 6.249E-01 1.717E+03 2.000E+05
7.77430636E-03  20117.7 2.346E+02 4.219E+13 6.675E-01 1.858E+03 2.000E+05
9.80886650E-03  20335.5 2.950E+02 5.248E+13 7.140E-01 2.003E+03 2.000E+05
1.23447812E-02  20586.0 3.699E+02 6.501E+13 7.640E-01 2.142E+03 2.000E+05
1.55033994E-02  20869.6 4.628E+02 8.022E+13 8.184E-01 2.280E+03 2.000E+05
1.94339972E-02  21188.4 5.779E+02 9.866E+13 8.773E-01 2.418E+03 2.000E+05
2.43216057E-02  21544.5 7.203E+02 1.209E+14 9.412E-01 2.556E+03 2.000E+05
3.03958585E-02  21939.8 8.964E+02 1.478E+14 1.010E+00 2.697E+03 2.000E+05
3.79399236E-02  22378.3 1.114E+03 1.801E+14 1.085E+00 2.843E+03 2.000E+05
4.73080910E-02  22861.6 1.383E+03 2.188E+14 1.165E+00 2.989E+03 2.000E+05
5.89486172E-02  23396.5 1.715E+03 2.652E+14 1.249E+00 3.144E+03 2.000E+05
7.34283851E-02  23992.8 2.126E+03 3.205E+14 1.339E+00 3.309E+03 2.000E+05
9.14713029E-02  24662.2 2.636E+03 3.865E+14 1.431E+00 3.482E+03 2.000E+05
1.13970261E-01  25417.9 3.267E+03 4.648E+14 1.532E+00 3.665E+03 2.000E+05
1.41951407E-01  26268.1 4.046E+03 5.571E+14 1.645E+00 3.853E+03 2.000E+05
1.76722654E-01  27216.5 5.009E+03 6.655E+14 1.763E+00 4.027E+03 2.000E+05
2.20032790E-01  28269.8 6.200E+03 7.932E+14 1.888E+00 4.189E+03 2.000E+05
2.73724376E-01  29430.6 7.668E+03 9.425E+14 2.039E+00 4.368E+03 2.000E+05
3.40002427E-01  30699.6 9.469E+03 1.116E+15 2.203E+00 4.541E+03 2.000E+05
4.21595176E-01  32082.0 1.167E+04 1.317E+15 2.393E+00 4.733E+03 2.000E+05
5.21324974E-01  33582.7 1.434E+04 1.548E+15 2.621E+00 4.968E+03 2.000E+05
6.42346643E-01  35212.2 1.755E+04 1.812E+15 2.888E+00 5.244E+03 2.000E+05
7.88613368E-01  36975.8 2.139E+04 2.114E+15 3.188E+00 5.537E+03 2.000E+05
9.65382018E-01  38888.9 2.597E+04 2.457E+15 3.512E+00 5.840E+03 2.000E+05
1.18184882E+00  40957.4 3.153E+04 2.855E+15 3.770E+00 6.014E+03 2.000E+05
1.45659075E+00  43192.9 3.856E+04 3.333E+15 3.881E+00 5.988E+03 2.000E+05
1.82010946E+00  45626.3 4.791E+04 3.937E+15 3.842E+00 5.832E+03 2.000E+05
2.31773921E+00  48335.1 6.081E+04 4.729E+15 3.696E+00 5.590E+03 2.000E+05
3.01348990E+00  51359.0 7.902E+04 5.792E+15 3.495E+00 5.305E+03 2.000E+05
4.00132292E+00  54741.2 1.052E+05 7.239E+15 3.269E+00 4.986E+03 2.000E+05
5.41330013E+00  58475.4 1.430E+05 9.219E+15 3.045E+00 4.650E+03 2.000E+05
7.43274946E+00  62563.6 1.978E+05 1.192E+16 2.844E+00 4.343E+03 2.000E+05
1.03084584E+01  67006.5 2.767E+05 1.557E+16 2.672E+00 4.073E+03 2.000E+05
1.43653080E+01  71818.8 3.890E+05 2.042E+16 2.541E+00 3.861E+03 2.000E+05
2.00086721E+01  77015.6 5.461E+05 2.673E+16 2.455E+00 3.714E+03 2.000E+05
2.77391634E+01  82636.9 7.623E+05 3.478E+16 2.403E+00 3.606E+03 2.000E+05
3.81981115E+01  88678.4 1.056E+06 4.488E+16 2.380E+00 3.518E+03 2.000E+05
RADK 1.5027E+03
EGIN                    ITERATION   9 COMPLETED
