TEFF   6500.  GRAVITY 3.50000 LTE 
TITLE SDSC GRID  [+0.1]   VTURB 2.0 KM/S    L/H 1.25                            
 OPACITY IFOP 1 1 1 1 1 1 1 1 1 1 1 1 1 0 1 0 0 0 0 0
 CONVECTION ON   1.25 TURBULENCE OFF  0.00  0.00  0.00  0.00
ABUNDANCE SCALE   1.25890 ABUNDANCE CHANGE 1 0.91100 2 0.08900
 ABUNDANCE CHANGE  3 -10.88  4 -10.89  5  -9.44  6  -3.48  7  -3.99  8  -3.11
 ABUNDANCE CHANGE  9  -7.48 10  -3.95 11  -5.71 12  -4.46 13  -5.57 14  -4.49
 ABUNDANCE CHANGE 15  -6.59 16  -4.83 17  -6.54 18  -5.48 19  -6.82 20  -5.68
 ABUNDANCE CHANGE 21  -8.94 22  -7.05 23  -8.04 24  -6.37 25  -6.65 26  -4.37
 ABUNDANCE CHANGE 27  -7.12 28  -5.79 29  -7.83 30  -7.44 31  -9.16 32  -8.63
 ABUNDANCE CHANGE 33  -9.67 34  -8.69 35  -9.41 36  -8.81 37  -9.44 38  -9.14
 ABUNDANCE CHANGE 39  -9.80 40  -9.54 41 -10.62 42 -10.12 43 -20.00 44 -10.20
 ABUNDANCE CHANGE 45 -10.92 46 -10.35 47 -11.10 48 -10.18 49 -10.58 50 -10.04
 ABUNDANCE CHANGE 51 -11.04 52  -9.80 53 -10.53 54  -9.81 55 -10.92 56  -9.91
 ABUNDANCE CHANGE 57 -10.82 58 -10.49 59 -11.33 60 -10.54 61 -20.00 62 -11.04
 ABUNDANCE CHANGE 63 -11.53 64 -10.92 65 -11.94 66 -10.94 67 -11.78 68 -11.11
 ABUNDANCE CHANGE 69 -12.04 70 -10.96 71 -11.28 72 -11.16 73 -11.91 74 -10.93
 ABUNDANCE CHANGE 75 -11.77 76 -10.59 77 -10.69 78 -10.24 79 -11.03 80 -10.95
 ABUNDANCE CHANGE 81 -11.14 82 -10.19 83 -11.33 84 -20.00 85 -20.00 86 -20.00
 ABUNDANCE CHANGE 87 -20.00 88 -20.00 89 -20.00 90 -11.92 91 -20.00 92 -12.51
 ABUNDANCE CHANGE 93 -20.00 94 -20.00 95 -20.00 96 -20.00 97 -20.00 98 -20.00
 ABUNDANCE CHANGE 99 -20.00
READ DECK6 72 RHOX,T,P,XNE,ABROSS,ACCRAD,VTURB
 7.33291354E-04   4189.1 2.319E+00 7.856E+08 1.819E-04 6.376E-02 2.000E+05 0.000E+00 0.000E+00
 9.71422026E-04   4204.2 3.072E+00 1.009E+09 1.917E-04 6.669E-02 2.000E+05 0.000E+00 0.000E+00
 1.27098863E-03   4219.4 4.019E+00 1.283E+09 2.043E-04 6.968E-02 2.000E+05 0.000E+00 0.000E+00
 1.64345663E-03   4237.6 5.197E+00 1.626E+09 2.204E-04 7.233E-02 2.000E+05 0.000E+00 0.000E+00
 2.10158380E-03   4257.8 6.646E+00 2.046E+09 2.400E-04 7.426E-02 2.000E+05 0.000E+00 0.000E+00
 2.66035278E-03   4280.0 8.413E+00 2.559E+09 2.633E-04 7.546E-02 2.000E+05 0.000E+00 0.000E+00
 3.33704732E-03   4303.7 1.055E+01 3.181E+09 2.909E-04 7.624E-02 2.000E+05 0.000E+00 0.000E+00
 4.15124241E-03   4328.9 1.313E+01 3.932E+09 3.233E-04 7.727E-02 2.000E+05 0.000E+00 0.000E+00
 5.12571279E-03   4355.4 1.621E+01 4.835E+09 3.611E-04 7.735E-02 2.000E+05 0.000E+00 0.000E+00
 6.28608359E-03   4382.7 1.988E+01 5.916E+09 4.054E-04 7.758E-02 2.000E+05 0.000E+00 0.000E+00
 7.66142470E-03   4410.9 2.423E+01 7.205E+09 4.569E-04 7.766E-02 2.000E+05 0.000E+00 0.000E+00
 9.28648768E-03   4439.6 2.937E+01 8.739E+09 5.163E-04 7.710E-02 2.000E+05 0.000E+00 0.000E+00
 1.12017993E-02   4468.6 3.542E+01 1.056E+10 5.849E-04 7.681E-02 2.000E+05 0.000E+00 0.000E+00
 1.34537457E-02   4497.8 4.254E+01 1.271E+10 6.640E-04 7.647E-02 2.000E+05 0.000E+00 0.000E+00
 1.60972492E-02   4526.8 5.090E+01 1.525E+10 7.547E-04 7.565E-02 2.000E+05 0.000E+00 0.000E+00
 1.91976881E-02   4555.5 6.071E+01 1.823E+10 8.584E-04 7.454E-02 2.000E+05 0.000E+00 0.000E+00
 2.28293529E-02   4583.6 7.219E+01 2.173E+10 9.781E-04 7.388E-02 2.000E+05 0.000E+00 0.000E+00
 2.70754141E-02   4611.4 8.562E+01 2.583E+10 1.117E-03 7.390E-02 2.000E+05 0.000E+00 0.000E+00
 3.20346440E-02   4639.1 1.013E+02 3.064E+10 1.275E-03 7.396E-02 2.000E+05 0.000E+00 0.000E+00
 3.78204868E-02   4667.0 1.196E+02 3.627E+10 1.459E-03 7.507E-02 2.000E+05 0.000E+00 0.000E+00
 4.45632576E-02   4695.4 1.409E+02 4.290E+10 1.669E-03 7.602E-02 2.000E+05 0.000E+00 0.000E+00
 5.24171709E-02   4724.4 1.658E+02 5.069E+10 1.912E-03 7.678E-02 2.000E+05 0.000E+00 0.000E+00
 6.15612674E-02   4753.7 1.947E+02 5.985E+10 2.190E-03 7.732E-02 2.000E+05 0.000E+00 0.000E+00
 7.22049405E-02   4783.6 2.283E+02 7.062E+10 2.510E-03 7.763E-02 2.000E+05 0.000E+00 0.000E+00
 8.45730172E-02   4814.0 2.674E+02 8.329E+10 2.884E-03 7.890E-02 2.000E+05 0.000E+00 0.000E+00
 9.89236703E-02   4845.0 3.128E+02 9.822E+10 3.315E-03 8.013E-02 2.000E+05 0.000E+00 0.000E+00
 1.15558262E-01   4876.7 3.654E+02 1.158E+11 3.816E-03 8.228E-02 2.000E+05 0.000E+00 0.000E+00
 1.34823332E-01   4909.3 4.263E+02 1.365E+11 4.394E-03 8.434E-02 2.000E+05 0.000E+00 0.000E+00
 1.57131567E-01   4942.4 4.969E+02 1.610E+11 5.061E-03 8.624E-02 2.000E+05 0.000E+00 0.000E+00
 1.82965968E-01   4976.0 5.786E+02 1.898E+11 5.827E-03 8.805E-02 2.000E+05 0.000E+00 0.000E+00
 2.12893555E-01   5010.0 6.732E+02 2.237E+11 6.707E-03 8.973E-02 2.000E+05 0.000E+00 0.000E+00
 2.47532564E-01   5043.7 7.827E+02 2.634E+11 7.734E-03 9.302E-02 2.000E+05 0.000E+00 0.000E+00
 2.87587111E-01   5078.1 9.094E+02 3.103E+11 8.920E-03 9.663E-02 2.000E+05 0.000E+00 0.000E+00
 3.33891827E-01   5112.9 1.056E+03 3.654E+11 1.029E-02 1.009E-01 2.000E+05 0.000E+00 0.000E+00
 3.87390980E-01   5148.3 1.225E+03 4.305E+11 1.188E-02 1.062E-01 2.000E+05 0.000E+00 0.000E+00
 4.49182835E-01   5184.2 1.420E+03 5.072E+11 1.372E-02 1.119E-01 2.000E+05 0.000E+00 0.000E+00
 5.20564642E-01   5220.7 1.646E+03 5.977E+11 1.583E-02 1.181E-01 2.000E+05 0.000E+00 0.000E+00
 6.03050046E-01   5257.6 1.907E+03 7.044E+11 1.827E-02 1.249E-01 2.000E+05 0.000E+00 0.000E+00
 6.98399955E-01   5294.9 2.208E+03 8.304E+11 2.107E-02 1.326E-01 2.000E+05 0.000E+00 0.000E+00
 8.08656066E-01   5332.7 2.557E+03 9.792E+11 2.430E-02 1.414E-01 2.000E+05 0.000E+00 0.000E+00
 9.36143166E-01   5371.3 2.960E+03 1.156E+12 2.803E-02 1.516E-01 2.000E+05 0.000E+00 0.000E+00
 1.08317666E+00   5411.3 3.425E+03 1.366E+12 3.250E-02 1.664E-01 2.000E+05 0.000E+00 0.000E+00
 1.25190403E+00   5454.6 3.959E+03 1.622E+12 3.784E-02 1.845E-01 2.000E+05 0.000E+00 0.000E+00
 1.44479617E+00   5501.7 4.569E+03 1.938E+12 4.422E-02 2.058E-01 2.000E+05 0.000E+00 0.000E+00
 1.66439103E+00   5553.5 5.263E+03 2.330E+12 5.192E-02 2.313E-01 2.000E+05 0.000E+00 0.000E+00
 1.91299263E+00   5611.3 6.049E+03 2.828E+12 6.137E-02 2.626E-01 2.000E+05 0.000E+00 0.000E+00
 2.19231188E+00   5676.8 6.932E+03 3.474E+12 7.316E-02 3.016E-01 2.000E+05 0.000E+00 0.000E+00
 2.50313170E+00   5751.9 7.915E+03 4.335E+12 8.821E-02 3.515E-01 2.000E+05 2.975E-11 0.000E+00
 2.84321014E+00   5840.8 8.990E+03 5.533E+12 1.088E-01 4.239E-01 2.000E+05 3.832E-10 0.000E+00
 3.20611622E+00   5948.8 1.014E+04 7.286E+12 1.377E-01 5.249E-01 2.000E+05 1.285E-09 0.000E+00
 3.58527960E+00   6073.1 1.134E+04 9.831E+12 1.778E-01 6.765E-01 2.000E+05 3.431E-07 0.000E+00
 3.95868135E+00   6266.3 1.252E+04 1.493E+13 2.547E-01 9.674E-01 2.000E+05 9.948E-05 3.809E+02
 4.28339029E+00   6532.5 1.354E+04 2.532E+13 4.048E-01 1.442E+00 2.000E+05 2.050E-02 1.123E+03
 4.56965813E+00   6739.3 1.445E+04 3.753E+13 5.780E-01 1.822E+00 2.000E+05 8.711E-02 7.422E+02
 4.85645188E+00   6872.4 1.535E+04 4.838E+13 7.302E-01 2.065E+00 2.000E+05 1.524E-01 6.562E+02
 5.15476995E+00   7037.2 1.630E+04 6.506E+13 9.632E-01 2.516E+00 2.000E+05 2.168E-01 2.680E+03
 5.44934407E+00   7236.5 1.723E+04 9.099E+13 1.331E+00 3.231E+00 2.000E+05 2.768E-01 7.697E+03
 5.72744664E+00   7471.2 1.811E+04 1.314E+14 1.921E+00 4.363E+00 2.000E+05 3.246E-01 2.058E+04
 5.97874778E+00   7745.4 1.890E+04 1.952E+14 2.908E+00 6.346E+00 2.000E+05 3.586E-01 5.544E+04
 6.18935148E+00   8094.0 1.956E+04 3.080E+14 4.830E+00 1.000E+01 2.000E+05 3.940E-01 9.965E+04
 6.35945750E+00   8449.5 2.010E+04 4.693E+14 7.949E+00 1.558E+01 2.000E+05 4.294E-01 1.704E+05
 6.48881126E+00   8891.2 2.051E+04 7.474E+14 1.429E+01 2.398E+01 2.000E+05 4.853E-01 3.675E+05
 6.59392611E+00   9215.7 2.084E+04 1.017E+15 2.141E+01 2.216E+01 2.000E+05 6.954E-01 4.239E+05
 6.69497471E+00   9446.6 2.115E+04 1.248E+15 2.808E+01 1.893E+01 2.000E+05 7.991E-01 4.361E+05
 6.79985771E+00   9658.7 2.148E+04 1.490E+15 3.552E+01 1.648E+01 2.000E+05 8.600E-01 4.388E+05
 6.91346940E+00   9835.6 2.184E+04 1.715E+15 4.278E+01 1.495E+01 2.000E+05 8.969E-01 4.452E+05
 7.03881786E+00  10029.7 2.224E+04 1.984E+15 5.184E+01 1.388E+01 2.000E+05 9.212E-01 4.466E+05
 7.17991021E+00  10193.2 2.268E+04 2.233E+15 6.028E+01 1.264E+01 2.000E+05 9.373E-01 4.464E+05
 7.34013311E+00  10388.7 2.318E+04 2.549E+15 7.137E+01 1.221E+01 2.000E+05 9.499E-01 4.512E+05
 7.52366266E+00  10558.3 2.376E+04 2.848E+15 8.190E+01 1.108E+01 2.000E+05 9.595E-01 4.453E+05
 7.73540389E+00  10759.8 2.443E+04 3.218E+15 9.525E+01 1.096E+01 2.000E+05 9.662E-01 4.543E+05
 7.98050473E+00  10952.7 2.520E+04 3.598E+15 1.088E+02 1.086E+01 2.000E+05 9.705E-01 4.548E+05
PRADK 2.3675E+00
BEGIN                    ITERATION  15 COMPLETED
