TEFF  45000.  GRAVITY 5.00000 LTE
TITLE SDSC GRID  [+0.0]   VTURB 2.0 KM/S    L/H 1.25
 OPACITY IFOP 1 1 1 1 1 1 1 1 1 1 1 1 1 0 1 0 0 0 0 0
 CONVECTION OFF  1.00 TURBULENCE OFF  0.00  0.00  0.00  0.00
ABUNDANCE SCALE   1.00000 ABUNDANCE CHANGE 1 0.91100 2 0.08900
 ABUNDANCE CHANGE  3 -10.88  4 -10.89  5  -9.44  6  -3.48  7  -3.99  8  -3.11
 ABUNDANCE CHANGE  9  -7.48 10  -3.95 11  -5.71 12  -4.46 13  -5.57 14  -4.49
 ABUNDANCE CHANGE 15  -6.59 16  -4.83 17  -6.54 18  -5.48 19  -6.82 20  -5.68
 ABUNDANCE CHANGE 21  -8.94 22  -7.05 23  -8.04 24  -6.37 25  -6.65 26  -4.37
 ABUNDANCE CHANGE 27  -7.12 28  -5.79 29  -7.83 30  -7.44 31  -9.16 32  -8.63
 ABUNDANCE CHANGE 33  -9.67 34  -8.69 35  -9.41 36  -8.81 37  -9.44 38  -9.14
 ABUNDANCE CHANGE 39  -9.80 40  -9.54 41 -10.62 42 -10.12 43 -20.00 44 -10.20
 ABUNDANCE CHANGE 45 -10.92 46 -10.35 47 -11.10 48 -10.18 49 -10.58 50 -10.04
 ABUNDANCE CHANGE 51 -11.04 52  -9.80 53 -10.53 54  -9.81 55 -10.92 56  -9.91
 ABUNDANCE CHANGE 57 -10.82 58 -10.49 59 -11.33 60 -10.54 61 -20.00 62 -11.04
 ABUNDANCE CHANGE 63 -11.53 64 -10.92 65 -11.94 66 -10.94 67 -11.78 68 -11.11
 ABUNDANCE CHANGE 69 -12.04 70 -10.96 71 -11.28 72 -11.16 73 -11.91 74 -10.93
 ABUNDANCE CHANGE 75 -11.77 76 -10.59 77 -10.69 78 -10.24 79 -11.03 80 -10.95
 ABUNDANCE CHANGE 81 -11.14 82 -10.19 83 -11.33 84 -20.00 85 -20.00 86 -20.00
 ABUNDANCE CHANGE 87 -20.00 88 -20.00 89 -20.00 90 -11.92 91 -20.00 92 -12.51
 ABUNDANCE CHANGE 93 -20.00 94 -20.00 95 -20.00 96 -20.00 97 -20.00 98 -20.00
 ABUNDANCE CHANGE 99 -20.00
READ DECK6 64 RHOX,T,P,XNE,ABROSS,ACCRAD,VTURB
 4.86079567E-06  22605.5 2.853E-01 4.597E+10 3.654E-01 4.131E+04 2.000E+05
 4.86684563E-06  24153.3 2.857E-01 4.375E+10 3.654E-01 3.509E+04 2.000E+05
 6.48504359E-06  24387.1 3.908E-01 5.925E+10 3.676E-01 3.497E+04 2.000E+05
 8.62767180E-06  24664.9 5.302E-01 7.950E+10 3.706E-01 3.486E+04 2.000E+05
 1.14592713E-05  24964.9 7.140E-01 1.058E+11 3.743E-01 3.539E+04 2.000E+05
 1.51971624E-05  25299.8 9.566E-01 1.400E+11 3.781E-01 3.454E+04 2.000E+05
 2.01349683E-05  25654.4 1.288E+00 1.861E+11 3.814E-01 3.115E+04 2.000E+05
 2.66601206E-05  25994.6 1.746E+00 2.490E+11 3.851E-01 2.870E+04 2.000E+05
 3.52750666E-05  26335.3 2.369E+00 3.336E+11 3.891E-01 2.690E+04 2.000E+05
 4.66360057E-05  26685.2 3.208E+00 4.460E+11 3.937E-01 2.548E+04 2.000E+05
 6.16011436E-05  27043.3 4.334E+00 5.948E+11 3.988E-01 2.418E+04 2.000E+05
 8.12803882E-05  27417.2 5.835E+00 7.905E+11 4.049E-01 2.328E+04 2.000E+05
 1.07097177E-04  27819.3 7.824E+00 1.045E+12 4.120E-01 2.263E+04 2.000E+05
 1.40883406E-04  28257.0 1.045E+01 1.376E+12 4.203E-01 2.183E+04 2.000E+05
 1.85067869E-04  28703.4 1.396E+01 1.811E+12 4.284E-01 1.949E+04 2.000E+05
 2.42809874E-04  29113.8 1.866E+01 2.388E+12 4.376E-01 1.785E+04 2.000E+05
 3.18111348E-04  29502.6 2.489E+01 3.144E+12 4.480E-01 1.669E+04 2.000E+05
 4.16096984E-04  29880.8 3.310E+01 4.129E+12 4.596E-01 1.582E+04 2.000E+05
 5.43290552E-04  30255.9 4.386E+01 5.404E+12 4.728E-01 1.504E+04 2.000E+05
 7.07886309E-04  30625.9 5.790E+01 7.046E+12 4.880E-01 1.449E+04 2.000E+05
 9.20128872E-04  30993.4 7.608E+01 9.150E+12 5.055E-01 1.417E+04 2.000E+05
 1.19282053E-03  31361.7 9.950E+01 1.183E+13 5.256E-01 1.406E+04 2.000E+05
 1.54191445E-03  31739.8 1.295E+02 1.521E+13 5.484E-01 1.392E+04 2.000E+05
 1.98748053E-03  32124.6 1.679E+02 1.949E+13 5.737E-01 1.369E+04 2.000E+05
 2.55466846E-03  32515.4 2.169E+02 2.487E+13 6.018E-01 1.353E+04 2.000E+05
 3.27466876E-03  32914.2 2.792E+02 3.163E+13 6.330E-01 1.340E+04 2.000E+05
 4.18618264E-03  33318.6 3.582E+02 4.009E+13 6.677E-01 1.327E+04 2.000E+05
 5.33648889E-03  33723.5 4.581E+02 5.065E+13 7.068E-01 1.321E+04 2.000E+05
 6.78271209E-03  34125.7 5.835E+02 6.376E+13 7.510E-01 1.329E+04 2.000E+05
 8.59412618E-03  34527.4 7.404E+02 7.997E+13 8.010E-01 1.349E+04 2.000E+05
 1.08549037E-02  34931.2 9.356E+02 9.989E+13 8.573E-01 1.383E+04 2.000E+05
 1.36657731E-02  35342.5 1.177E+03 1.242E+14 9.213E-01 1.426E+04 2.000E+05
 1.71472960E-02  35762.7 1.475E+03 1.538E+14 9.935E-01 1.472E+04 2.000E+05
 2.14475873E-02  36190.1 1.841E+03 1.897E+14 1.074E+00 1.524E+04 2.000E+05
 2.67485485E-02  36628.4 2.288E+03 2.331E+14 1.162E+00 1.589E+04 2.000E+05
 3.32723523E-02  37086.3 2.834E+03 2.852E+14 1.260E+00 1.664E+04 2.000E+05
 4.12897496E-02  37576.3 3.499E+03 3.476E+14 1.369E+00 1.748E+04 2.000E+05
 5.11275866E-02  38110.2 4.306E+03 4.220E+14 1.488E+00 1.838E+04 2.000E+05
 6.31904117E-02  38702.1 5.285E+03 5.103E+14 1.618E+00 1.934E+04 2.000E+05
 7.79912931E-02  39370.2 6.472E+03 6.148E+14 1.758E+00 2.029E+04 2.000E+05
 9.61795223E-02  40130.1 7.913E+03 7.382E+14 1.906E+00 2.118E+04 2.000E+05
 1.18593413E-01  40993.2 9.671E+03 8.841E+14 2.058E+00 2.193E+04 2.000E+05
 1.46313528E-01  41975.7 1.182E+04 1.057E+15 2.215E+00 2.258E+04 2.000E+05
 1.80782444E-01  43097.4 1.448E+04 1.262E+15 2.367E+00 2.308E+04 2.000E+05
 2.23995013E-01  44381.1 1.780E+04 1.508E+15 2.507E+00 2.341E+04 2.000E+05
 2.78658080E-01  45835.8 2.198E+04 1.805E+15 2.631E+00 2.353E+04 2.000E+05
 3.48441716E-01  47485.4 2.732E+04 2.167E+15 2.736E+00 2.350E+04 2.000E+05
 4.38332217E-01  49353.7 3.420E+04 2.611E+15 2.819E+00 2.342E+04 2.000E+05
 5.55741265E-01  51481.5 4.321E+04 3.165E+15 2.854E+00 2.304E+04 2.000E+05
 7.11496710E-01  53875.2 5.524E+04 3.867E+15 2.851E+00 2.255E+04 2.000E+05
 9.20949096E-01  56617.4 7.152E+04 4.764E+15 2.808E+00 2.202E+04 2.000E+05
 1.20730171E+00  59717.4 9.397E+04 5.936E+15 2.716E+00 2.116E+04 2.000E+05
 1.60388762E+00  63236.4 1.254E+05 7.481E+15 2.607E+00 2.035E+04 2.000E+05
 2.15503217E+00  67173.8 1.695E+05 9.522E+15 2.502E+00 1.952E+04 2.000E+05
 2.92360185E+00  71565.5 2.318E+05 1.222E+16 2.386E+00 1.859E+04 2.000E+05
 3.99203383E+00  76356.8 3.192E+05 1.577E+16 2.305E+00 1.791E+04 2.000E+05
 5.45505194E+00  81614.6 4.396E+05 2.032E+16 2.260E+00 1.751E+04 2.000E+05
 7.43414142E+00  87300.1 6.031E+05 2.606E+16 2.239E+00 1.732E+04 2.000E+05
 1.00840787E+01  93506.9 8.223E+05 3.318E+16 2.240E+00 1.725E+04 2.000E+05
 1.35992578E+01 100195.7 1.113E+06 4.190E+16 2.260E+00 1.740E+04 2.000E+05
 1.82393936E+01 107485.2 1.496E+06 5.250E+16 2.286E+00 1.752E+04 2.000E+05
 2.43516144E+01 115314.3 1.999E+06 6.541E+16 2.315E+00 1.777E+04 2.000E+05
 3.24272412E+01 123848.5 2.663E+06 8.111E+16 2.330E+00 1.784E+04 2.000E+05
 4.30726949E+01 132964.0 3.540E+06 1.004E+17 2.369E+00 1.740E+04 2.000E+05
PRADK 7.4828E+03
BEGIN                    ITERATION  10 COMPLETED
