EFF  33000.  GRAVITY 4.50000 LTE
ITLE SDSC GRID  [-3.5]   VTURB 2.0 KM/S
OPACITY IFOP 1 1 1 1 1 1 1 1 1 1 1 1 1 0 1 0 0 0 0 0
CONVECTION OFF  1.00 TURBULENCE OFF  0.00  0.00  0.00  0.00
BUNDANCE SCALE  .0003162 ABUNDANCE CHANGE 1 0.91100 2 0.08900
ABUNDANCE CHANGE  3 -10.88  4 -10.89  5  -9.44  6  -3.48  7  -3.99  8  -3.11
ABUNDANCE CHANGE  9  -7.48 10  -3.95 11  -5.71 12  -4.46 13  -5.57 14  -4.49
ABUNDANCE CHANGE 15  -6.59 16  -4.83 17  -6.54 18  -5.48 19  -6.82 20  -5.68
ABUNDANCE CHANGE 21  -8.94 22  -7.05 23  -8.04 24  -6.37 25  -6.65 26  -4.37
ABUNDANCE CHANGE 27  -7.12 28  -5.79 29  -7.83 30  -7.44 31  -9.16 32  -8.63
ABUNDANCE CHANGE 33  -9.67 34  -8.69 35  -9.41 36  -8.81 37  -9.44 38  -9.14
ABUNDANCE CHANGE 39  -9.80 40  -9.54 41 -10.62 42 -10.12 43 -20.00 44 -10.20
ABUNDANCE CHANGE 45 -10.92 46 -10.35 47 -11.10 48 -10.18 49 -10.58 50 -10.04
ABUNDANCE CHANGE 51 -11.04 52  -9.80 53 -10.53 54  -9.81 55 -10.92 56  -9.91
ABUNDANCE CHANGE 57 -10.82 58 -10.49 59 -11.33 60 -10.54 61 -20.00 62 -11.04
ABUNDANCE CHANGE 63 -11.53 64 -10.92 65 -11.94 66 -10.94 67 -11.78 68 -11.11
ABUNDANCE CHANGE 69 -12.04 70 -10.96 71 -11.28 72 -11.16 73 -11.91 74 -10.93
ABUNDANCE CHANGE 75 -11.77 76 -10.59 77 -10.69 78 -10.24 79 -11.03 80 -10.95
ABUNDANCE CHANGE 81 -11.14 82 -10.19 83 -11.33 84 -20.00 85 -20.00 86 -20.00
ABUNDANCE CHANGE 87 -20.00 88 -20.00 89 -20.00 90 -11.92 91 -20.00 92 -12.51
ABUNDANCE CHANGE 93 -20.00 94 -20.00 95 -20.00 96 -20.00 97 -20.00 98 -20.00
ABUNDANCE CHANGE 99 -20.00
EAD DECK6 64 RHOX,T,P,XNE,ABROSS,ACCRAD,VTURB
4.71441453E-06  21257.7 1.457E-01 2.486E+10 3.187E-01 7.214E+02 2.000E+05
5.56607789E-06  21320.9 1.720E-01 2.927E+10 3.187E-01 7.213E+02 2.000E+05
7.42278320E-06  21321.9 2.294E-01 3.901E+10 3.191E-01 7.219E+02 2.000E+05
9.89743077E-06  21322.9 3.059E-01 5.200E+10 3.197E-01 7.229E+02 2.000E+05
1.31921387E-05  21350.2 4.077E-01 6.920E+10 3.205E-01 7.242E+02 2.000E+05
1.75726426E-05  21396.4 5.431E-01 9.196E+10 3.216E-01 7.259E+02 2.000E+05
2.33906652E-05  21420.5 7.228E-01 1.222E+11 3.230E-01 7.283E+02 2.000E+05
3.11140740E-05  21470.9 9.614E-01 1.622E+11 3.247E-01 7.313E+02 2.000E+05
4.13546574E-05  21506.1 1.278E+00 2.152E+11 3.267E-01 7.351E+02 2.000E+05
5.49150434E-05  21552.9 1.697E+00 2.851E+11 3.292E-01 7.400E+02 2.000E+05
7.28482045E-05  21595.2 2.250E+00 3.774E+11 3.322E-01 7.463E+02 2.000E+05
9.65353157E-05  21640.2 2.982E+00 4.989E+11 3.356E-01 7.544E+02 2.000E+05
1.27774230E-04  21682.4 3.946E+00 6.590E+11 3.395E-01 7.649E+02 2.000E+05
1.68919721E-04  21720.9 5.215E+00 8.694E+11 3.440E-01 7.784E+02 2.000E+05
2.23050325E-04  21765.1 6.884E+00 1.145E+12 3.489E-01 7.955E+02 2.000E+05
2.94174196E-04  21805.2 9.076E+00 1.507E+12 3.543E-01 8.175E+02 2.000E+05
3.87506389E-04  21850.6 1.195E+01 1.980E+12 3.603E-01 8.453E+02 2.000E+05
5.09806578E-04  21900.0 1.571E+01 2.597E+12 3.669E-01 8.804E+02 2.000E+05
6.69831638E-04  21957.7 2.063E+01 3.401E+12 3.742E-01 9.239E+02 2.000E+05
8.78854276E-04  22027.7 2.704E+01 4.444E+12 3.824E-01 9.769E+02 2.000E+05
1.15129501E-03  22113.1 3.538E+01 5.792E+12 3.917E-01 1.040E+03 2.000E+05
1.50546580E-03  22217.8 4.620E+01 7.527E+12 4.023E-01 1.113E+03 2.000E+05
1.96452544E-03  22340.5 6.018E+01 9.751E+12 4.146E-01 1.196E+03 2.000E+05
2.55758500E-03  22479.9 7.820E+01 1.259E+13 4.286E-01 1.288E+03 2.000E+05
3.32100170E-03  22629.0 1.013E+02 1.621E+13 4.449E-01 1.392E+03 2.000E+05
4.29976252E-03  22780.9 1.308E+02 2.079E+13 4.637E-01 1.512E+03 2.000E+05
5.54920412E-03  22931.1 1.684E+02 2.657E+13 4.854E-01 1.656E+03 2.000E+05
7.13711093E-03  23081.5 2.158E+02 3.384E+13 5.104E-01 1.831E+03 2.000E+05
9.14622419E-03  23243.0 2.755E+02 4.289E+13 5.390E-01 2.039E+03 2.000E+05
1.16777826E-02  23431.7 3.501E+02 5.406E+13 5.715E-01 2.271E+03 2.000E+05
1.48559885E-02  23657.7 4.429E+02 6.775E+13 6.080E-01 2.518E+03 2.000E+05
1.88336796E-02  23924.4 5.582E+02 8.442E+13 6.487E-01 2.775E+03 2.000E+05
2.37997552E-02  24239.3 7.008E+02 1.046E+14 6.936E-01 3.035E+03 2.000E+05
2.99880835E-02  24606.6 8.769E+02 1.289E+14 7.428E-01 3.292E+03 2.000E+05
3.76882051E-02  25032.2 1.094E+03 1.581E+14 7.966E-01 3.536E+03 2.000E+05
4.72550693E-02  25518.3 1.362E+03 1.930E+14 8.556E-01 3.767E+03 2.000E+05
5.91250918E-02  26066.8 1.691E+03 2.347E+14 9.201E-01 3.986E+03 2.000E+05
7.38378396E-02  26680.1 2.096E+03 2.842E+14 9.903E-01 4.196E+03 2.000E+05
9.20568384E-02  27362.7 2.594E+03 3.429E+14 1.067E+00 4.399E+03 2.000E+05
1.14596819E-01  28119.1 3.205E+03 4.123E+14 1.151E+00 4.601E+03 2.000E+05
1.42432582E-01  28956.4 3.954E+03 4.941E+14 1.244E+00 4.808E+03 2.000E+05
1.76743330E-01  29880.5 4.870E+03 5.899E+14 1.347E+00 5.019E+03 2.000E+05
2.18970768E-01  30899.5 5.989E+03 7.018E+14 1.461E+00 5.234E+03 2.000E+05
2.70809258E-01  32017.7 7.351E+03 8.320E+14 1.589E+00 5.453E+03 2.000E+05
3.34168150E-01  33244.4 9.002E+03 9.827E+14 1.739E+00 5.689E+03 2.000E+05
4.11162978E-01  34576.3 1.099E+04 1.156E+15 1.914E+00 5.937E+03 2.000E+05
5.04151991E-01  36009.5 1.336E+04 1.356E+15 2.119E+00 6.192E+03 2.000E+05
6.16042936E-01  37535.5 1.620E+04 1.585E+15 2.348E+00 6.400E+03 2.000E+05
7.51271737E-01  39128.6 1.960E+04 1.851E+15 2.575E+00 6.545E+03 2.000E+05
9.17718368E-01  40836.6 2.377E+04 2.164E+15 2.753E+00 6.550E+03 2.000E+05
1.12876984E+00  42670.5 2.907E+04 2.545E+15 2.850E+00 6.466E+03 2.000E+05
1.40577527E+00  44731.3 3.606E+04 3.022E+15 2.848E+00 6.316E+03 2.000E+05
1.78171652E+00  47083.9 4.561E+04 3.641E+15 2.761E+00 6.093E+03 2.000E+05
2.30323067E+00  49766.9 5.900E+04 4.462E+15 2.632E+00 5.840E+03 2.000E+05
3.03786565E+00  52829.1 7.805E+04 5.565E+15 2.480E+00 5.551E+03 2.000E+05
4.08054258E+00  56273.4 1.054E+05 7.059E+15 2.327E+00 5.224E+03 2.000E+05
5.55967688E+00  60055.7 1.447E+05 9.082E+15 2.193E+00 4.920E+03 2.000E+05
7.64758987E+00  64220.6 2.008E+05 1.179E+16 2.077E+00 4.645E+03 2.000E+05
1.05706923E+01  68708.6 2.799E+05 1.536E+16 1.990E+00 4.441E+03 2.000E+05
1.46238628E+01  73636.4 3.905E+05 1.999E+16 1.920E+00 4.273E+03 2.000E+05
2.01789648E+01  78904.8 5.428E+05 2.594E+16 1.881E+00 4.154E+03 2.000E+05
2.77089441E+01  84649.5 7.499E+05 3.340E+16 1.861E+00 4.080E+03 2.000E+05
3.77752299E+01  90815.8 1.027E+06 4.265E+16 1.865E+00 4.035E+03 2.000E+05
5.10993374E+01  97482.1 1.395E+06 5.397E+16 1.891E+00 3.973E+03 2.000E+05
RADK 2.2326E+03
EGIN                    ITERATION   9 COMPLETED
