TEFF   4000.  GRAVITY 4.50000 LTE
TITLE SDSC GRID  [+1.0]   VTURB 2.0 KM/S    L/H 1.25
 OPACITY IFOP 1 1 1 1 1 1 1 1 1 1 1 1 1 0 1 0 0 0 0 0
 CONVECTION ON   1.25 TURBULENCE OFF  0.00  0.00  0.00  0.00
ABUNDANCE SCALE  10.00000 ABUNDANCE CHANGE 1 0.91100 2 0.08900
 ABUNDANCE CHANGE  3 -10.88  4 -10.89  5  -9.44  6  -3.48  7  -3.99  8  -3.11
 ABUNDANCE CHANGE  9  -7.48 10  -3.95 11  -5.71 12  -4.46 13  -5.57 14  -4.49
 ABUNDANCE CHANGE 15  -6.59 16  -4.83 17  -6.54 18  -5.48 19  -6.82 20  -5.68
 ABUNDANCE CHANGE 21  -8.94 22  -7.05 23  -8.04 24  -6.37 25  -6.65 26  -4.37
 ABUNDANCE CHANGE 27  -7.12 28  -5.79 29  -7.83 30  -7.44 31  -9.16 32  -8.63
 ABUNDANCE CHANGE 33  -9.67 34  -8.69 35  -9.41 36  -8.81 37  -9.44 38  -9.14
 ABUNDANCE CHANGE 39  -9.80 40  -9.54 41 -10.62 42 -10.12 43 -20.00 44 -10.20
 ABUNDANCE CHANGE 45 -10.92 46 -10.35 47 -11.10 48 -10.18 49 -10.58 50 -10.04
 ABUNDANCE CHANGE 51 -11.04 52  -9.80 53 -10.53 54  -9.81 55 -10.92 56  -9.91
 ABUNDANCE CHANGE 57 -10.82 58 -10.49 59 -11.33 60 -10.54 61 -20.00 62 -11.04
 ABUNDANCE CHANGE 63 -11.53 64 -10.92 65 -11.94 66 -10.94 67 -11.78 68 -11.11
 ABUNDANCE CHANGE 69 -12.04 70 -10.96 71 -11.28 72 -11.16 73 -11.91 74 -10.93
 ABUNDANCE CHANGE 75 -11.77 76 -10.59 77 -10.69 78 -10.24 79 -11.03 80 -10.95
 ABUNDANCE CHANGE 81 -11.14 82 -10.19 83 -11.33 84 -20.00 85 -20.00 86 -20.00
 ABUNDANCE CHANGE 87 -20.00 88 -20.00 89 -20.00 90 -11.92 91 -20.00 92 -12.51
 ABUNDANCE CHANGE 93 -20.00 94 -20.00 95 -20.00 96 -20.00 97 -20.00 98 -20.00
 ABUNDANCE CHANGE 99 -20.00
READ DECK6 72 RHOX,T,P,XNE,ABROSS,ACCRAD,VTURB
 6.08568076E-04   2748.6 1.924E+01 2.466E+09 2.191E-04 1.158E-01 2.000E+05 0.000E+00 0.000E+00
 7.94622062E-04   2775.7 2.513E+01 3.200E+09 2.590E-04 1.121E-01 2.000E+05 0.000E+00 0.000E+00
 1.00613455E-03   2798.5 3.182E+01 4.021E+09 3.018E-04 1.091E-01 2.000E+05 0.000E+00 0.000E+00
 1.24970180E-03   2817.7 3.952E+01 4.941E+09 3.476E-04 1.052E-01 2.000E+05 0.000E+00 0.000E+00
 1.53165701E-03   2837.4 4.844E+01 6.010E+09 4.005E-04 1.021E-01 2.000E+05 0.000E+00 0.000E+00
 1.85796765E-03   2857.0 5.875E+01 7.248E+09 4.615E-04 9.994E-02 2.000E+05 0.000E+00 0.000E+00
 2.23564803E-03   2876.4 7.070E+01 8.680E+09 5.316E-04 9.867E-02 2.000E+05 0.000E+00 0.000E+00
 2.67349237E-03   2894.4 8.454E+01 1.031E+10 6.104E-04 9.706E-02 2.000E+05 0.000E+00 0.000E+00
 3.18279304E-03   2911.3 1.006E+02 1.218E+10 6.987E-04 9.515E-02 2.000E+05 0.000E+00 0.000E+00
 3.77786201E-03   2926.2 1.195E+02 1.430E+10 7.957E-04 9.236E-02 2.000E+05 0.000E+00 0.000E+00
 4.47422274E-03   2941.3 1.415E+02 1.676E+10 9.073E-04 9.053E-02 2.000E+05 0.000E+00 0.000E+00
 5.28833288E-03   2956.2 1.672E+02 1.961E+10 1.035E-03 8.960E-02 2.000E+05 0.000E+00 0.000E+00
 6.23956751E-03   2971.0 1.973E+02 2.289E+10 1.182E-03 8.952E-02 2.000E+05 0.000E+00 0.000E+00
 7.35046952E-03   2985.8 2.324E+02 2.668E+10 1.350E-03 9.030E-02 2.000E+05 0.000E+00 0.000E+00
 8.64727764E-03   3000.5 2.734E+02 3.105E+10 1.542E-03 9.194E-02 2.000E+05 0.000E+00 0.000E+00
 1.01603125E-02   3015.3 3.213E+02 3.611E+10 1.763E-03 9.401E-02 2.000E+05 0.000E+00 0.000E+00
 1.19297757E-02   3028.0 3.773E+02 4.180E+10 2.006E-03 9.389E-02 2.000E+05 0.000E+00 0.000E+00
 1.40031746E-02   3040.7 4.428E+02 4.836E+10 2.283E-03 9.396E-02 2.000E+05 0.000E+00 0.000E+00
 1.64307509E-02   3053.6 5.196E+02 5.595E+10 2.602E-03 9.466E-02 2.000E+05 0.000E+00 0.000E+00
 1.92710252E-02   3066.7 6.094E+02 6.472E+10 2.966E-03 9.600E-02 2.000E+05 0.000E+00 0.000E+00
 2.25921302E-02   3080.0 7.144E+02 7.484E+10 3.384E-03 9.799E-02 2.000E+05 0.000E+00 0.000E+00
 2.64732792E-02   3093.7 8.372E+02 8.654E+10 3.863E-03 1.007E-01 2.000E+05 0.000E+00 0.000E+00
 3.10040970E-02   3108.0 9.804E+02 1.001E+11 4.415E-03 1.039E-01 2.000E+05 0.000E+00 0.000E+00
 3.62984184E-02   3121.3 1.148E+03 1.156E+11 5.032E-03 1.054E-01 2.000E+05 0.000E+00 0.000E+00
 4.24870502E-02   3135.3 1.344E+03 1.335E+11 5.746E-03 1.072E-01 2.000E+05 0.000E+00 0.000E+00
 4.97077225E-02   3150.0 1.572E+03 1.544E+11 6.573E-03 1.098E-01 2.000E+05 0.000E+00 0.000E+00
 5.81177450E-02   3165.6 1.838E+03 1.785E+11 7.531E-03 1.125E-01 2.000E+05 0.000E+00 0.000E+00
 6.79093171E-02   3181.4 2.147E+03 2.064E+11 8.623E-03 1.137E-01 2.000E+05 0.000E+00 0.000E+00
 7.93017581E-02   3198.2 2.508E+03 2.389E+11 9.892E-03 1.153E-01 2.000E+05 0.000E+00 0.000E+00
 9.25338020E-02   3216.3 2.926E+03 2.768E+11 1.137E-02 1.171E-01 2.000E+05 0.000E+00 0.000E+00
 1.07887002E-01   3235.2 3.412E+03 3.208E+11 1.306E-02 1.176E-01 2.000E+05 0.000E+00 0.000E+00
 1.25693247E-01   3254.9 3.975E+03 3.719E+11 1.503E-02 1.170E-01 2.000E+05 0.000E+00 0.000E+00
 1.46315182E-01   3275.9 4.627E+03 4.316E+11 1.732E-02 1.173E-01 2.000E+05 0.000E+00 0.000E+00
 1.70142499E-01   3298.2 5.380E+03 5.015E+11 2.001E-02 1.185E-01 2.000E+05 0.000E+00 0.000E+00
 1.97624661E-01   3321.7 6.249E+03 5.828E+11 2.315E-02 1.190E-01 2.000E+05 0.000E+00 0.000E+00
 2.29305005E-01   3346.0 7.251E+03 6.774E+11 2.678E-02 1.186E-01 2.000E+05 0.000E+00 0.000E+00
 2.65798635E-01   3371.7 8.405E+03 7.882E+11 3.103E-02 1.189E-01 2.000E+05 0.000E+00 0.000E+00
 3.07763786E-01   3398.9 9.732E+03 9.181E+11 3.600E-02 1.200E-01 2.000E+05 0.000E+00 0.000E+00
 3.56030780E-01   3427.3 1.126E+04 1.070E+12 4.171E-02 1.196E-01 2.000E+05 0.000E+00 0.000E+00
 4.11535999E-01   3457.3 1.301E+04 1.249E+12 4.842E-02 1.200E-01 2.000E+05 0.000E+00 0.000E+00
 4.75293491E-01   3488.2 1.503E+04 1.458E+12 5.622E-02 1.202E-01 2.000E+05 0.000E+00 0.000E+00
 5.48495724E-01   3520.6 1.734E+04 1.705E+12 6.533E-02 1.209E-01 2.000E+05 0.000E+00 0.000E+00
 6.32424780E-01   3555.0 2.000E+04 1.997E+12 7.606E-02 1.230E-01 2.000E+05 0.000E+00 0.000E+00
 7.28448961E-01   3591.8 2.304E+04 2.345E+12 8.875E-02 1.264E-01 2.000E+05 0.000E+00 0.000E+00
 8.37990921E-01   3631.8 2.650E+04 2.763E+12 1.039E-01 1.312E-01 2.000E+05 0.000E+00 0.000E+00
 9.62663556E-01   3674.3 3.044E+04 3.265E+12 1.218E-01 1.362E-01 2.000E+05 0.000E+00 0.000E+00
 1.10446118E+00   3720.4 3.493E+04 3.874E+12 1.429E-01 1.419E-01 2.000E+05 0.000E+00 0.000E+00
 1.26538900E+00   3771.1 4.001E+04 4.627E+12 1.683E-01 1.497E-01 2.000E+05 0.000E+00 0.000E+00
 1.44693440E+00   3827.8 4.576E+04 5.572E+12 1.997E-01 1.610E-01 2.000E+05 0.000E+00 0.000E+00
 1.64998964E+00   3891.9 5.218E+04 6.780E+12 2.392E-01 1.761E-01 2.000E+05 5.240E-07 0.000E+00
 1.87516007E+00   3964.3 5.930E+04 8.353E+12 2.890E-01 1.963E-01 2.000E+05 5.075E-06 0.000E+00
 2.12081648E+00   4051.1 6.707E+04 1.052E+13 3.573E-01 2.257E-01 2.000E+05 4.452E-05 0.000E+00
 2.38437203E+00   4148.2 7.540E+04 1.345E+13 4.468E-01 2.657E-01 2.000E+05 5.729E-04 0.000E+00
 2.66023180E+00   4268.8 8.412E+04 1.782E+13 5.794E-01 3.237E-01 2.000E+05 5.026E-03 4.368E+03
 2.94260243E+00   4400.1 9.305E+04 2.384E+13 7.563E-01 3.927E-01 2.000E+05 1.766E-02 6.309E+03
 3.23163548E+00   4537.7 1.022E+05 3.182E+13 9.845E-01 4.815E-01 2.000E+05 3.618E-02 1.337E+04
 3.52526356E+00   4699.4 1.115E+05 4.332E+13 1.300E+00 6.018E-01 2.000E+05 5.617E-02 2.525E+04
 3.82387631E+00   4872.6 1.209E+05 5.843E+13 1.693E+00 7.559E-01 2.000E+05 7.448E-02 4.520E+04
 4.12820442E+00   5086.5 1.305E+05 7.999E+13 2.207E+00 9.500E-01 2.000E+05 8.944E-02 6.462E+04
 4.44715941E+00   5316.9 1.406E+05 1.061E+14 2.753E+00 1.120E+00 2.000E+05 1.364E-01 7.491E+04
 4.79689873E+00   5566.9 1.517E+05 1.360E+14 3.262E+00 1.274E+00 2.000E+05 1.761E-01 8.177E+04
 5.19859059E+00   5853.7 1.644E+05 1.702E+14 3.718E+00 1.428E+00 2.000E+05 1.927E-01 8.492E+04
 5.67891056E+00   6179.1 1.796E+05 2.099E+14 4.091E+00 1.525E+00 2.000E+05 2.068E-01 8.358E+04
 6.25675289E+00   6530.9 1.979E+05 2.651E+14 4.578E+00 1.570E+00 2.000E+05 2.825E-01 7.723E+04
 6.92053894E+00   6882.4 2.188E+05 3.579E+14 5.563E+00 1.685E+00 2.000E+05 3.703E-01 8.253E+04
 7.61739396E+00   7237.8 2.409E+05 5.205E+14 7.348E+00 1.912E+00 2.000E+05 4.558E-01 1.001E+05
 8.30324391E+00   7579.4 2.626E+05 7.756E+14 1.012E+01 2.067E+00 2.000E+05 5.716E-01 1.103E+05
 8.96755683E+00   7877.4 2.836E+05 1.112E+15 1.385E+01 2.128E+00 2.000E+05 6.888E-01 1.145E+05
 9.62332254E+00   8148.7 3.043E+05 1.540E+15 1.845E+01 2.082E+00 2.000E+05 7.635E-01 1.133E+05
 1.02906540E+01   8382.6 3.254E+05 2.035E+15 2.385E+01 2.037E+00 2.000E+05 8.266E-01 1.136E+05
 1.09802870E+01   8614.3 3.472E+05 2.660E+15 3.058E+01 1.955E+00 2.000E+05 8.667E-01 1.105E+05
 1.17110080E+01   8811.6 3.703E+05 3.336E+15 3.787E+01 1.961E+00 2.000E+05 8.916E-01 1.086E+05
PRADK 3.3925E-01
BEGIN                    ITERATION  15 COMPLETED
