TEFF  12000.  GRAVITY 4.50000 LTE 
TITLE SDSC GRID  [-0.1]   VTURB 2.0 KM/S                                        
 OPACITY IFOP 1 1 1 1 1 1 1 1 1 1 1 1 1 0 1 0 0 0 0 0
 CONVECTION OFF  1.00 TURBULENCE OFF  0.00  0.00  0.00  0.00
ABUNDANCE SCALE   0.79430 ABUNDANCE CHANGE 1 0.91100 2 0.08900
 ABUNDANCE CHANGE  3 -10.88  4 -10.89  5  -9.44  6  -3.48  7  -3.99  8  -3.11
 ABUNDANCE CHANGE  9  -7.48 10  -3.95 11  -5.71 12  -4.46 13  -5.57 14  -4.49
 ABUNDANCE CHANGE 15  -6.59 16  -4.83 17  -6.54 18  -5.48 19  -6.82 20  -5.68
 ABUNDANCE CHANGE 21  -8.94 22  -7.05 23  -8.04 24  -6.37 25  -6.65 26  -4.37
 ABUNDANCE CHANGE 27  -7.12 28  -5.79 29  -7.83 30  -7.44 31  -9.16 32  -8.63
 ABUNDANCE CHANGE 33  -9.67 34  -8.69 35  -9.41 36  -8.81 37  -9.44 38  -9.14
 ABUNDANCE CHANGE 39  -9.80 40  -9.54 41 -10.62 42 -10.12 43 -20.00 44 -10.20
 ABUNDANCE CHANGE 45 -10.92 46 -10.35 47 -11.10 48 -10.18 49 -10.58 50 -10.04
 ABUNDANCE CHANGE 51 -11.04 52  -9.80 53 -10.53 54  -9.81 55 -10.92 56  -9.91
 ABUNDANCE CHANGE 57 -10.82 58 -10.49 59 -11.33 60 -10.54 61 -20.00 62 -11.04
 ABUNDANCE CHANGE 63 -11.53 64 -10.92 65 -11.94 66 -10.94 67 -11.78 68 -11.11
 ABUNDANCE CHANGE 69 -12.04 70 -10.96 71 -11.28 72 -11.16 73 -11.91 74 -10.93
 ABUNDANCE CHANGE 75 -11.77 76 -10.59 77 -10.69 78 -10.24 79 -11.03 80 -10.95
 ABUNDANCE CHANGE 81 -11.14 82 -10.19 83 -11.33 84 -20.00 85 -20.00 86 -20.00
 ABUNDANCE CHANGE 87 -20.00 88 -20.00 89 -20.00 90 -11.92 91 -20.00 92 -12.51
 ABUNDANCE CHANGE 93 -20.00 94 -20.00 95 -20.00 96 -20.00 97 -20.00 98 -20.00
 ABUNDANCE CHANGE 99 -20.00
READ DECK6 64 RHOX,T,P,XNE,ABROSS,ACCRAD,VTURB
 5.41434354E-06   6988.7 1.703E-01 7.191E+10 3.271E-01 1.749E+02 2.000E+05
 5.43657353E-06   7261.3 1.710E-01 7.579E+10 3.271E-01 1.590E+02 2.000E+05
 7.22662684E-06   7313.9 2.273E-01 9.931E+10 3.351E-01 1.588E+02 2.000E+05
 9.54939651E-06   7374.9 3.004E-01 1.294E+11 3.458E-01 1.593E+02 2.000E+05
 1.25424080E-05   7439.5 3.945E-01 1.677E+11 3.588E-01 1.576E+02 2.000E+05
 1.63778787E-05   7507.3 5.152E-01 2.161E+11 3.744E-01 1.557E+02 2.000E+05
 2.12637379E-05   7576.7 6.690E-01 2.769E+11 3.931E-01 1.545E+02 2.000E+05
 2.74546867E-05   7648.2 8.638E-01 3.531E+11 4.146E-01 1.506E+02 2.000E+05
 3.52616438E-05   7719.7 1.110E+00 4.479E+11 4.395E-01 1.473E+02 2.000E+05
 4.50585672E-05   7791.3 1.418E+00 5.654E+11 4.681E-01 1.440E+02 2.000E+05
 5.72905401E-05   7862.1 1.803E+00 7.102E+11 5.012E-01 1.425E+02 2.000E+05
 7.24806533E-05   7933.1 2.281E+00 8.877E+11 5.397E-01 1.424E+02 2.000E+05
 9.12386787E-05   8005.0 2.872E+00 1.104E+12 5.844E-01 1.436E+02 2.000E+05
 1.14278162E-04   8078.7 3.597E+00 1.368E+12 6.360E-01 1.444E+02 2.000E+05
 1.42446250E-04   8153.8 4.484E+00 1.686E+12 6.950E-01 1.438E+02 2.000E+05
 1.76761656E-04   8228.8 5.564E+00 2.070E+12 7.619E-01 1.421E+02 2.000E+05
 2.18425846E-04   8300.9 6.875E+00 2.529E+12 8.383E-01 1.419E+02 2.000E+05
 2.68840650E-04   8370.0 8.463E+00 3.078E+12 9.252E-01 1.434E+02 2.000E+05
 3.29665070E-04   8436.0 1.038E+01 3.730E+12 1.024E+00 1.465E+02 2.000E+05
 4.02876802E-04   8500.6 1.268E+01 4.504E+12 1.136E+00 1.497E+02 2.000E+05
 4.90806815E-04   8561.7 1.545E+01 5.418E+12 1.262E+00 1.544E+02 2.000E+05
 5.96174378E-04   8620.5 1.876E+01 6.497E+12 1.406E+00 1.608E+02 2.000E+05
 7.22157024E-04   8677.8 2.273E+01 7.765E+12 1.570E+00 1.689E+02 2.000E+05
 8.72512117E-04   8735.4 2.746E+01 9.258E+12 1.755E+00 1.779E+02 2.000E+05
 1.05172525E-03   8794.8 3.309E+01 1.101E+13 1.965E+00 1.872E+02 2.000E+05
 1.26509367E-03   8856.2 3.980E+01 1.308E+13 2.202E+00 1.964E+02 2.000E+05
 1.51885617E-03   8915.9 4.777E+01 1.549E+13 2.470E+00 2.071E+02 2.000E+05
 1.82039414E-03   8974.3 5.724E+01 1.832E+13 2.773E+00 2.197E+02 2.000E+05
 2.17842479E-03   9031.8 6.848E+01 2.161E+13 3.116E+00 2.345E+02 2.000E+05
 2.60320855E-03   9089.2 8.181E+01 2.546E+13 3.503E+00 2.516E+02 2.000E+05
 3.10689042E-03   9146.1 9.761E+01 2.994E+13 3.941E+00 2.719E+02 2.000E+05
 3.70365188E-03   9209.1 1.163E+02 3.520E+13 4.438E+00 2.937E+02 2.000E+05
 4.41000266E-03   9274.3 1.384E+02 4.136E+13 5.002E+00 3.187E+02 2.000E+05
 5.24498613E-03   9344.5 1.646E+02 4.859E+13 5.647E+00 3.477E+02 2.000E+05
 6.23062613E-03   9424.9 1.954E+02 5.713E+13 6.385E+00 3.792E+02 2.000E+05
 7.39164258E-03   9514.8 2.316E+02 6.722E+13 7.238E+00 4.154E+02 2.000E+05
 8.75498639E-03   9618.0 2.741E+02 7.918E+13 8.232E+00 4.573E+02 2.000E+05
 1.03512745E-02   9737.7 3.238E+02 9.336E+13 9.387E+00 5.053E+02 2.000E+05
 1.22173905E-02   9880.5 3.819E+02 1.102E+14 1.071E+01 5.574E+02 2.000E+05
 1.44014199E-02  10045.6 4.497E+02 1.302E+14 1.218E+01 6.133E+02 2.000E+05
 1.69748473E-02  10238.7 5.294E+02 1.539E+14 1.371E+01 6.659E+02 2.000E+05
 2.00350741E-02  10461.4 6.240E+02 1.819E+14 1.531E+01 7.206E+02 2.000E+05
 2.37106677E-02  10721.7 7.375E+02 2.150E+14 1.690E+01 7.739E+02 2.000E+05
 2.81903044E-02  11027.5 8.756E+02 2.539E+14 1.832E+01 8.221E+02 2.000E+05
 3.37771410E-02  11386.5 1.048E+03 3.003E+14 1.932E+01 8.499E+02 2.000E+05
 4.09652039E-02  11801.6 1.269E+03 3.567E+14 1.974E+01 8.503E+02 2.000E+05
 5.04389897E-02  12279.9 1.560E+03 4.267E+14 1.979E+01 8.434E+02 2.000E+05
 6.31825815E-02  12833.4 1.953E+03 5.156E+14 1.942E+01 8.220E+02 2.000E+05
 8.06917972E-02  13465.2 2.492E+03 6.312E+14 1.868E+01 7.859E+02 2.000E+05
 1.05082983E-01  14186.6 3.245E+03 7.839E+14 1.783E+01 7.477E+02 2.000E+05
 1.39107597E-01  14996.4 4.296E+03 9.868E+14 1.709E+01 7.103E+02 2.000E+05
 1.86290159E-01  15897.4 5.756E+03 1.256E+15 1.651E+01 6.768E+02 2.000E+05
 2.50434258E-01  16878.6 7.741E+03 1.607E+15 1.639E+01 6.616E+02 2.000E+05
 3.36572312E-01  17953.4 1.041E+04 2.053E+15 1.629E+01 6.487E+02 2.000E+05
 4.51140402E-01  19119.0 1.396E+04 2.607E+15 1.645E+01 6.492E+02 2.000E+05
 6.03038841E-01  20397.1 1.866E+04 3.286E+15 1.648E+01 6.464E+02 2.000E+05
 8.04507718E-01  21785.1 2.490E+04 4.117E+15 1.663E+01 6.493E+02 2.000E+05
 1.07029551E+00  23301.4 3.313E+04 5.129E+15 1.684E+01 6.539E+02 2.000E+05
 1.41771065E+00  24945.3 4.389E+04 6.351E+15 1.731E+01 6.685E+02 2.000E+05
 1.86786781E+00  26729.8 5.782E+04 7.811E+15 1.784E+01 6.821E+02 2.000E+05
 2.44700288E+00  28661.2 7.573E+04 9.544E+15 1.860E+01 7.040E+02 2.000E+05
 3.18338908E+00  30747.6 9.849E+04 1.157E+16 1.962E+01 7.319E+02 2.000E+05
 4.10195035E+00  33006.8 1.268E+05 1.389E+16 2.121E+01 7.722E+02 2.000E+05
 5.23141964E+00  35436.4 1.617E+05 1.650E+16 2.307E+01 7.614E+02 2.000E+05
PRADK 3.7052E+01
BEGIN                    ITERATION   6 COMPLETED
