EFF  24000.  GRAVITY 5.00000 LTE 
ITLE SDSC GRID  [-5.0]   VTURB 2.0 KM/S                                        
OPACITY IFOP 1 1 1 1 1 1 1 1 1 1 1 1 1 0 1 0 0 0 0 0
CONVECTION OFF  1.00 TURBULENCE OFF  0.00  0.00  0.00  0.00
BUNDANCE SCALE   0.00001 ABUNDANCE CHANGE 1 0.91100 2 0.08900
ABUNDANCE CHANGE  3 -10.88  4 -10.89  5  -9.44  6  -3.48  7  -3.99  8  -3.11
ABUNDANCE CHANGE  9  -7.48 10  -3.95 11  -5.71 12  -4.46 13  -5.57 14  -4.49
ABUNDANCE CHANGE 15  -6.59 16  -4.83 17  -6.54 18  -5.48 19  -6.82 20  -5.68
ABUNDANCE CHANGE 21  -8.94 22  -7.05 23  -8.04 24  -6.37 25  -6.65 26  -4.37
ABUNDANCE CHANGE 27  -7.12 28  -5.79 29  -7.83 30  -7.44 31  -9.16 32  -8.63
ABUNDANCE CHANGE 33  -9.67 34  -8.69 35  -9.41 36  -8.81 37  -9.44 38  -9.14
ABUNDANCE CHANGE 39  -9.80 40  -9.54 41 -10.62 42 -10.12 43 -20.00 44 -10.20
ABUNDANCE CHANGE 45 -10.92 46 -10.35 47 -11.10 48 -10.18 49 -10.58 50 -10.04
ABUNDANCE CHANGE 51 -11.04 52  -9.80 53 -10.53 54  -9.81 55 -10.92 56  -9.91
ABUNDANCE CHANGE 57 -10.82 58 -10.49 59 -11.33 60 -10.54 61 -20.00 62 -11.04
ABUNDANCE CHANGE 63 -11.53 64 -10.92 65 -11.94 66 -10.94 67 -11.78 68 -11.11
ABUNDANCE CHANGE 69 -12.04 70 -10.96 71 -11.28 72 -11.16 73 -11.91 74 -10.93
ABUNDANCE CHANGE 75 -11.77 76 -10.59 77 -10.69 78 -10.24 79 -11.03 80 -10.95
ABUNDANCE CHANGE 81 -11.14 82 -10.19 83 -11.33 84 -20.00 85 -20.00 86 -20.00
ABUNDANCE CHANGE 87 -20.00 88 -20.00 89 -20.00 90 -11.92 91 -20.00 92 -12.51
ABUNDANCE CHANGE 93 -20.00 94 -20.00 95 -20.00 96 -20.00 97 -20.00 98 -20.00
ABUNDANCE CHANGE 99 -20.00
EAD DECK6 64 RHOX,T,P,XNE,ABROSS,ACCRAD,VTURB
4.86818142E-06  13304.4 4.861E-01 1.322E+11 3.241E-01 2.073E+02 2.000E+05
5.45834649E-06  13352.4 5.450E-01 1.477E+11 3.241E-01 2.072E+02 2.000E+05
7.27437601E-06  13353.4 7.263E-01 1.967E+11 3.263E-01 2.103E+02 2.000E+05
9.68339790E-06  13354.4 9.668E-01 2.617E+11 3.291E-01 2.143E+02 2.000E+05
1.28702627E-05  13355.4 1.285E+00 3.476E+11 3.328E-01 2.197E+02 2.000E+05
1.70660288E-05  13365.6 1.703E+00 4.603E+11 3.375E-01 2.266E+02 2.000E+05
2.25764402E-05  13374.5 2.253E+00 6.080E+11 3.435E-01 2.355E+02 2.000E+05
2.97839792E-05  13389.4 2.972E+00 8.004E+11 3.510E-01 2.466E+02 2.000E+05
3.91623620E-05  13405.2 3.908E+00 1.050E+12 3.604E-01 2.608E+02 2.000E+05
5.13059844E-05  13426.5 5.119E+00 1.372E+12 3.721E-01 2.784E+02 2.000E+05
6.69434825E-05  13452.3 6.678E+00 1.784E+12 3.864E-01 3.000E+02 2.000E+05
8.69640682E-05  13485.9 8.674E+00 2.308E+12 4.036E-01 3.257E+02 2.000E+05
1.12445277E-04  13527.8 1.121E+01 2.970E+12 4.241E-01 3.557E+02 2.000E+05
1.44688650E-04  13581.1 1.443E+01 3.801E+12 4.482E-01 3.894E+02 2.000E+05
1.85264347E-04  13644.7 1.847E+01 4.837E+12 4.761E-01 4.264E+02 2.000E+05
2.36069656E-04  13719.8 2.352E+01 6.121E+12 5.082E-01 4.663E+02 2.000E+05
2.99396723E-04  13804.4 2.983E+01 7.706E+12 5.449E-01 5.091E+02 2.000E+05
3.78008441E-04  13898.5 3.765E+01 9.653E+12 5.864E-01 5.547E+02 2.000E+05
4.75243443E-04  14001.3 4.731E+01 1.203E+13 6.332E-01 6.038E+02 2.000E+05
5.95128577E-04  14111.9 5.923E+01 1.494E+13 6.858E-01 6.576E+02 2.000E+05
7.42558393E-04  14232.8 7.387E+01 1.847E+13 7.444E-01 7.157E+02 2.000E+05
9.23536611E-04  14365.1 9.183E+01 2.274E+13 8.092E-01 7.772E+02 2.000E+05
1.14544701E-03  14510.8 1.138E+02 2.791E+13 8.804E-01 8.400E+02 2.000E+05
1.41730771E-03  14668.7 1.408E+02 3.415E+13 9.587E-01 9.035E+02 2.000E+05
1.75007596E-03  14836.3 1.738E+02 4.169E+13 1.045E+00 9.680E+02 2.000E+05
2.15699435E-03  15011.8 2.140E+02 5.078E+13 1.140E+00 1.035E+03 2.000E+05
2.65390036E-03  15192.0 2.632E+02 6.172E+13 1.246E+00 1.106E+03 2.000E+05
3.25956743E-03  15374.8 3.231E+02 7.490E+13 1.365E+00 1.184E+03 2.000E+05
3.99625999E-03  15559.0 3.958E+02 9.071E+13 1.498E+00 1.269E+03 2.000E+05
4.88992349E-03  15740.4 4.840E+02 1.097E+14 1.649E+00 1.373E+03 2.000E+05
5.97121554E-03  15922.1 5.906E+02 1.323E+14 1.819E+00 1.499E+03 2.000E+05
7.27739456E-03  16109.1 7.192E+02 1.593E+14 2.008E+00 1.650E+03 2.000E+05
8.85549739E-03  16310.0 8.742E+02 1.914E+14 2.215E+00 1.827E+03 2.000E+05
1.07662349E-02  16534.3 1.062E+03 2.294E+14 2.435E+00 2.023E+03 2.000E+05
1.30887848E-02  16791.1 1.289E+03 2.745E+14 2.666E+00 2.230E+03 2.000E+05
1.59257348E-02  17084.8 1.566E+03 3.281E+14 2.903E+00 2.448E+03 2.000E+05
1.94109633E-02  17423.7 1.906E+03 3.920E+14 3.141E+00 2.672E+03 2.000E+05
2.37221272E-02  17817.3 2.325E+03 4.682E+14 3.374E+00 2.897E+03 2.000E+05
2.90968278E-02  18278.1 2.846E+03 5.596E+14 3.595E+00 3.111E+03 2.000E+05
3.58523381E-02  18813.8 3.500E+03 6.694E+14 3.800E+00 3.302E+03 2.000E+05
4.44044805E-02  19429.1 4.326E+03 8.022E+14 3.991E+00 3.467E+03 2.000E+05
5.52905636E-02  20130.0 5.376E+03 9.631E+14 4.173E+00 3.606E+03 2.000E+05
6.91921159E-02  20921.3 6.715E+03 1.158E+15 4.354E+00 3.719E+03 2.000E+05
8.69628874E-02  21802.5 8.425E+03 1.395E+15 4.543E+00 3.807E+03 2.000E+05
1.09645352E-01  22771.7 1.061E+04 1.682E+15 4.754E+00 3.880E+03 2.000E+05
1.38472036E-01  23825.8 1.338E+04 2.028E+15 5.001E+00 3.948E+03 2.000E+05
1.74923011E-01  24963.5 1.688E+04 2.442E+15 5.286E+00 4.025E+03 2.000E+05
2.20755848E-01  26191.7 2.127E+04 2.934E+15 5.623E+00 4.128E+03 2.000E+05
2.78100061E-01  27518.7 2.677E+04 3.514E+15 6.004E+00 4.260E+03 2.000E+05
3.49560088E-01  28960.9 3.360E+04 4.192E+15 6.437E+00 4.434E+03 2.000E+05
4.38289534E-01  30538.3 4.207E+04 4.978E+15 6.924E+00 4.648E+03 2.000E+05
5.48116568E-01  32266.1 5.253E+04 5.884E+15 7.471E+00 4.913E+03 2.000E+05
6.83566145E-01  34168.3 6.539E+04 6.921E+15 8.095E+00 5.241E+03 2.000E+05
8.49857949E-01  36260.8 8.111E+04 8.102E+15 8.817E+00 5.637E+03 2.000E+05
1.05261968E+00  38562.0 1.002E+05 9.444E+15 9.678E+00 6.131E+03 2.000E+05
1.29883036E+00  41091.3 1.232E+05 1.097E+16 1.060E+01 6.635E+03 2.000E+05
1.60401214E+00  43853.2 1.517E+05 1.277E+16 1.114E+01 6.913E+03 2.000E+05
2.01214335E+00  46899.4 1.897E+05 1.506E+16 1.059E+01 6.570E+03 2.000E+05
2.60635511E+00  50159.9 2.455E+05 1.832E+16 9.374E+00 5.857E+03 2.000E+05
3.51337792E+00  53746.7 3.312E+05 2.314E+16 8.175E+00 5.103E+03 2.000E+05
4.87827766E+00  57553.4 4.612E+05 3.014E+16 7.349E+00 4.548E+03 2.000E+05
6.88981910E+00  61732.6 6.536E+05 3.985E+16 6.717E+00 4.120E+03 2.000E+05
9.77762850E+00  66180.5 9.311E+05 5.297E+16 6.291E+00 3.796E+03 2.000E+05
1.38472731E+01  70988.2 1.323E+06 7.017E+16 5.976E+00 3.714E+03 2.000E+05
RADK 6.0074E+02
EGIN                    ITERATION   9 COMPLETED
