EFF   9250.  GRAVITY 2.50000 LTE
ITLE SDSC GRID  [-4.5]   VTURB 2.0 KM/S
OPACITY IFOP 1 1 1 1 1 1 1 1 1 1 1 1 1 0 1 0 0 0 0 0
CONVECTION OFF  1.00 TURBULENCE OFF  0.00  0.00  0.00  0.00
BUNDANCE SCALE .00003162 ABUNDANCE CHANGE 1 0.91100 2 0.08900
ABUNDANCE CHANGE  3 -10.88  4 -10.89  5  -9.44  6  -3.48  7  -3.99  8  -3.11
ABUNDANCE CHANGE  9  -7.48 10  -3.95 11  -5.71 12  -4.46 13  -5.57 14  -4.49
ABUNDANCE CHANGE 15  -6.59 16  -4.83 17  -6.54 18  -5.48 19  -6.82 20  -5.68
ABUNDANCE CHANGE 21  -8.94 22  -7.05 23  -8.04 24  -6.37 25  -6.65 26  -4.37
ABUNDANCE CHANGE 27  -7.12 28  -5.79 29  -7.83 30  -7.44 31  -9.16 32  -8.63
ABUNDANCE CHANGE 33  -9.67 34  -8.69 35  -9.41 36  -8.81 37  -9.44 38  -9.14
ABUNDANCE CHANGE 39  -9.80 40  -9.54 41 -10.62 42 -10.12 43 -20.00 44 -10.20
ABUNDANCE CHANGE 45 -10.92 46 -10.35 47 -11.10 48 -10.18 49 -10.58 50 -10.04
ABUNDANCE CHANGE 51 -11.04 52  -9.80 53 -10.53 54  -9.81 55 -10.92 56  -9.91
ABUNDANCE CHANGE 57 -10.82 58 -10.49 59 -11.33 60 -10.54 61 -20.00 62 -11.04
ABUNDANCE CHANGE 63 -11.53 64 -10.92 65 -11.94 66 -10.94 67 -11.78 68 -11.11
ABUNDANCE CHANGE 69 -12.04 70 -10.96 71 -11.28 72 -11.16 73 -11.91 74 -10.93
ABUNDANCE CHANGE 75 -11.77 76 -10.59 77 -10.69 78 -10.24 79 -11.03 80 -10.95
ABUNDANCE CHANGE 81 -11.14 82 -10.19 83 -11.33 84 -20.00 85 -20.00 86 -20.00
ABUNDANCE CHANGE 87 -20.00 88 -20.00 89 -20.00 90 -11.92 91 -20.00 92 -12.51
ABUNDANCE CHANGE 93 -20.00 94 -20.00 95 -20.00 96 -20.00 97 -20.00 98 -20.00
ABUNDANCE CHANGE 99 -20.00
EAD DECK6 64 RHOX,T,P,XNE,ABROSS,ACCRAD,VTURB
6.61152477E-06   6374.8 2.064E-03 1.089E+09 2.819E-01 4.124E+00 2.000E+05
6.65520865E-06   6530.8 2.077E-03 1.083E+09 2.819E-01 4.084E+00 2.000E+05
8.41653442E-06   6531.8 2.627E-03 1.365E+09 2.805E-01 4.064E+00 2.000E+05
1.12446727E-05   6545.4 3.510E-03 1.812E+09 2.788E-01 4.036E+00 2.000E+05
1.50386171E-05   6568.1 4.694E-03 2.404E+09 2.772E-01 4.005E+00 2.000E+05
2.01281422E-05   6592.7 6.284E-03 3.189E+09 2.755E-01 3.971E+00 2.000E+05
2.69572388E-05   6620.5 8.416E-03 4.228E+09 2.738E-01 3.934E+00 2.000E+05
3.61327163E-05   6642.2 1.128E-02 5.604E+09 2.714E-01 3.900E+00 2.000E+05
4.85208894E-05   6645.9 1.515E-02 7.421E+09 2.671E-01 3.871E+00 2.000E+05
6.53394217E-05   6651.5 2.040E-02 9.820E+09 2.619E-01 3.842E+00 2.000E+05
8.82790442E-05   6654.8 2.757E-02 1.297E+10 2.553E-01 3.810E+00 2.000E+05
1.19700397E-04   6664.4 3.739E-02 1.713E+10 2.484E-01 3.777E+00 2.000E+05
1.62779160E-04   6680.6 5.085E-02 2.261E+10 2.416E-01 3.747E+00 2.000E+05
2.21912761E-04   6698.4 6.933E-02 2.979E+10 2.344E-01 3.725E+00 2.000E+05
3.03204066E-04   6720.8 9.473E-02 3.919E+10 2.277E-01 3.724E+00 2.000E+05
4.13978829E-04   6758.8 1.293E-01 5.174E+10 2.245E-01 3.746E+00 2.000E+05
5.62969262E-04   6804.7 1.759E-01 6.819E+10 2.237E-01 3.799E+00 2.000E+05
7.60840590E-04   6860.4 2.377E-01 8.976E+10 2.263E-01 3.897E+00 2.000E+05
1.01952890E-03   6925.0 3.185E-01 1.178E+11 2.326E-01 4.036E+00 2.000E+05
1.35229558E-03   6998.8 4.224E-01 1.541E+11 2.429E-01 4.180E+00 2.000E+05
1.77742398E-03   7062.8 5.550E-01 1.988E+11 2.525E-01 4.312E+00 2.000E+05
2.32615802E-03   7111.4 7.261E-01 2.528E+11 2.591E-01 4.415E+00 2.000E+05
3.04886536E-03   7135.9 9.514E-01 3.164E+11 2.593E-01 4.504E+00 2.000E+05
4.02030818E-03   7148.1 1.254E+00 3.927E+11 2.556E-01 4.588E+00 2.000E+05
5.33744707E-03   7157.7 1.665E+00 4.864E+11 2.510E-01 4.690E+00 2.000E+05
7.12415701E-03   7168.9 2.221E+00 6.022E+11 2.473E-01 4.821E+00 2.000E+05
9.53453339E-03   7183.3 2.972E+00 7.452E+11 2.454E-01 4.989E+00 2.000E+05
1.27495447E-02   7203.7 3.972E+00 9.231E+11 2.469E-01 5.183E+00 2.000E+05
1.69842071E-02   7227.9 5.289E+00 1.141E+12 2.515E-01 5.414E+00 2.000E+05
2.24905392E-02   7255.7 6.999E+00 1.406E+12 2.596E-01 5.699E+00 2.000E+05
2.95580303E-02   7287.0 9.193E+00 1.728E+12 2.714E-01 6.047E+00 2.000E+05
3.84989974E-02   7323.1 1.196E+01 2.118E+12 2.882E-01 6.464E+00 2.000E+05
4.96507531E-02   7363.2 1.542E+01 2.588E+12 3.102E-01 6.967E+00 2.000E+05
6.33567231E-02   7409.0 1.965E+01 3.159E+12 3.393E-01 7.604E+00 2.000E+05
7.98996237E-02   7462.6 2.475E+01 3.858E+12 3.785E-01 8.424E+00 2.000E+05
9.94554429E-02   7526.2 3.076E+01 4.721E+12 4.317E-01 9.497E+00 2.000E+05
1.22032139E-01   7602.9 3.767E+01 5.802E+12 5.048E-01 1.090E+01 2.000E+05
1.47463108E-01   7694.0 4.541E+01 7.158E+12 6.047E-01 1.272E+01 2.000E+05
1.75425559E-01   7800.9 5.386E+01 8.861E+12 7.424E-01 1.516E+01 2.000E+05
2.05404079E-01   7927.0 6.284E+01 1.101E+13 9.352E-01 1.849E+01 2.000E+05
2.36749621E-01   8074.9 7.211E+01 1.370E+13 1.206E+00 2.301E+01 2.000E+05
2.68878351E-01   8247.9 8.144E+01 1.704E+13 1.580E+00 2.892E+01 2.000E+05
3.01446363E-01   8448.0 9.067E+01 2.107E+13 2.083E+00 3.649E+01 2.000E+05
3.34379593E-01   8679.3 9.973E+01 2.574E+13 2.730E+00 4.582E+01 2.000E+05
3.68537392E-01   8943.7 1.088E+02 3.083E+13 3.445E+00 5.514E+01 2.000E+05
4.05581593E-01   9245.2 1.183E+02 3.600E+13 4.124E+00 6.333E+01 2.000E+05
4.48427962E-01   9588.5 1.290E+02 4.099E+13 4.575E+00 6.762E+01 2.000E+05
5.01992771E-01   9977.8 1.423E+02 4.582E+13 4.712E+00 6.766E+01 2.000E+05
5.73963543E-01  10423.6 1.604E+02 5.105E+13 4.541E+00 6.386E+01 2.000E+05
6.75557692E-01  10929.5 1.863E+02 5.758E+13 4.214E+00 5.871E+01 2.000E+05
8.23359894E-01  11510.5 2.248E+02 6.662E+13 3.830E+00 5.344E+01 2.000E+05
1.04120487E+00  12174.1 2.826E+02 7.961E+13 3.459E+00 4.858E+01 2.000E+05
1.36182654E+00  12924.8 3.691E+02 9.833E+13 3.148E+00 4.450E+01 2.000E+05
1.82752947E+00  13764.2 4.965E+02 1.248E+14 2.918E+00 4.125E+01 2.000E+05
2.48711364E+00  14683.2 6.786E+02 1.614E+14 2.787E+00 3.915E+01 2.000E+05
3.39618434E+00  15683.3 9.311E+02 2.100E+14 2.721E+00 3.795E+01 2.000E+05
4.63482193E+00  16765.1 1.276E+03 2.722E+14 2.665E+00 3.694E+01 2.000E+05
6.32645767E+00  17939.9 1.750E+03 3.509E+14 2.595E+00 3.583E+01 2.000E+05
8.64044727E+00  19209.4 2.400E+03 4.507E+14 2.538E+00 3.497E+01 2.000E+05
1.17812218E+01  20591.9 3.284E+03 5.760E+14 2.505E+00 3.444E+01 2.000E+05
1.59896119E+01  22077.9 4.470E+03 7.317E+14 2.512E+00 3.443E+01 2.000E+05
2.15511760E+01  23694.2 6.036E+03 9.208E+14 2.550E+00 3.484E+01 2.000E+05
2.87980099E+01  25429.0 8.073E+03 1.148E+15 2.626E+00 3.557E+01 2.000E+05
3.81216334E+01  27301.8 1.069E+04 1.416E+15 2.740E+00 3.516E+01 2.000E+05
RADK 1.3257E+01
EGIN                    ITERATION   6 COMPLETED
