TEFF   7250.  GRAVITY 4.50000 LTE 
TITLE SDSC GRID  [-0.3]   VTURB 2.0 KM/S    L/H 1.25                            
 OPACITY IFOP 1 1 1 1 1 1 1 1 1 1 1 1 1 0 1 0 0 0 0 0
 CONVECTION ON   1.25 TURBULENCE OFF  0.00  0.00  0.00  0.00
ABUNDANCE SCALE   0.50120 ABUNDANCE CHANGE 1 0.91100 2 0.08900
 ABUNDANCE CHANGE  3 -10.88  4 -10.89  5  -9.44  6  -3.48  7  -3.99  8  -3.11
 ABUNDANCE CHANGE  9  -7.48 10  -3.95 11  -5.71 12  -4.46 13  -5.57 14  -4.49
 ABUNDANCE CHANGE 15  -6.59 16  -4.83 17  -6.54 18  -5.48 19  -6.82 20  -5.68
 ABUNDANCE CHANGE 21  -8.94 22  -7.05 23  -8.04 24  -6.37 25  -6.65 26  -4.37
 ABUNDANCE CHANGE 27  -7.12 28  -5.79 29  -7.83 30  -7.44 31  -9.16 32  -8.63
 ABUNDANCE CHANGE 33  -9.67 34  -8.69 35  -9.41 36  -8.81 37  -9.44 38  -9.14
 ABUNDANCE CHANGE 39  -9.80 40  -9.54 41 -10.62 42 -10.12 43 -20.00 44 -10.20
 ABUNDANCE CHANGE 45 -10.92 46 -10.35 47 -11.10 48 -10.18 49 -10.58 50 -10.04
 ABUNDANCE CHANGE 51 -11.04 52  -9.80 53 -10.53 54  -9.81 55 -10.92 56  -9.91
 ABUNDANCE CHANGE 57 -10.82 58 -10.49 59 -11.33 60 -10.54 61 -20.00 62 -11.04
 ABUNDANCE CHANGE 63 -11.53 64 -10.92 65 -11.94 66 -10.94 67 -11.78 68 -11.11
 ABUNDANCE CHANGE 69 -12.04 70 -10.96 71 -11.28 72 -11.16 73 -11.91 74 -10.93
 ABUNDANCE CHANGE 75 -11.77 76 -10.59 77 -10.69 78 -10.24 79 -11.03 80 -10.95
 ABUNDANCE CHANGE 81 -11.14 82 -10.19 83 -11.33 84 -20.00 85 -20.00 86 -20.00
 ABUNDANCE CHANGE 87 -20.00 88 -20.00 89 -20.00 90 -11.92 91 -20.00 92 -12.51
 ABUNDANCE CHANGE 93 -20.00 94 -20.00 95 -20.00 96 -20.00 97 -20.00 98 -20.00
 ABUNDANCE CHANGE 99 -20.00
READ DECK6 72 RHOX,T,P,XNE,ABROSS,ACCRAD,VTURB
 2.02391535E-04   4811.7 6.400E+00 6.833E+09 6.589E-04 2.584E-01 2.000E+05 0.000E+00 0.000E+00
 2.68233825E-04   4829.8 8.482E+00 8.401E+09 6.921E-04 2.623E-01 2.000E+05 0.000E+00 0.000E+00
 3.50945908E-04   4850.9 1.110E+01 1.035E+10 7.420E-04 2.589E-01 2.000E+05 0.000E+00 0.000E+00
 4.53203891E-04   4872.3 1.433E+01 1.268E+10 8.049E-04 2.545E-01 2.000E+05 0.000E+00 0.000E+00
 5.78354305E-04   4893.7 1.829E+01 1.542E+10 8.803E-04 2.507E-01 2.000E+05 0.000E+00 0.000E+00
 7.30433299E-04   4914.7 2.310E+01 1.863E+10 9.689E-04 2.477E-01 2.000E+05 0.000E+00 0.000E+00
 9.14230959E-04   4935.3 2.891E+01 2.235E+10 1.072E-03 2.456E-01 2.000E+05 0.000E+00 0.000E+00
 1.13537422E-03   4955.6 3.590E+01 2.668E+10 1.190E-03 2.450E-01 2.000E+05 0.000E+00 0.000E+00
 1.40026775E-03   4975.9 4.428E+01 3.170E+10 1.327E-03 2.459E-01 2.000E+05 0.000E+00 0.000E+00
 1.71634735E-03   4996.5 5.427E+01 3.757E+10 1.486E-03 2.474E-01 2.000E+05 0.000E+00 0.000E+00
 2.09198365E-03   5017.8 6.615E+01 4.445E+10 1.671E-03 2.496E-01 2.000E+05 0.000E+00 0.000E+00
 2.53655424E-03   5039.9 8.021E+01 5.256E+10 1.887E-03 2.523E-01 2.000E+05 0.000E+00 0.000E+00
 3.06078771E-03   5062.8 9.678E+01 6.209E+10 2.137E-03 2.552E-01 2.000E+05 0.000E+00 0.000E+00
 3.67673166E-03   5086.7 1.163E+02 7.336E+10 2.430E-03 2.592E-01 2.000E+05 0.000E+00 0.000E+00
 4.39804193E-03   5111.7 1.391E+02 8.666E+10 2.770E-03 2.634E-01 2.000E+05 0.000E+00 0.000E+00
 5.24071460E-03   5137.6 1.657E+02 1.024E+11 3.166E-03 2.675E-01 2.000E+05 0.000E+00 0.000E+00
 6.22295325E-03   5164.6 1.968E+02 1.209E+11 3.626E-03 2.716E-01 2.000E+05 0.000E+00 0.000E+00
 7.36552671E-03   5192.6 2.329E+02 1.429E+11 4.160E-03 2.756E-01 2.000E+05 0.000E+00 0.000E+00
 8.69238703E-03   5221.5 2.749E+02 1.690E+11 4.780E-03 2.795E-01 2.000E+05 0.000E+00 0.000E+00
 1.02310975E-02   5251.4 3.235E+02 1.998E+11 5.501E-03 2.836E-01 2.000E+05 0.000E+00 0.000E+00
 1.20127747E-02   5282.1 3.799E+02 2.363E+11 6.339E-03 2.888E-01 2.000E+05 0.000E+00 0.000E+00
 1.40739318E-02   5313.6 4.450E+02 2.793E+11 7.309E-03 2.939E-01 2.000E+05 0.000E+00 0.000E+00
 1.64574438E-02   5345.7 5.204E+02 3.301E+11 8.429E-03 2.990E-01 2.000E+05 0.000E+00 0.000E+00
 1.92134245E-02   5378.2 6.076E+02 3.899E+11 9.721E-03 3.046E-01 2.000E+05 0.000E+00 0.000E+00
 2.23992153E-02   5411.0 7.083E+02 4.601E+11 1.122E-02 3.118E-01 2.000E+05 0.000E+00 0.000E+00
 2.60816835E-02   5444.2 8.247E+02 5.425E+11 1.294E-02 3.196E-01 2.000E+05 0.000E+00 0.000E+00
 3.03403050E-02   5477.6 9.594E+02 6.390E+11 1.492E-02 3.284E-01 2.000E+05 0.000E+00 0.000E+00
 3.52668334E-02   5511.1 1.115E+03 7.519E+11 1.719E-02 3.396E-01 2.000E+05 0.000E+00 0.000E+00
 4.09672453E-02   5544.9 1.295E+03 8.842E+11 1.981E-02 3.526E-01 2.000E+05 0.000E+00 0.000E+00
 4.75661253E-02   5578.8 1.504E+03 1.039E+12 2.281E-02 3.670E-01 2.000E+05 0.000E+00 0.000E+00
 5.52097814E-02   5612.9 1.746E+03 1.220E+12 2.626E-02 3.831E-01 2.000E+05 0.000E+00 0.000E+00
 6.40698812E-02   5647.0 2.026E+03 1.431E+12 3.019E-02 4.010E-01 2.000E+05 0.000E+00 0.000E+00
 7.43486250E-02   5681.2 2.351E+03 1.676E+12 3.469E-02 4.211E-01 2.000E+05 0.000E+00 0.000E+00
 8.62848457E-02   5715.1 2.728E+03 1.962E+12 3.982E-02 4.438E-01 2.000E+05 0.000E+00 0.000E+00
 1.00161076E-01   5749.0 3.167E+03 2.294E+12 4.566E-02 4.697E-01 2.000E+05 0.000E+00 0.000E+00
 1.16292565E-01   5782.8 3.677E+03 2.679E+12 5.239E-02 5.025E-01 2.000E+05 0.000E+00 0.000E+00
 1.35038679E-01   5816.9 4.270E+03 3.129E+12 6.012E-02 5.402E-01 2.000E+05 0.000E+00 0.000E+00
 1.56825970E-01   5851.3 4.959E+03 3.654E+12 6.897E-02 5.831E-01 2.000E+05 0.000E+00 0.000E+00
 1.82146473E-01   5886.4 5.760E+03 4.270E+12 7.916E-02 6.324E-01 2.000E+05 0.000E+00 0.000E+00
 2.11561842E-01   5922.2 6.690E+03 4.993E+12 9.089E-02 6.894E-01 2.000E+05 0.000E+00 0.000E+00
 2.45702694E-01   5959.2 7.770E+03 5.849E+12 1.045E-01 7.559E-01 2.000E+05 0.000E+00 0.000E+00
 2.85263596E-01   5998.2 9.021E+03 6.870E+12 1.204E-01 8.348E-01 2.000E+05 0.000E+00 0.000E+00
 3.30969776E-01   6039.9 1.047E+04 8.106E+12 1.392E-01 9.303E-01 2.000E+05 0.000E+00 0.000E+00
 3.83500514E-01   6086.1 1.213E+04 9.635E+12 1.621E-01 1.049E+00 2.000E+05 0.000E+00 0.000E+00
 4.43468680E-01   6137.7 1.402E+04 1.155E+13 1.900E-01 1.195E+00 2.000E+05 0.000E+00 0.000E+00
 5.11344874E-01   6196.8 1.617E+04 1.401E+13 2.251E-01 1.381E+00 2.000E+05 0.000E+00 0.000E+00
 5.87219049E-01   6266.4 1.857E+04 1.728E+13 2.705E-01 1.625E+00 2.000E+05 2.768E-12 0.000E+00
 6.70787898E-01   6348.4 2.121E+04 2.171E+13 3.301E-01 1.949E+00 2.000E+05 7.316E-09 0.000E+00
 7.61104347E-01   6448.0 2.407E+04 2.798E+13 4.118E-01 2.395E+00 2.000E+05 1.480E-08 0.000E+00
 8.56725763E-01   6565.6 2.709E+04 3.692E+13 5.244E-01 3.027E+00 2.000E+05 4.374E-07 0.000E+00
 9.54944704E-01   6718.9 3.020E+04 5.126E+13 7.004E-01 4.105E+00 2.000E+05 7.230E-05 2.664E+02
 1.04192812E+00   7026.5 3.295E+04 8.973E+13 1.162E+00 6.647E+00 2.000E+05 5.348E-03 2.693E+03
 1.11474549E+00   7279.9 3.525E+04 1.377E+14 1.736E+00 9.116E+00 2.000E+05 5.640E-02 2.219E+03
 1.18592827E+00   7433.0 3.750E+04 1.780E+14 2.217E+00 1.055E+01 2.000E+05 1.169E-01 1.496E+03
 1.26035417E+00   7596.4 3.985E+04 2.312E+14 2.857E+00 1.250E+01 2.000E+05 1.799E-01 4.012E+03
 1.33573141E+00   7796.2 4.223E+04 3.117E+14 3.852E+00 1.555E+01 2.000E+05 2.416E-01 1.085E+04
 1.40886630E+00   8028.9 4.455E+04 4.306E+14 5.384E+00 1.996E+01 2.000E+05 2.994E-01 2.593E+04
 1.47788233E+00   8288.8 4.673E+04 6.021E+14 7.720E+00 2.669E+01 2.000E+05 3.497E-01 6.088E+04
 1.53955473E+00   8617.3 4.868E+04 8.851E+14 1.193E+01 3.837E+01 2.000E+05 3.941E-01 1.030E+05
 1.59315801E+00   8954.1 5.037E+04 1.269E+15 1.824E+01 5.553E+01 2.000E+05 4.303E-01 1.591E+05
 1.63677319E+00   9400.4 5.175E+04 1.940E+15 3.085E+01 8.290E+01 2.000E+05 4.782E-01 3.212E+05
 1.67419959E+00   9737.5 5.293E+04 2.594E+15 4.434E+01 7.772E+01 2.000E+05 6.672E-01 3.656E+05
 1.71115339E+00   9989.8 5.409E+04 3.178E+15 5.715E+01 6.773E+01 2.000E+05 7.730E-01 3.785E+05
 1.75007616E+00  10225.4 5.532E+04 3.800E+15 7.137E+01 5.893E+01 2.000E+05 8.386E-01 3.817E+05
 1.79268017E+00  10424.3 5.666E+04 4.391E+15 8.521E+01 5.358E+01 2.000E+05 8.799E-01 3.873E+05
 1.84008001E+00  10643.9 5.816E+04 5.103E+15 1.024E+02 4.958E+01 2.000E+05 9.083E-01 3.893E+05
 1.89373638E+00  10829.6 5.985E+04 5.773E+15 1.187E+02 4.516E+01 2.000E+05 9.261E-01 3.878E+05
 1.95497381E+00  11050.7 6.179E+04 6.620E+15 1.396E+02 4.384E+01 2.000E+05 9.412E-01 3.934E+05
 2.02544779E+00  11245.9 6.401E+04 7.448E+15 1.597E+02 3.995E+01 2.000E+05 9.510E-01 3.872E+05
 2.10742823E+00  11475.3 6.660E+04 8.470E+15 1.834E+02 3.944E+01 2.000E+05 9.600E-01 3.959E+05
 2.20314574E+00  11701.3 6.963E+04 9.562E+15 2.081E+02 3.603E+01 2.000E+05 9.661E-01 3.846E+05
 2.31615134E+00  11937.7 7.320E+04 1.078E+16 2.346E+02 3.724E+01 2.000E+05 9.700E-01 3.941E+05
PRADK 3.6660E+00
BEGIN                    ITERATION  15 COMPLETED
