TEFF   6000.  GRAVITY 4.50000 LTE
TITLE SDSC GRID  [+1.0]   VTURB 2.0 KM/S    L/H 1.25
 OPACITY IFOP 1 1 1 1 1 1 1 1 1 1 1 1 1 0 1 0 0 0 0 0
 CONVECTION ON   1.25 TURBULENCE OFF  0.00  0.00  0.00  0.00
ABUNDANCE SCALE  10.00000 ABUNDANCE CHANGE 1 0.91100 2 0.08900
 ABUNDANCE CHANGE  3 -10.88  4 -10.89  5  -9.44  6  -3.48  7  -3.99  8  -3.11
 ABUNDANCE CHANGE  9  -7.48 10  -3.95 11  -5.71 12  -4.46 13  -5.57 14  -4.49
 ABUNDANCE CHANGE 15  -6.59 16  -4.83 17  -6.54 18  -5.48 19  -6.82 20  -5.68
 ABUNDANCE CHANGE 21  -8.94 22  -7.05 23  -8.04 24  -6.37 25  -6.65 26  -4.37
 ABUNDANCE CHANGE 27  -7.12 28  -5.79 29  -7.83 30  -7.44 31  -9.16 32  -8.63
 ABUNDANCE CHANGE 33  -9.67 34  -8.69 35  -9.41 36  -8.81 37  -9.44 38  -9.14
 ABUNDANCE CHANGE 39  -9.80 40  -9.54 41 -10.62 42 -10.12 43 -20.00 44 -10.20
 ABUNDANCE CHANGE 45 -10.92 46 -10.35 47 -11.10 48 -10.18 49 -10.58 50 -10.04
 ABUNDANCE CHANGE 51 -11.04 52  -9.80 53 -10.53 54  -9.81 55 -10.92 56  -9.91
 ABUNDANCE CHANGE 57 -10.82 58 -10.49 59 -11.33 60 -10.54 61 -20.00 62 -11.04
 ABUNDANCE CHANGE 63 -11.53 64 -10.92 65 -11.94 66 -10.94 67 -11.78 68 -11.11
 ABUNDANCE CHANGE 69 -12.04 70 -10.96 71 -11.28 72 -11.16 73 -11.91 74 -10.93
 ABUNDANCE CHANGE 75 -11.77 76 -10.59 77 -10.69 78 -10.24 79 -11.03 80 -10.95
 ABUNDANCE CHANGE 81 -11.14 82 -10.19 83 -11.33 84 -20.00 85 -20.00 86 -20.00
 ABUNDANCE CHANGE 87 -20.00 88 -20.00 89 -20.00 90 -11.92 91 -20.00 92 -12.51
 ABUNDANCE CHANGE 93 -20.00 94 -20.00 95 -20.00 96 -20.00 97 -20.00 98 -20.00
 ABUNDANCE CHANGE 99 -20.00
READ DECK6 72 RHOX,T,P,XNE,ABROSS,ACCRAD,VTURB
 1.19518947E-04   3636.9 3.779E+00 6.150E+09 1.116E-03 5.518E-01 2.000E+05 0.000E+00 0.000E+00
 1.57210181E-04   3654.2 4.971E+00 7.841E+09 1.244E-03 5.951E-01 2.000E+05 0.000E+00 0.000E+00
 2.02149771E-04   3674.6 6.392E+00 9.841E+09 1.395E-03 6.175E-01 2.000E+05 0.000E+00 0.000E+00
 2.55481991E-04   3696.5 8.079E+00 1.219E+10 1.571E-03 6.335E-01 2.000E+05 0.000E+00 0.000E+00
 3.18530427E-04   3719.5 1.007E+01 1.495E+10 1.774E-03 6.495E-01 2.000E+05 0.000E+00 0.000E+00
 3.93048535E-04   3743.3 1.243E+01 1.819E+10 2.000E-03 6.516E-01 2.000E+05 0.000E+00 0.000E+00
 4.81108802E-04   3767.4 1.521E+01 2.199E+10 2.259E-03 6.574E-01 2.000E+05 0.000E+00 0.000E+00
 5.84910140E-04   3792.2 1.850E+01 2.645E+10 2.558E-03 6.675E-01 2.000E+05 0.000E+00 0.000E+00
 7.07201067E-04   3818.0 2.236E+01 3.170E+10 2.894E-03 6.703E-01 2.000E+05 0.000E+00 0.000E+00
 8.51336751E-04   3844.5 2.692E+01 3.788E+10 3.276E-03 6.689E-01 2.000E+05 0.000E+00 0.000E+00
 1.02090240E-03   3871.3 3.228E+01 4.511E+10 3.718E-03 6.695E-01 2.000E+05 0.000E+00 0.000E+00
 1.22027879E-03   3898.9 3.859E+01 5.361E+10 4.214E-03 6.598E-01 2.000E+05 0.000E+00 0.000E+00
 1.45466288E-03   3926.2 4.600E+01 6.353E+10 4.784E-03 6.544E-01 2.000E+05 0.000E+00 0.000E+00
 1.72964953E-03   3954.0 5.470E+01 7.514E+10 5.443E-03 6.535E-01 2.000E+05 0.000E+00 0.000E+00
 2.05164359E-03   3982.0 6.488E+01 8.868E+10 6.203E-03 6.567E-01 2.000E+05 0.000E+00 0.000E+00
 2.42944174E-03   4010.8 7.682E+01 1.046E+11 7.035E-03 6.496E-01 2.000E+05 0.000E+00 0.000E+00
 2.87306855E-03   4039.6 9.085E+01 1.231E+11 7.999E-03 6.468E-01 2.000E+05 0.000E+00 0.000E+00
 3.39314885E-03   4068.8 1.073E+02 1.448E+11 9.099E-03 6.429E-01 2.000E+05 0.000E+00 0.000E+00
 4.00310642E-03   4098.2 1.266E+02 1.700E+11 1.034E-02 6.365E-01 2.000E+05 0.000E+00 0.000E+00
 4.71805216E-03   4127.7 1.492E+02 1.995E+11 1.178E-02 6.348E-01 2.000E+05 0.000E+00 0.000E+00
 5.55449799E-03   4157.4 1.756E+02 2.339E+11 1.343E-02 6.380E-01 2.000E+05 0.000E+00 0.000E+00
 6.53379604E-03   4187.7 2.066E+02 2.739E+11 1.528E-02 6.380E-01 2.000E+05 0.000E+00 0.000E+00
 7.68276774E-03   4218.3 2.429E+02 3.207E+11 1.736E-02 6.377E-01 2.000E+05 0.000E+00 0.000E+00
 9.02906037E-03   4249.4 2.855E+02 3.754E+11 1.978E-02 6.422E-01 2.000E+05 0.000E+00 0.000E+00
 1.06041129E-02   4281.2 3.353E+02 4.391E+11 2.255E-02 6.470E-01 2.000E+05 0.000E+00 0.000E+00
 1.24476725E-02   4313.7 3.936E+02 5.137E+11 2.569E-02 6.488E-01 2.000E+05 0.000E+00 0.000E+00
 1.46042059E-02   4346.7 4.618E+02 6.006E+11 2.931E-02 6.553E-01 2.000E+05 0.000E+00 0.000E+00
 1.71264551E-02   4380.5 5.416E+02 7.020E+11 3.338E-02 6.607E-01 2.000E+05 0.000E+00 0.000E+00
 2.00831781E-02   4414.9 6.351E+02 8.205E+11 3.795E-02 6.636E-01 2.000E+05 0.000E+00 0.000E+00
 2.35476977E-02   4449.8 7.446E+02 9.590E+11 4.323E-02 6.714E-01 2.000E+05 0.000E+00 0.000E+00
 2.75983960E-02   4485.5 8.727E+02 1.121E+12 4.936E-02 6.841E-01 2.000E+05 0.000E+00 0.000E+00
 3.23265458E-02   4522.0 1.022E+03 1.309E+12 5.642E-02 7.008E-01 2.000E+05 0.000E+00 0.000E+00
 3.78468437E-02   4559.7 1.197E+03 1.529E+12 6.436E-02 7.144E-01 2.000E+05 0.000E+00 0.000E+00
 4.43110114E-02   4598.1 1.401E+03 1.786E+12 7.319E-02 7.251E-01 2.000E+05 0.000E+00 0.000E+00
 5.18926437E-02   4637.2 1.641E+03 2.086E+12 8.324E-02 7.384E-01 2.000E+05 0.000E+00 0.000E+00
 6.07738178E-02   4677.0 1.922E+03 2.437E+12 9.485E-02 7.580E-01 2.000E+05 0.000E+00 0.000E+00
 7.11571348E-02   4717.9 2.250E+03 2.847E+12 1.083E-01 7.844E-01 2.000E+05 0.000E+00 0.000E+00
 8.32746407E-02   4760.1 2.633E+03 3.326E+12 1.238E-01 8.180E-01 2.000E+05 0.000E+00 0.000E+00
 9.74084620E-02   4803.9 3.080E+03 3.885E+12 1.415E-01 8.543E-01 2.000E+05 0.000E+00 0.000E+00
 1.13953309E-01   4849.5 3.603E+03 4.541E+12 1.608E-01 8.823E-01 2.000E+05 0.000E+00 0.000E+00
 1.33351666E-01   4896.5 4.217E+03 5.310E+12 1.830E-01 9.182E-01 2.000E+05 0.000E+00 0.000E+00
 1.56054971E-01   4945.3 4.935E+03 6.211E+12 2.087E-01 9.646E-01 2.000E+05 0.000E+00 0.000E+00
 1.82574527E-01   4996.7 5.773E+03 7.269E+12 2.385E-01 1.023E+00 2.000E+05 0.000E+00 0.000E+00
 2.13600488E-01   5051.4 6.754E+03 8.514E+12 2.711E-01 1.083E+00 2.000E+05 0.000E+00 0.000E+00
 2.50010164E-01   5109.9 7.906E+03 9.987E+12 3.081E-01 1.150E+00 2.000E+05 0.000E+00 0.000E+00
 2.92718073E-01   5173.3 9.256E+03 1.173E+13 3.504E-01 1.231E+00 2.000E+05 0.000E+00 0.000E+00
 3.42785772E-01   5243.1 1.084E+04 1.381E+13 3.986E-01 1.324E+00 2.000E+05 0.000E+00 0.000E+00
 4.01460887E-01   5321.0 1.269E+04 1.629E+13 4.537E-01 1.435E+00 2.000E+05 0.000E+00 0.000E+00
 4.70225462E-01   5408.9 1.487E+04 1.926E+13 5.159E-01 1.561E+00 2.000E+05 0.000E+00 0.000E+00
 5.50983596E-01   5508.8 1.742E+04 2.284E+13 5.850E-01 1.699E+00 2.000E+05 0.000E+00 0.000E+00
 6.45997047E-01   5623.6 2.043E+04 2.719E+13 6.630E-01 1.858E+00 2.000E+05 0.000E+00 0.000E+00
 7.57799137E-01   5756.3 2.396E+04 3.258E+13 7.518E-01 2.045E+00 2.000E+05 0.000E+00 0.000E+00
 8.88820494E-01   5912.3 2.811E+04 3.947E+13 8.586E-01 2.283E+00 2.000E+05 1.400E-11 0.000E+00
 1.04133151E+00   6091.9 3.293E+04 4.877E+13 9.871E-01 2.580E+00 2.000E+05 1.794E-08 0.000E+00
 1.21498007E+00   6315.1 3.842E+04 6.303E+13 1.184E+00 3.063E+00 2.000E+05 1.838E-06 0.000E+00
 1.40399275E+00   6563.1 4.440E+04 8.582E+13 1.487E+00 3.842E+00 2.000E+05 3.798E-04 0.000E+00
 1.59219827E+00   6898.2 5.035E+04 1.319E+14 2.111E+00 5.186E+00 2.000E+05 1.970E-02 1.706E+03
 1.76856079E+00   7193.9 5.592E+04 1.985E+14 2.997E+00 6.558E+00 2.000E+05 1.088E-01 5.092E+03
 1.93235389E+00   7493.7 6.110E+04 2.992E+14 4.344E+00 8.336E+00 2.000E+05 2.016E-01 1.383E+04
 2.08417819E+00   7780.5 6.590E+04 4.382E+14 6.230E+00 1.088E+01 2.000E+05 2.814E-01 3.931E+04
 2.21986295E+00   8139.0 7.019E+04 6.821E+14 9.634E+00 1.531E+01 2.000E+05 3.497E-01 8.092E+04
 2.33866133E+00   8479.4 7.394E+04 1.010E+15 1.451E+01 2.114E+01 2.000E+05 4.051E-01 1.227E+05
 2.43865529E+00   8903.2 7.710E+04 1.576E+15 2.365E+01 2.975E+01 2.000E+05 4.641E-01 2.149E+05
 2.52519480E+00   9240.1 7.984E+04 2.186E+15 3.442E+01 2.879E+01 2.000E+05 6.586E-01 2.465E+05
 2.60852249E+00   9503.8 8.247E+04 2.788E+15 4.577E+01 2.577E+01 2.000E+05 7.722E-01 2.539E+05
 2.69398598E+00   9734.8 8.517E+04 3.419E+15 5.831E+01 2.284E+01 2.000E+05 8.386E-01 2.530E+05
 2.78551636E+00   9934.4 8.806E+04 4.055E+15 7.132E+01 2.085E+01 2.000E+05 8.806E-01 2.531E+05
 2.88560819E+00  10137.2 9.123E+04 4.790E+15 8.671E+01 1.938E+01 2.000E+05 9.102E-01 2.530E+05
 2.99693902E+00  10320.7 9.474E+04 5.551E+15 1.028E+02 1.753E+01 2.000E+05 9.289E-01 2.479E+05
 3.12227475E+00  10510.5 9.871E+04 6.432E+15 1.216E+02 1.668E+01 2.000E+05 9.454E-01 2.497E+05
 3.26410432E+00  10699.2 1.032E+05 7.416E+15 1.428E+02 1.507E+01 2.000E+05 9.562E-01 2.417E+05
 3.42648771E+00  10878.7 1.083E+05 8.476E+15 1.653E+02 1.494E+01 2.000E+05 9.631E-01 2.430E+05
PRADK 1.7294E+00
BEGIN                    ITERATION  15 COMPLETED
