EFF   4000.  GRAVITY 2.00000 LTE 
ITLE SDSC GRID  [-1.5]   VTURB 2.0 KM/S    L/H 1.25                            
OPACITY IFOP 1 1 1 1 1 1 1 1 1 1 1 1 1 0 1 0 0 0 0 0
CONVECTION ON   1.25 TURBULENCE OFF  0.00  0.00  0.00  0.00
BUNDANCE SCALE   0.03162 ABUNDANCE CHANGE 1 0.91100 2 0.08900
ABUNDANCE CHANGE  3 -10.88  4 -10.89  5  -9.44  6  -3.48  7  -3.99  8  -3.11
ABUNDANCE CHANGE  9  -7.48 10  -3.95 11  -5.71 12  -4.46 13  -5.57 14  -4.49
ABUNDANCE CHANGE 15  -6.59 16  -4.83 17  -6.54 18  -5.48 19  -6.82 20  -5.68
ABUNDANCE CHANGE 21  -8.94 22  -7.05 23  -8.04 24  -6.37 25  -6.65 26  -4.37
ABUNDANCE CHANGE 27  -7.12 28  -5.79 29  -7.83 30  -7.44 31  -9.16 32  -8.63
ABUNDANCE CHANGE 33  -9.67 34  -8.69 35  -9.41 36  -8.81 37  -9.44 38  -9.14
ABUNDANCE CHANGE 39  -9.80 40  -9.54 41 -10.62 42 -10.12 43 -20.00 44 -10.20
ABUNDANCE CHANGE 45 -10.92 46 -10.35 47 -11.10 48 -10.18 49 -10.58 50 -10.04
ABUNDANCE CHANGE 51 -11.04 52  -9.80 53 -10.53 54  -9.81 55 -10.92 56  -9.91
ABUNDANCE CHANGE 57 -10.82 58 -10.49 59 -11.33 60 -10.54 61 -20.00 62 -11.04
ABUNDANCE CHANGE 63 -11.53 64 -10.92 65 -11.94 66 -10.94 67 -11.78 68 -11.11
ABUNDANCE CHANGE 69 -12.04 70 -10.96 71 -11.28 72 -11.16 73 -11.91 74 -10.93
ABUNDANCE CHANGE 75 -11.77 76 -10.59 77 -10.69 78 -10.24 79 -11.03 80 -10.95
ABUNDANCE CHANGE 81 -11.14 82 -10.19 83 -11.33 84 -20.00 85 -20.00 86 -20.00
ABUNDANCE CHANGE 87 -20.00 88 -20.00 89 -20.00 90 -11.92 91 -20.00 92 -12.51
ABUNDANCE CHANGE 93 -20.00 94 -20.00 95 -20.00 96 -20.00 97 -20.00 98 -20.00
ABUNDANCE CHANGE 99 -20.00
EAD DECK6 72 RHOX,T,P,XNE,ABROSS,ACCRAD,VTURB
6.19362151E-02   2310.4 6.194E+00 3.943E+06 2.153E-06 2.973E-04 2.000E+05 0.000E+00 0.000E+00
8.17467651E-02   2333.8 8.175E+00 5.210E+06 2.337E-06 2.836E-04 2.000E+05 0.000E+00 0.000E+00
1.06065969E-01   2356.9 1.061E+01 6.780E+06 2.541E-06 2.705E-04 2.000E+05 0.000E+00 0.000E+00
1.35877580E-01   2379.4 1.359E+01 8.715E+06 2.765E-06 2.567E-04 2.000E+05 0.000E+00 0.000E+00
1.72265290E-01   2404.1 1.723E+01 1.113E+07 3.029E-06 2.432E-04 2.000E+05 0.000E+00 0.000E+00
2.16599722E-01   2427.3 2.166E+01 1.408E+07 3.313E-06 2.290E-04 2.000E+05 0.000E+00 0.000E+00
2.70505033E-01   2452.1 2.705E+01 1.776E+07 3.643E-06 2.161E-04 2.000E+05 0.000E+00 0.000E+00
3.35765704E-01   2477.6 3.358E+01 2.231E+07 4.019E-06 2.046E-04 2.000E+05 0.000E+00 0.000E+00
4.14515151E-01   2503.6 4.145E+01 2.792E+07 4.448E-06 1.941E-04 2.000E+05 0.000E+00 0.000E+00
5.09209696E-01   2530.4 5.092E+01 3.488E+07 4.942E-06 1.845E-04 2.000E+05 0.000E+00 0.000E+00
6.22654463E-01   2558.3 6.227E+01 4.352E+07 5.512E-06 1.762E-04 2.000E+05 0.000E+00 0.000E+00
7.57931222E-01   2587.8 7.579E+01 5.435E+07 6.181E-06 1.696E-04 2.000E+05 0.000E+00 0.000E+00
9.18309261E-01   2619.0 9.183E+01 6.800E+07 6.972E-06 1.645E-04 2.000E+05 0.000E+00 0.000E+00
1.10733307E+00   2651.5 1.107E+02 8.520E+07 7.911E-06 1.599E-04 2.000E+05 0.000E+00 0.000E+00
1.32876504E+00   2685.0 1.329E+02 1.069E+08 9.034E-06 1.563E-04 2.000E+05 0.000E+00 0.000E+00
1.58649089E+00   2719.7 1.586E+02 1.345E+08 1.038E-05 1.539E-04 2.000E+05 0.000E+00 0.000E+00
1.88452285E+00   2755.2 1.885E+02 1.695E+08 1.201E-05 1.528E-04 2.000E+05 0.000E+00 0.000E+00
2.22687159E+00   2791.2 2.227E+02 2.137E+08 1.399E-05 1.524E-04 2.000E+05 0.000E+00 0.000E+00
2.61820577E+00   2826.7 2.618E+02 2.685E+08 1.634E-05 1.528E-04 2.000E+05 0.000E+00 0.000E+00
3.06414693E+00   2861.6 3.064E+02 3.360E+08 1.915E-05 1.539E-04 2.000E+05 0.000E+00 0.000E+00
3.57086109E+00   2895.8 3.571E+02 4.184E+08 2.250E-05 1.559E-04 2.000E+05 0.000E+00 0.000E+00
4.14547970E+00   2929.0 4.145E+02 5.179E+08 2.647E-05 1.587E-04 2.000E+05 0.000E+00 0.000E+00
4.79717666E+00   2960.9 4.797E+02 6.362E+08 3.111E-05 1.621E-04 2.000E+05 0.000E+00 0.000E+00
5.53736218E+00   2991.4 5.537E+02 7.759E+08 3.649E-05 1.662E-04 2.000E+05 0.000E+00 0.000E+00
6.37970931E+00   3020.5 6.380E+02 9.394E+08 4.271E-05 1.711E-04 2.000E+05 0.000E+00 0.000E+00
7.34030474E+00   3048.3 7.340E+02 1.130E+09 4.989E-05 1.770E-04 2.000E+05 0.000E+00 0.000E+00
8.43849235E+00   3074.7 8.439E+02 1.351E+09 5.812E-05 1.838E-04 2.000E+05 0.000E+00 0.000E+00
9.69772057E+00   3099.7 9.698E+02 1.605E+09 6.748E-05 1.915E-04 2.000E+05 0.000E+00 0.000E+00
1.11461880E+01   3123.2 1.115E+03 1.896E+09 7.812E-05 2.006E-04 2.000E+05 0.000E+00 0.000E+00
1.28169007E+01   3145.6 1.282E+03 2.229E+09 9.021E-05 2.111E-04 2.000E+05 0.000E+00 0.000E+00
1.47485240E+01   3166.8 1.475E+03 2.610E+09 1.039E-04 2.230E-04 2.000E+05 0.000E+00 0.000E+00
1.69859813E+01   3187.2 1.699E+03 3.048E+09 1.196E-04 2.366E-04 2.000E+05 0.000E+00 0.000E+00
1.95827448E+01   3206.5 1.958E+03 3.548E+09 1.372E-04 2.521E-04 2.000E+05 0.000E+00 0.000E+00
2.26023260E+01   3224.9 2.260E+03 4.119E+09 1.573E-04 2.698E-04 2.000E+05 0.000E+00 0.000E+00
2.61174030E+01   3242.9 2.612E+03 4.776E+09 1.801E-04 2.901E-04 2.000E+05 0.000E+00 0.000E+00
3.02116623E+01   3260.4 3.021E+03 5.533E+09 2.062E-04 3.134E-04 2.000E+05 0.000E+00 0.000E+00
3.49764259E+01   3278.3 3.498E+03 6.414E+09 2.365E-04 3.405E-04 2.000E+05 0.000E+00 0.000E+00
4.05127280E+01   3296.4 4.051E+03 7.441E+09 2.716E-04 3.717E-04 2.000E+05 0.000E+00 0.000E+00
4.69314063E+01   3315.6 4.693E+03 8.654E+09 3.129E-04 4.080E-04 2.000E+05 0.000E+00 0.000E+00
5.43494249E+01   3336.0 5.435E+03 1.009E+10 3.616E-04 4.501E-04 2.000E+05 0.000E+00 0.000E+00
6.28862235E+01   3358.4 6.289E+03 1.181E+10 4.202E-04 4.995E-04 2.000E+05 0.000E+00 0.000E+00
7.26552644E+01   3383.2 7.266E+03 1.390E+10 4.911E-04 5.577E-04 2.000E+05 0.000E+00 0.000E+00
8.37582315E+01   3411.5 8.376E+03 1.646E+10 5.785E-04 6.268E-04 2.000E+05 0.000E+00 0.000E+00
9.62783632E+01   3443.6 9.628E+03 1.962E+10 6.868E-04 7.091E-04 2.000E+05 0.000E+00 0.000E+00
1.10269457E+02   3481.0 1.103E+04 2.361E+10 8.237E-04 8.080E-04 2.000E+05 0.000E+00 0.000E+00
1.25755363E+02   3524.0 1.258E+04 2.863E+10 9.967E-04 9.266E-04 2.000E+05 0.000E+00 0.000E+00
1.42745413E+02   3573.5 1.427E+04 3.501E+10 1.217E-03 1.069E-03 2.000E+05 0.000E+00 0.000E+00
1.61230290E+02   3630.5 1.612E+04 4.314E+10 1.497E-03 1.240E-03 2.000E+05 0.000E+00 0.000E+00
1.81220725E+02   3695.9 1.812E+04 5.348E+10 1.849E-03 1.441E-03 2.000E+05 0.000E+00 0.000E+00
2.02768802E+02   3770.7 2.028E+04 6.655E+10 2.289E-03 1.676E-03 2.000E+05 0.000E+00 0.000E+00
2.26011515E+02   3856.3 2.260E+04 8.289E+10 2.824E-03 1.941E-03 2.000E+05 0.000E+00 0.000E+00
2.51225227E+02   3953.6 2.512E+04 1.030E+11 3.457E-03 2.234E-03 2.000E+05 0.000E+00 0.000E+00
2.78828440E+02   4065.2 2.788E+04 1.276E+11 4.191E-03 2.551E-03 2.000E+05 5.095E-07 0.000E+00
3.09330235E+02   4188.7 3.093E+04 1.582E+11 5.044E-03 2.924E-03 2.000E+05 3.151E-04 0.000E+00
3.42399991E+02   4364.8 3.424E+04 2.110E+11 6.397E-03 3.409E-03 2.000E+05 1.004E-02 0.000E+00
3.75976222E+02   4536.3 3.760E+04 3.027E+11 8.656E-03 4.028E-03 2.000E+05 7.957E-02 0.000E+00
4.08831214E+02   4674.1 4.088E+04 4.376E+11 1.184E-02 4.727E-03 2.000E+05 1.650E-01 0.000E+00
4.40729566E+02   4804.3 4.407E+04 6.433E+11 1.640E-02 5.793E-03 2.000E+05 2.447E-01 6.781E+03
4.70495002E+02   4959.8 4.705E+04 1.028E+12 2.430E-02 7.946E-03 2.000E+05 2.950E-01 3.698E+04
4.96299248E+02   5148.2 4.963E+04 1.798E+12 3.857E-02 1.178E-02 2.000E+05 3.403E-01 6.871E+04
5.17905116E+02   5349.5 5.179E+04 3.196E+12 6.169E-02 1.803E-02 2.000E+05 3.837E-01 1.014E+05
5.35104002E+02   5602.9 5.351E+04 6.271E+12 1.067E-01 2.851E-02 2.000E+05 4.369E-01 1.691E+05
5.48880930E+02   5830.3 5.489E+04 1.101E+13 1.685E-01 3.220E-02 2.000E+05 6.027E-01 1.948E+05
5.61302215E+02   6008.5 5.613E+04 1.670E+13 2.369E-01 3.226E-02 2.000E+05 7.148E-01 2.051E+05
5.73219632E+02   6182.4 5.732E+04 2.453E+13 3.254E-01 3.305E-02 2.000E+05 7.913E-01 2.128E+05
5.85098035E+02   6335.2 5.851E+04 3.388E+13 4.263E-01 3.306E-02 2.000E+05 8.388E-01 2.152E+05
5.97217301E+02   6490.9 5.972E+04 4.636E+13 5.560E-01 3.390E-02 2.000E+05 8.746E-01 2.179E+05
6.09770254E+02   6636.2 6.097E+04 6.143E+13 7.080E-01 3.391E-02 2.000E+05 9.009E-01 2.181E+05
6.22900947E+02   6786.5 6.228E+04 8.119E+13 9.034E-01 3.455E-02 2.000E+05 9.211E-01 2.181E+05
6.36747829E+02   6930.0 6.367E+04 1.049E+14 1.135E+00 3.454E-02 2.000E+05 9.372E-01 2.173E+05
6.51398609E+02   7080.1 6.513E+04 1.357E+14 1.432E+00 3.481E-02 2.000E+05 9.496E-01 2.150E+05
6.66977572E+02   7222.3 6.669E+04 1.718E+14 1.780E+00 3.743E-02 2.000E+05 9.569E-01 2.136E+05
RADK 3.3960E-01
EGIN                    ITERATION  15 COMPLETED
