TEFF  37500.  GRAVITY 4.50000 LTE 
TITLE SDSC GRID  [-0.1]   VTURB 2.0 KM/S                                        
 OPACITY IFOP 1 1 1 1 1 1 1 1 1 1 1 1 1 0 1 0 0 0 0 0
 CONVECTION OFF  1.00 TURBULENCE OFF  0.00  0.00  0.00  0.00
ABUNDANCE SCALE   0.79430 ABUNDANCE CHANGE 1 0.91100 2 0.08900
 ABUNDANCE CHANGE  3 -10.88  4 -10.89  5  -9.44  6  -3.48  7  -3.99  8  -3.11
 ABUNDANCE CHANGE  9  -7.48 10  -3.95 11  -5.71 12  -4.46 13  -5.57 14  -4.49
 ABUNDANCE CHANGE 15  -6.59 16  -4.83 17  -6.54 18  -5.48 19  -6.82 20  -5.68
 ABUNDANCE CHANGE 21  -8.94 22  -7.05 23  -8.04 24  -6.37 25  -6.65 26  -4.37
 ABUNDANCE CHANGE 27  -7.12 28  -5.79 29  -7.83 30  -7.44 31  -9.16 32  -8.63
 ABUNDANCE CHANGE 33  -9.67 34  -8.69 35  -9.41 36  -8.81 37  -9.44 38  -9.14
 ABUNDANCE CHANGE 39  -9.80 40  -9.54 41 -10.62 42 -10.12 43 -20.00 44 -10.20
 ABUNDANCE CHANGE 45 -10.92 46 -10.35 47 -11.10 48 -10.18 49 -10.58 50 -10.04
 ABUNDANCE CHANGE 51 -11.04 52  -9.80 53 -10.53 54  -9.81 55 -10.92 56  -9.91
 ABUNDANCE CHANGE 57 -10.82 58 -10.49 59 -11.33 60 -10.54 61 -20.00 62 -11.04
 ABUNDANCE CHANGE 63 -11.53 64 -10.92 65 -11.94 66 -10.94 67 -11.78 68 -11.11
 ABUNDANCE CHANGE 69 -12.04 70 -10.96 71 -11.28 72 -11.16 73 -11.91 74 -10.93
 ABUNDANCE CHANGE 75 -11.77 76 -10.59 77 -10.69 78 -10.24 79 -11.03 80 -10.95
 ABUNDANCE CHANGE 81 -11.14 82 -10.19 83 -11.33 84 -20.00 85 -20.00 86 -20.00
 ABUNDANCE CHANGE 87 -20.00 88 -20.00 89 -20.00 90 -11.92 91 -20.00 92 -12.51
 ABUNDANCE CHANGE 93 -20.00 94 -20.00 95 -20.00 96 -20.00 97 -20.00 98 -20.00
 ABUNDANCE CHANGE 99 -20.00
READ DECK6 64 RHOX,T,P,XNE,ABROSS,ACCRAD,VTURB
 5.08800415E-06  18939.3 9.942E-02 1.902E+10 3.418E-01 1.208E+04 2.000E+05
 5.20340667E-06  20554.6 1.018E-01 1.796E+10 3.418E-01 9.683E+03 2.000E+05
 6.93412778E-06  20765.3 1.403E-01 2.449E+10 3.435E-01 9.101E+03 2.000E+05
 9.22958642E-06  20989.1 1.925E-01 3.325E+10 3.456E-01 8.679E+03 2.000E+05
 1.22708621E-05  21206.9 2.627E-01 4.491E+10 3.479E-01 8.415E+03 2.000E+05
 1.62978760E-05  21421.6 3.565E-01 6.034E+10 3.505E-01 8.250E+03 2.000E+05
 2.16274691E-05  21638.4 4.815E-01 8.068E+10 3.532E-01 8.108E+03 2.000E+05
 2.86771466E-05  21861.6 6.475E-01 1.074E+11 3.562E-01 8.064E+03 2.000E+05
 3.79948215E-05  22104.3 8.669E-01 1.422E+11 3.596E-01 8.090E+03 2.000E+05
 5.02988254E-05  22378.7 1.157E+00 1.874E+11 3.632E-01 8.033E+03 2.000E+05
 6.65475439E-05  22680.4 1.546E+00 2.471E+11 3.667E-01 7.343E+03 2.000E+05
 8.79921475E-05  22962.1 2.072E+00 3.273E+11 3.709E-01 6.840E+03 2.000E+05
 1.16239911E-04  23236.4 2.777E+00 4.335E+11 3.758E-01 6.511E+03 2.000E+05
 1.53379945E-04  23505.3 3.715E+00 5.733E+11 3.815E-01 6.276E+03 2.000E+05
 2.02131029E-04  23772.8 4.955E+00 7.560E+11 3.878E-01 6.116E+03 2.000E+05
 2.66013277E-04  24047.3 6.587E+00 9.937E+11 3.950E-01 6.028E+03 2.000E+05
 3.49558259E-04  24335.7 8.727E+00 1.301E+12 4.032E-01 5.987E+03 2.000E+05
 4.58617623E-04  24642.1 1.153E+01 1.697E+12 4.122E-01 5.934E+03 2.000E+05
 6.00759842E-04  24966.3 1.518E+01 2.207E+12 4.220E-01 5.834E+03 2.000E+05
 7.85875787E-04  25302.0 1.998E+01 2.866E+12 4.322E-01 5.604E+03 2.000E+05
 1.02669424E-03  25635.9 2.628E+01 3.720E+12 4.435E-01 5.366E+03 2.000E+05
 1.33909207E-03  25968.5 3.450E+01 4.823E+12 4.567E-01 5.217E+03 2.000E+05
 1.74301939E-03  26305.2 4.520E+01 6.238E+12 4.717E-01 5.100E+03 2.000E+05
 2.26366397E-03  26644.8 5.902E+01 8.044E+12 4.887E-01 5.031E+03 2.000E+05
 2.93252018E-03  26989.4 7.682E+01 1.034E+13 5.082E-01 5.000E+03 2.000E+05
 3.78876254E-03  27336.6 9.961E+01 1.324E+13 5.302E-01 5.011E+03 2.000E+05
 4.88192848E-03  27688.6 1.287E+02 1.689E+13 5.543E-01 5.012E+03 2.000E+05
 6.27421398E-03  28038.5 1.657E+02 2.148E+13 5.811E-01 5.047E+03 2.000E+05
 8.04471015E-03  28390.8 2.128E+02 2.724E+13 6.096E-01 5.050E+03 2.000E+05
 1.02926358E-02  28737.7 2.725E+02 3.447E+13 6.412E-01 5.080E+03 2.000E+05
 1.31362870E-02  29078.9 3.478E+02 4.349E+13 6.773E-01 5.182E+03 2.000E+05
 1.67187350E-02  29420.3 4.423E+02 5.466E+13 7.183E-01 5.341E+03 2.000E+05
 2.12148269E-02  29765.7 5.599E+02 6.840E+13 7.646E-01 5.566E+03 2.000E+05
 2.68363781E-02  30124.0 7.056E+02 8.519E+13 8.169E-01 5.853E+03 2.000E+05
 3.38392502E-02  30504.3 8.848E+02 1.055E+14 8.760E-01 6.200E+03 2.000E+05
 4.25331374E-02  30918.9 1.104E+03 1.300E+14 9.423E-01 6.586E+03 2.000E+05
 5.32964424E-02  31379.3 1.371E+03 1.591E+14 1.016E+00 6.992E+03 2.000E+05
 6.66168314E-02  31894.8 1.697E+03 1.939E+14 1.094E+00 7.362E+03 2.000E+05
 8.31156620E-02  32471.2 2.094E+03 2.353E+14 1.178E+00 7.709E+03 2.000E+05
 1.03503249E-01  33119.3 2.578E+03 2.844E+14 1.274E+00 8.075E+03 2.000E+05
 1.28591541E-01  33849.5 3.164E+03 3.422E+14 1.383E+00 8.446E+03 2.000E+05
 1.59340550E-01  34670.4 3.871E+03 4.098E+14 1.508E+00 8.789E+03 2.000E+05
 1.96924647E-01  35586.2 4.723E+03 4.887E+14 1.645E+00 9.099E+03 2.000E+05
 2.43067776E-01  36598.7 5.759E+03 5.815E+14 1.779E+00 9.242E+03 2.000E+05
 3.00041439E-01  37713.7 7.030E+03 6.916E+14 1.919E+00 9.372E+03 2.000E+05
 3.70666512E-01  38950.8 8.597E+03 8.221E+14 2.058E+00 9.473E+03 2.000E+05
 4.58866433E-01  40331.7 1.055E+04 9.775E+14 2.188E+00 9.537E+03 2.000E+05
 5.70078370E-01  41872.3 1.300E+04 1.164E+15 2.302E+00 9.556E+03 2.000E+05
 7.12162759E-01  43613.7 1.614E+04 1.390E+15 2.385E+00 9.528E+03 2.000E+05
 8.96230537E-01  45562.8 2.021E+04 1.669E+15 2.440E+00 9.455E+03 2.000E+05
 1.13782473E+00  47766.7 2.558E+04 2.018E+15 2.464E+00 9.330E+03 2.000E+05
 1.45895868E+00  50257.1 3.276E+04 2.457E+15 2.456E+00 9.191E+03 2.000E+05
 1.89385889E+00  53063.0 4.259E+04 3.026E+15 2.395E+00 8.885E+03 2.000E+05
 2.49165193E+00  56234.7 5.626E+04 3.773E+15 2.311E+00 8.614E+03 2.000E+05
 3.32369532E+00  59784.1 7.558E+04 4.769E+15 2.198E+00 8.188E+03 2.000E+05
 4.49469583E+00  63736.1 1.033E+05 6.113E+15 2.081E+00 7.774E+03 2.000E+05
 6.13763255E+00  68087.1 1.428E+05 7.911E+15 1.987E+00 7.415E+03 2.000E+05
 8.42608342E+00  72826.8 1.986E+05 1.029E+16 1.907E+00 7.110E+03 2.000E+05
 1.15950562E+01  77978.4 2.767E+05 1.338E+16 1.844E+00 6.869E+03 2.000E+05
 1.59122390E+01  83556.1 3.838E+05 1.733E+16 1.823E+00 6.779E+03 2.000E+05
 2.17215255E+01  89605.0 5.282E+05 2.224E+16 1.811E+00 6.741E+03 2.000E+05
 2.94537186E+01  96125.3 7.205E+05 2.828E+16 1.827E+00 6.771E+03 2.000E+05
 3.96899235E+01 103199.4 9.747E+05 3.563E+16 1.837E+00 6.802E+03 2.000E+05
 5.32308527E+01 110790.0 1.313E+06 4.469E+16 1.857E+00 6.550E+03 2.000E+05
PRADK 3.6680E+03
BEGIN                    ITERATION   6 COMPLETED
