EFF  27000.  GRAVITY 4.00000 LTE 
ITLE SDSC GRID  [-5.0]   VTURB 2.0 KM/S                                        
OPACITY IFOP 1 1 1 1 1 1 1 1 1 1 1 1 1 0 1 0 0 0 0 0
CONVECTION OFF  1.00 TURBULENCE OFF  0.00  0.00  0.00  0.00
BUNDANCE SCALE   0.00001 ABUNDANCE CHANGE 1 0.91100 2 0.08900
ABUNDANCE CHANGE  3 -10.88  4 -10.89  5  -9.44  6  -3.48  7  -3.99  8  -3.11
ABUNDANCE CHANGE  9  -7.48 10  -3.95 11  -5.71 12  -4.46 13  -5.57 14  -4.49
ABUNDANCE CHANGE 15  -6.59 16  -4.83 17  -6.54 18  -5.48 19  -6.82 20  -5.68
ABUNDANCE CHANGE 21  -8.94 22  -7.05 23  -8.04 24  -6.37 25  -6.65 26  -4.37
ABUNDANCE CHANGE 27  -7.12 28  -5.79 29  -7.83 30  -7.44 31  -9.16 32  -8.63
ABUNDANCE CHANGE 33  -9.67 34  -8.69 35  -9.41 36  -8.81 37  -9.44 38  -9.14
ABUNDANCE CHANGE 39  -9.80 40  -9.54 41 -10.62 42 -10.12 43 -20.00 44 -10.20
ABUNDANCE CHANGE 45 -10.92 46 -10.35 47 -11.10 48 -10.18 49 -10.58 50 -10.04
ABUNDANCE CHANGE 51 -11.04 52  -9.80 53 -10.53 54  -9.81 55 -10.92 56  -9.91
ABUNDANCE CHANGE 57 -10.82 58 -10.49 59 -11.33 60 -10.54 61 -20.00 62 -11.04
ABUNDANCE CHANGE 63 -11.53 64 -10.92 65 -11.94 66 -10.94 67 -11.78 68 -11.11
ABUNDANCE CHANGE 69 -12.04 70 -10.96 71 -11.28 72 -11.16 73 -11.91 74 -10.93
ABUNDANCE CHANGE 75 -11.77 76 -10.59 77 -10.69 78 -10.24 79 -11.03 80 -10.95
ABUNDANCE CHANGE 81 -11.14 82 -10.19 83 -11.33 84 -20.00 85 -20.00 86 -20.00
ABUNDANCE CHANGE 87 -20.00 88 -20.00 89 -20.00 90 -11.92 91 -20.00 92 -12.51
ABUNDANCE CHANGE 93 -20.00 94 -20.00 95 -20.00 96 -20.00 97 -20.00 98 -20.00
ABUNDANCE CHANGE 99 -20.00
EAD DECK6 64 RHOX,T,P,XNE,ABROSS,ACCRAD,VTURB
5.57322645E-06  15522.5 5.385E-02 1.256E+10 3.176E-01 3.171E+02 2.000E+05
5.81395419E-06  15523.5 5.617E-02 1.310E+10 3.176E-01 3.171E+02 2.000E+05
7.61655062E-06  15524.5 7.359E-02 1.717E+10 3.182E-01 3.174E+02 2.000E+05
1.01353642E-05  15525.5 9.794E-02 2.284E+10 3.189E-01 3.177E+02 2.000E+05
1.34656542E-05  15526.5 1.302E-01 3.036E+10 3.196E-01 3.182E+02 2.000E+05
1.78820877E-05  15527.5 1.729E-01 4.032E+10 3.205E-01 3.189E+02 2.000E+05
2.37369773E-05  15528.5 2.296E-01 5.353E+10 3.214E-01 3.198E+02 2.000E+05
3.15136148E-05  15529.5 3.048E-01 7.107E+10 3.223E-01 3.210E+02 2.000E+05
4.18407177E-05  15530.5 4.048E-01 9.437E+10 3.233E-01 3.225E+02 2.000E+05
5.55703226E-05  15532.3 5.376E-01 1.253E+11 3.245E-01 3.245E+02 2.000E+05
7.38093958E-05  15538.5 7.141E-01 1.664E+11 3.258E-01 3.270E+02 2.000E+05
9.80267923E-05  15549.0 9.483E-01 2.208E+11 3.274E-01 3.304E+02 2.000E+05
1.30137371E-04  15557.8 1.259E+00 2.929E+11 3.294E-01 3.348E+02 2.000E+05
1.72688240E-04  15571.1 1.670E+00 3.882E+11 3.317E-01 3.405E+02 2.000E+05
2.28967529E-04  15589.2 2.213E+00 5.140E+11 3.347E-01 3.477E+02 2.000E+05
3.03262419E-04  15615.1 2.930E+00 6.792E+11 3.385E-01 3.569E+02 2.000E+05
4.01113278E-04  15649.1 3.873E+00 8.958E+11 3.432E-01 3.683E+02 2.000E+05
5.29615901E-04  15695.9 5.110E+00 1.178E+12 3.490E-01 3.820E+02 2.000E+05
6.97812547E-04  15755.3 6.726E+00 1.545E+12 3.562E-01 3.980E+02 2.000E+05
9.17178360E-04  15829.8 8.831E+00 2.019E+12 3.648E-01 4.162E+02 2.000E+05
1.20215460E-03  15915.2 1.156E+01 2.628E+12 3.753E-01 4.368E+02 2.000E+05
1.57083167E-03  16013.2 1.508E+01 3.407E+12 3.876E-01 4.597E+02 2.000E+05
2.04569766E-03  16119.3 1.960E+01 4.400E+12 4.022E-01 4.853E+02 2.000E+05
2.65453661E-03  16232.7 2.539E+01 5.658E+12 4.192E-01 5.149E+02 2.000E+05
3.43153492E-03  16352.8 3.274E+01 7.243E+12 4.390E-01 5.497E+02 2.000E+05
4.41895151E-03  16488.9 4.206E+01 9.225E+12 4.615E-01 5.891E+02 2.000E+05
5.66951536E-03  16646.4 5.380E+01 1.169E+13 4.866E-01 6.315E+02 2.000E+05
7.24950330E-03  16831.0 6.856E+01 1.473E+13 5.140E-01 6.748E+02 2.000E+05
9.24238034E-03  17042.4 8.710E+01 1.848E+13 5.438E-01 7.178E+02 2.000E+05
1.17528751E-02  17279.7 1.104E+02 2.309E+13 5.760E-01 7.600E+02 2.000E+05
1.49118583E-02  17540.4 1.395E+02 2.875E+13 6.107E-01 8.017E+02 2.000E+05
1.88820810E-02  17821.1 1.759E+02 3.569E+13 6.484E-01 8.441E+02 2.000E+05
2.38652404E-02  18120.2 2.214E+02 4.418E+13 6.894E-01 8.893E+02 2.000E+05
3.01111045E-02  18436.6 2.782E+02 5.455E+13 7.339E-01 9.397E+02 2.000E+05
3.79305351E-02  18774.0 3.488E+02 6.718E+13 7.820E-01 9.970E+02 2.000E+05
4.77135947E-02  19138.3 4.365E+02 8.248E+13 8.336E-01 1.063E+03 2.000E+05
5.99567802E-02  19539.6 5.455E+02 1.009E+14 8.877E-01 1.138E+03 2.000E+05
7.53033963E-02  19991.9 6.808E+02 1.231E+14 9.433E-01 1.220E+03 2.000E+05
9.45926066E-02  20510.2 8.493E+02 1.497E+14 9.992E-01 1.307E+03 2.000E+05
1.18922155E-01  21107.9 1.060E+03 1.816E+14 1.055E+00 1.394E+03 2.000E+05
1.49718749E-01  21796.4 1.323E+03 2.196E+14 1.109E+00 1.476E+03 2.000E+05
1.88805623E-01  22581.3 1.655E+03 2.650E+14 1.165E+00 1.553E+03 2.000E+05
2.38480047E-01  23471.2 2.073E+03 3.194E+14 1.222E+00 1.625E+03 2.000E+05
3.01601596E-01  24464.6 2.599E+03 3.842E+14 1.283E+00 1.688E+03 2.000E+05
3.81683830E-01  25567.0 3.263E+03 4.615E+14 1.350E+00 1.746E+03 2.000E+05
4.82914118E-01  26767.9 4.095E+03 5.533E+14 1.427E+00 1.799E+03 2.000E+05
6.10307154E-01  28069.6 5.136E+03 6.618E+14 1.516E+00 1.856E+03 2.000E+05
7.69825813E-01  29480.8 6.430E+03 7.890E+14 1.619E+00 1.922E+03 2.000E+05
9.68547370E-01  31010.9 8.027E+03 9.370E+14 1.737E+00 2.002E+03 2.000E+05
1.21445520E+00  32667.0 9.981E+03 1.107E+15 1.880E+00 2.107E+03 2.000E+05
1.51581421E+00  34478.2 1.234E+04 1.301E+15 2.056E+00 2.246E+03 2.000E+05
1.88120518E+00  36456.4 1.514E+04 1.519E+15 2.273E+00 2.419E+03 2.000E+05
2.32273559E+00  38612.4 1.845E+04 1.762E+15 2.494E+00 2.584E+03 2.000E+05
2.87105609E+00  40949.5 2.250E+04 2.044E+15 2.611E+00 2.636E+03 2.000E+05
3.59409950E+00  43458.4 2.785E+04 2.399E+15 2.564E+00 2.551E+03 2.000E+05
4.59861759E+00  46206.9 3.541E+04 2.879E+15 2.416E+00 2.399E+03 2.000E+05
6.03044504E+00  49235.9 4.641E+04 3.548E+15 2.252E+00 2.243E+03 2.000E+05
8.08255777E+00  52612.6 6.250E+04 4.476E+15 2.094E+00 2.086E+03 2.000E+05
1.10142484E+01  56268.5 8.591E+04 5.755E+15 1.962E+00 1.948E+03 2.000E+05
1.51809956E+01  60295.3 1.198E+05 7.488E+15 1.844E+00 1.817E+03 2.000E+05
2.10497710E+01  64594.7 1.681E+05 9.814E+15 1.756E+00 1.708E+03 2.000E+05
2.92533243E+01  69305.2 2.366E+05 1.287E+16 1.682E+00 1.610E+03 2.000E+05
4.05619530E+01  74336.7 3.320E+05 1.684E+16 1.636E+00 1.527E+03 2.000E+05
5.59939434E+01  79782.7 4.629E+05 2.188E+16 1.608E+00 1.505E+03 2.000E+05
RADK 9.7132E+02
EGIN                    ITERATION   9 COMPLETED
