EFF   8000.  GRAVITY 2.00000 LTE 
ITLE SDSC GRID  [-5.0]   VTURB 2.0 KM/S    L/H 1.25                            
OPACITY IFOP 1 1 1 1 1 1 1 1 1 1 1 1 1 0 1 0 0 0 0 0
CONVECTION ON   1.25 TURBULENCE OFF  0.00  0.00  0.00  0.00
BUNDANCE SCALE   0.00001 ABUNDANCE CHANGE 1 0.91100 2 0.08900
ABUNDANCE CHANGE  3 -10.88  4 -10.89  5  -9.44  6  -3.48  7  -3.99  8  -3.11
ABUNDANCE CHANGE  9  -7.48 10  -3.95 11  -5.71 12  -4.46 13  -5.57 14  -4.49
ABUNDANCE CHANGE 15  -6.59 16  -4.83 17  -6.54 18  -5.48 19  -6.82 20  -5.68
ABUNDANCE CHANGE 21  -8.94 22  -7.05 23  -8.04 24  -6.37 25  -6.65 26  -4.37
ABUNDANCE CHANGE 27  -7.12 28  -5.79 29  -7.83 30  -7.44 31  -9.16 32  -8.63
ABUNDANCE CHANGE 33  -9.67 34  -8.69 35  -9.41 36  -8.81 37  -9.44 38  -9.14
ABUNDANCE CHANGE 39  -9.80 40  -9.54 41 -10.62 42 -10.12 43 -20.00 44 -10.20
ABUNDANCE CHANGE 45 -10.92 46 -10.35 47 -11.10 48 -10.18 49 -10.58 50 -10.04
ABUNDANCE CHANGE 51 -11.04 52  -9.80 53 -10.53 54  -9.81 55 -10.92 56  -9.91
ABUNDANCE CHANGE 57 -10.82 58 -10.49 59 -11.33 60 -10.54 61 -20.00 62 -11.04
ABUNDANCE CHANGE 63 -11.53 64 -10.92 65 -11.94 66 -10.94 67 -11.78 68 -11.11
ABUNDANCE CHANGE 69 -12.04 70 -10.96 71 -11.28 72 -11.16 73 -11.91 74 -10.93
ABUNDANCE CHANGE 75 -11.77 76 -10.59 77 -10.69 78 -10.24 79 -11.03 80 -10.95
ABUNDANCE CHANGE 81 -11.14 82 -10.19 83 -11.33 84 -20.00 85 -20.00 86 -20.00
ABUNDANCE CHANGE 87 -20.00 88 -20.00 89 -20.00 90 -11.92 91 -20.00 92 -12.51
ABUNDANCE CHANGE 93 -20.00 94 -20.00 95 -20.00 96 -20.00 97 -20.00 98 -20.00
ABUNDANCE CHANGE 99 -20.00
EAD DECK6 72 RHOX,T,P,XNE,ABROSS,ACCRAD,VTURB
4.88074614E-07   5592.8 4.776E-05 2.872E+07 2.732E-01 2.151E+00 2.000E+05 0.000E+00 0.000E+00
6.51891876E-07   5600.8 6.379E-05 3.804E+07 2.698E-01 2.124E+00 2.000E+05 0.000E+00 0.000E+00
8.73518817E-07   5608.4 8.548E-05 5.046E+07 2.654E-01 2.091E+00 2.000E+05 0.000E+00 0.000E+00
1.17438134E-06   5617.6 1.149E-04 6.701E+07 2.603E-01 2.051E+00 2.000E+05 0.000E+00 0.000E+00
1.58446037E-06   5627.9 1.551E-04 8.908E+07 2.542E-01 2.004E+00 2.000E+05 0.000E+00 0.000E+00
2.14571425E-06   5639.5 2.101E-04 1.185E+08 2.472E-01 1.949E+00 2.000E+05 0.000E+00 0.000E+00
2.91757303E-06   5652.2 2.858E-04 1.578E+08 2.391E-01 1.886E+00 2.000E+05 0.000E+00 0.000E+00
3.98515745E-06   5665.3 3.906E-04 2.102E+08 2.298E-01 1.814E+00 2.000E+05 0.000E+00 0.000E+00
5.47226610E-06   5678.2 5.367E-04 2.800E+08 2.191E-01 1.732E+00 2.000E+05 0.000E+00 0.000E+00
7.56275916E-06   5689.9 7.422E-04 3.730E+08 2.068E-01 1.637E+00 2.000E+05 0.000E+00 0.000E+00
1.05344484E-05   5700.5 1.035E-03 4.967E+08 1.929E-01 1.530E+00 2.000E+05 0.000E+00 0.000E+00
1.48105191E-05   5710.7 1.456E-03 6.615E+08 1.777E-01 1.413E+00 2.000E+05 0.000E+00 0.000E+00
2.10462738E-05   5720.0 2.071E-03 8.805E+08 1.614E-01 1.288E+00 2.000E+05 0.000E+00 0.000E+00
3.02575892E-05   5730.1 2.981E-03 1.173E+09 1.449E-01 1.162E+00 2.000E+05 0.000E+00 0.000E+00
4.40261130E-05   5740.3 4.343E-03 1.562E+09 1.285E-01 1.036E+00 2.000E+05 0.000E+00 0.000E+00
6.48966199E-05   5749.5 6.410E-03 2.077E+09 1.123E-01 9.121E-01 2.000E+05 0.000E+00 0.000E+00
9.67233754E-05   5763.2 9.565E-03 2.776E+09 9.816E-02 8.036E-01 2.000E+05 0.000E+00 0.000E+00
1.46092633E-04   5767.4 1.447E-02 3.652E+09 8.309E-02 6.903E-01 2.000E+05 0.000E+00 0.000E+00
2.24175709E-04   5773.8 2.222E-02 4.825E+09 6.995E-02 5.927E-01 2.000E+05 0.000E+00 0.000E+00
3.48375767E-04   5780.2 3.458E-02 6.369E+09 5.847E-02 5.082E-01 2.000E+05 0.000E+00 0.000E+00
5.45791123E-04   5791.4 5.422E-02 8.464E+09 4.926E-02 4.408E-01 2.000E+05 0.000E+00 0.000E+00
8.57361164E-04   5805.2 8.525E-02 1.126E+10 4.179E-02 3.873E-01 2.000E+05 0.000E+00 0.000E+00
1.34081545E-03   5827.7 1.334E-01 1.515E+10 3.640E-02 3.498E-01 2.000E+05 0.000E+00 0.000E+00
2.06894600E-03   5859.1 2.060E-01 2.054E+10 3.275E-02 3.259E-01 2.000E+05 0.000E+00 0.000E+00
3.12709826E-03   5900.9 3.115E-01 2.809E+10 3.066E-02 3.146E-01 2.000E+05 0.000E+00 0.000E+00
4.59255853E-03   5957.3 4.575E-01 3.891E+10 3.029E-02 3.164E-01 2.000E+05 0.000E+00 0.000E+00
6.52306986E-03   6024.3 6.500E-01 5.394E+10 3.130E-02 3.282E-01 2.000E+05 0.000E+00 0.000E+00
8.96818347E-03   6097.2 8.937E-01 7.412E+10 3.339E-02 3.466E-01 2.000E+05 0.000E+00 0.000E+00
1.20233920E-02   6163.4 1.198E+00 9.883E+10 3.552E-02 3.622E-01 2.000E+05 0.000E+00 0.000E+00
1.59224118E-02   6210.2 1.587E+00 1.258E+11 3.635E-02 3.668E-01 2.000E+05 0.000E+00 0.000E+00
2.11512794E-02   6233.7 2.108E+00 1.533E+11 3.530E-02 3.598E-01 2.000E+05 0.000E+00 0.000E+00
2.84352639E-02   6244.7 2.833E+00 1.833E+11 3.337E-02 3.486E-01 2.000E+05 0.000E+00 0.000E+00
3.87252375E-02   6254.5 3.859E+00 2.200E+11 3.160E-02 3.396E-01 2.000E+05 0.000E+00 0.000E+00
5.31289200E-02   6265.7 5.294E+00 2.655E+11 3.031E-02 3.344E-01 2.000E+05 0.000E+00 0.000E+00
7.29638077E-02   6279.8 7.271E+00 3.220E+11 2.962E-02 3.339E-01 2.000E+05 0.000E+00 0.000E+00
9.97908037E-02   6295.4 9.945E+00 3.907E+11 2.946E-02 3.372E-01 2.000E+05 0.000E+00 0.000E+00
1.35281254E-01   6315.5 1.348E+01 4.755E+11 3.005E-02 3.465E-01 2.000E+05 0.000E+00 0.000E+00
1.81254050E-01   6337.3 1.806E+01 5.769E+11 3.120E-02 3.599E-01 2.000E+05 0.000E+00 0.000E+00
2.39625755E-01   6362.9 2.388E+01 6.998E+11 3.310E-02 3.796E-01 2.000E+05 0.000E+00 0.000E+00
3.12424940E-01   6390.7 3.113E+01 8.460E+11 3.566E-02 4.047E-01 2.000E+05 0.000E+00 0.000E+00
4.01582347E-01   6423.9 4.001E+01 1.025E+12 3.921E-02 4.388E-01 2.000E+05 0.000E+00 0.000E+00
5.08869705E-01   6461.0 5.069E+01 1.241E+12 4.376E-02 4.820E-01 2.000E+05 0.000E+00 0.000E+00
6.35978010E-01   6503.7 6.333E+01 1.506E+12 4.967E-02 5.379E-01 2.000E+05 0.000E+00 0.000E+00
7.83970767E-01   6553.5 7.805E+01 1.837E+12 5.739E-02 6.112E-01 2.000E+05 0.000E+00 0.000E+00
9.53108081E-01   6611.9 9.485E+01 2.257E+12 6.763E-02 7.086E-01 2.000E+05 0.000E+00 0.000E+00
1.14205164E+00   6682.9 1.136E+02 2.808E+12 8.179E-02 8.433E-01 2.000E+05 0.000E+00 0.000E+00
1.34774608E+00   6767.1 1.340E+02 3.535E+12 1.015E-01 1.032E+00 2.000E+05 0.000E+00 0.000E+00
1.56552648E+00   6867.6 1.555E+02 4.520E+12 1.298E-01 1.304E+00 2.000E+05 3.186E-17 0.000E+00
1.78851666E+00   6988.0 1.775E+02 5.882E+12 1.722E-01 1.712E+00 2.000E+05 1.771E-15 3.394E+01
2.00797909E+00   7132.9 1.990E+02 7.814E+12 2.385E-01 2.346E+00 2.000E+05 2.403E-14 7.682E+01
2.21444479E+00   7306.0 2.190E+02 1.060E+13 3.462E-01 3.365E+00 2.000E+05 1.858E-13 1.448E+02
2.39949679E+00   7510.6 2.368E+02 1.462E+13 5.279E-01 5.063E+00 2.000E+05 2.090E-12 3.087E+02
2.55733118E+00   7751.8 2.516E+02 2.047E+13 8.450E-01 7.948E+00 2.000E+05 5.816E-11 8.376E+02
2.68613507E+00   8031.3 2.631E+02 2.874E+13 1.404E+00 1.287E+01 2.000E+05 2.237E-09 2.740E+03
2.78892636E+00   8347.7 2.717E+02 3.982E+13 2.347E+00 2.078E+01 2.000E+05 7.621E-08 9.318E+03
2.87158158E+00   8702.1 2.778E+02 5.340E+13 3.823E+00 3.258E+01 2.000E+05 2.394E-06 2.785E+04
2.94162844E+00   9095.3 2.820E+02 6.782E+13 5.700E+00 4.674E+01 2.000E+05 1.190E-05 5.773E+04
3.00934118E+00   9538.3 2.852E+02 8.028E+13 7.402E+00 5.887E+01 2.000E+05 1.318E-05 6.455E+04
3.08563871E+00  10031.5 2.882E+02 8.780E+13 7.950E+00 6.208E+01 2.000E+05 2.544E-06 3.301E+04
3.19058933E+00  10588.2 2.925E+02 9.042E+13 7.106E+00 5.503E+01 2.000E+05 8.120E-08 9.253E+03
3.35549158E+00  11211.0 3.009E+02 9.056E+13 5.685E+00 4.420E+01 2.000E+05 1.127E-09 2.250E+03
3.64042476E+00  11916.2 3.184E+02 9.133E+13 4.323E+00 3.381E+01 2.000E+05 1.098E-11 6.441E+02
4.13856357E+00  12701.7 3.535E+02 9.571E+13 3.331E+00 2.611E+01 2.000E+05 2.327E-13 2.447E+02
4.97714595E+00  13564.2 4.178E+02 1.065E+14 2.719E+00 2.123E+01 2.000E+05 9.096E-14 1.574E+02
6.29370234E+00  14499.7 5.235E+02 1.261E+14 2.395E+00 1.860E+01 2.000E+05 1.394E-13 1.924E+02
8.22421487E+00  15516.3 6.821E+02 1.557E+14 2.232E+00 1.727E+01 2.000E+05 1.529E-13 1.858E+02
1.09551818E+01  16616.6 9.093E+02 1.959E+14 2.121E+00 1.637E+01 2.000E+05 1.939E-14 3.440E+01
1.47784389E+01  17809.2 1.231E+03 2.488E+14 2.025E+00 1.562E+01 2.000E+05 1.054E-17 0.000E+00
2.00847262E+01  19100.0 1.680E+03 3.175E+14 1.958E+00 1.509E+01 2.000E+05 0.000E+00 0.000E+00
2.73422820E+01  20492.6 2.297E+03 4.051E+14 1.924E+00 1.479E+01 2.000E+05 0.000E+00 0.000E+00
3.71077873E+01  21996.1 3.130E+03 5.143E+14 1.922E+00 1.472E+01 2.000E+05 0.000E+00 0.000E+00
5.00219460E+01  23612.7 4.232E+03 6.480E+14 1.951E+00 1.454E+01 2.000E+05 0.000E+00 0.000E+00
RADK 5.4821E+00
EGIN                    ITERATION  15 COMPLETED
