EFF  24000.  GRAVITY 4.50000 LTE 
ITLE SDSC GRID  [-1.0]   VTURB 2.0 KM/S                                        
OPACITY IFOP 1 1 1 1 1 1 1 1 1 1 1 1 1 0 1 0 0 0 0 0
CONVECTION OFF  1.00 TURBULENCE OFF  0.00  0.00  0.00  0.00
BUNDANCE SCALE   0.10000 ABUNDANCE CHANGE 1 0.91100 2 0.08900
ABUNDANCE CHANGE  3 -10.88  4 -10.89  5  -9.44  6  -3.48  7  -3.99  8  -3.11
ABUNDANCE CHANGE  9  -7.48 10  -3.95 11  -5.71 12  -4.46 13  -5.57 14  -4.49
ABUNDANCE CHANGE 15  -6.59 16  -4.83 17  -6.54 18  -5.48 19  -6.82 20  -5.68
ABUNDANCE CHANGE 21  -8.94 22  -7.05 23  -8.04 24  -6.37 25  -6.65 26  -4.37
ABUNDANCE CHANGE 27  -7.12 28  -5.79 29  -7.83 30  -7.44 31  -9.16 32  -8.63
ABUNDANCE CHANGE 33  -9.67 34  -8.69 35  -9.41 36  -8.81 37  -9.44 38  -9.14
ABUNDANCE CHANGE 39  -9.80 40  -9.54 41 -10.62 42 -10.12 43 -20.00 44 -10.20
ABUNDANCE CHANGE 45 -10.92 46 -10.35 47 -11.10 48 -10.18 49 -10.58 50 -10.04
ABUNDANCE CHANGE 51 -11.04 52  -9.80 53 -10.53 54  -9.81 55 -10.92 56  -9.91
ABUNDANCE CHANGE 57 -10.82 58 -10.49 59 -11.33 60 -10.54 61 -20.00 62 -11.04
ABUNDANCE CHANGE 63 -11.53 64 -10.92 65 -11.94 66 -10.94 67 -11.78 68 -11.11
ABUNDANCE CHANGE 69 -12.04 70 -10.96 71 -11.28 72 -11.16 73 -11.91 74 -10.93
ABUNDANCE CHANGE 75 -11.77 76 -10.59 77 -10.69 78 -10.24 79 -11.03 80 -10.95
ABUNDANCE CHANGE 81 -11.14 82 -10.19 83 -11.33 84 -20.00 85 -20.00 86 -20.00
ABUNDANCE CHANGE 87 -20.00 88 -20.00 89 -20.00 90 -11.92 91 -20.00 92 -12.51
ABUNDANCE CHANGE 93 -20.00 94 -20.00 95 -20.00 96 -20.00 97 -20.00 98 -20.00
ABUNDANCE CHANGE 99 -20.00
EAD DECK6 64 RHOX,T,P,XNE,ABROSS,ACCRAD,VTURB
4.96380987E-06  13342.1 1.557E-01 4.225E+10 3.305E-01 2.738E+02 2.000E+05
5.35298996E-06  13356.6 1.679E-01 4.551E+10 3.305E-01 2.732E+02 2.000E+05
7.13548574E-06  13357.6 2.238E-01 6.065E+10 3.317E-01 2.804E+02 2.000E+05
9.50734831E-06  13358.6 2.982E-01 8.078E+10 3.332E-01 2.890E+02 2.000E+05
1.26624512E-05  13359.6 3.970E-01 1.075E+11 3.349E-01 2.979E+02 2.000E+05
1.68479245E-05  13365.5 5.281E-01 1.430E+11 3.370E-01 3.076E+02 2.000E+05
2.23926384E-05  13385.1 7.017E-01 1.896E+11 3.397E-01 3.183E+02 2.000E+05
2.97217876E-05  13417.4 9.311E-01 2.509E+11 3.430E-01 3.297E+02 2.000E+05
3.93864542E-05  13462.5 1.233E+00 3.312E+11 3.472E-01 3.419E+02 2.000E+05
5.21028562E-05  13516.9 1.631E+00 4.361E+11 3.523E-01 3.552E+02 2.000E+05
6.87911703E-05  13582.2 2.153E+00 5.726E+11 3.584E-01 3.697E+02 2.000E+05
9.06268546E-05  13659.4 2.835E+00 7.496E+11 3.659E-01 3.851E+02 2.000E+05
1.19097181E-04  13752.7 3.724E+00 9.776E+11 3.749E-01 4.002E+02 2.000E+05
1.56079999E-04  13859.5 4.879E+00 1.270E+12 3.856E-01 4.142E+02 2.000E+05
2.03939258E-04  13975.9 6.372E+00 1.645E+12 3.980E-01 4.271E+02 2.000E+05
2.65632303E-04  14097.7 8.296E+00 2.123E+12 4.126E-01 4.393E+02 2.000E+05
3.44810257E-04  14227.9 1.076E+01 2.729E+12 4.297E-01 4.486E+02 2.000E+05
4.45909343E-04  14353.8 1.392E+01 3.496E+12 4.500E-01 4.597E+02 2.000E+05
5.74286369E-04  14467.7 1.792E+01 4.464E+12 4.738E-01 4.759E+02 2.000E+05
7.36394012E-04  14573.7 2.296E+01 5.678E+12 5.017E-01 4.982E+02 2.000E+05
9.39995243E-04  14675.2 2.930E+01 7.191E+12 5.340E-01 5.272E+02 2.000E+05
1.19440014E-03  14780.1 3.720E+01 9.063E+12 5.712E-01 5.626E+02 2.000E+05
1.51087732E-03  14892.0 4.703E+01 1.137E+13 6.134E-01 6.034E+02 2.000E+05
1.90329727E-03  15014.7 5.919E+01 1.418E+13 6.605E-01 6.474E+02 2.000E+05
2.38885837E-03  15151.9 7.422E+01 1.762E+13 7.124E-01 6.921E+02 2.000E+05
2.98886183E-03  15303.2 9.276E+01 2.180E+13 7.692E-01 7.365E+02 2.000E+05
3.72927095E-03  15469.3 1.156E+02 2.688E+13 8.318E-01 7.810E+02 2.000E+05
4.64159088E-03  15646.0 1.437E+02 3.304E+13 9.008E-01 8.256E+02 2.000E+05
5.76444482E-03  15830.2 1.783E+02 4.052E+13 9.766E-01 8.714E+02 2.000E+05
7.14375429E-03  16020.6 2.207E+02 4.956E+13 1.062E+00 9.211E+02 2.000E+05
8.83415580E-03  16213.5 2.725E+02 6.048E+13 1.156E+00 9.777E+02 2.000E+05
1.09014701E-02  16409.5 3.358E+02 7.364E+13 1.262E+00 1.045E+03 2.000E+05
1.34237872E-02  16611.3 4.128E+02 8.944E+13 1.381E+00 1.128E+03 2.000E+05
1.64977157E-02  16822.7 5.064E+02 1.083E+14 1.511E+00 1.225E+03 2.000E+05
2.02475758E-02  17052.6 6.202E+02 1.309E+14 1.650E+00 1.337E+03 2.000E+05
2.48350947E-02  17311.8 7.588E+02 1.578E+14 1.794E+00 1.459E+03 2.000E+05
3.04755273E-02  17612.2 9.286E+02 1.899E+14 1.941E+00 1.589E+03 2.000E+05
3.74504502E-02  17969.7 1.138E+03 2.282E+14 2.087E+00 1.723E+03 2.000E+05
4.61248299E-02  18391.7 1.396E+03 2.738E+14 2.231E+00 1.855E+03 2.000E+05
5.69865901E-02  18883.8 1.719E+03 3.284E+14 2.368E+00 1.980E+03 2.000E+05
7.06893415E-02  19455.8 2.124E+03 3.942E+14 2.494E+00 2.093E+03 2.000E+05
8.81031145E-02  20116.6 2.638E+03 4.735E+14 2.608E+00 2.188E+03 2.000E+05
1.10372313E-01  20871.6 3.292E+03 5.698E+14 2.714E+00 2.262E+03 2.000E+05
1.38896203E-01  21727.4 4.129E+03 6.866E+14 2.827E+00 2.328E+03 2.000E+05
1.75426011E-01  22681.8 5.198E+03 8.282E+14 2.943E+00 2.377E+03 2.000E+05
2.22248842E-01  23730.4 6.567E+03 1.000E+15 3.062E+00 2.406E+03 2.000E+05
2.82101771E-01  24875.0 8.314E+03 1.208E+15 3.204E+00 2.443E+03 2.000E+05
3.58100312E-01  26119.4 1.053E+04 1.457E+15 3.377E+00 2.491E+03 2.000E+05
4.53925448E-01  27465.3 1.332E+04 1.753E+15 3.583E+00 2.554E+03 2.000E+05
5.73889374E-01  28925.4 1.680E+04 2.100E+15 3.830E+00 2.649E+03 2.000E+05
7.23055848E-01  30515.5 2.111E+04 2.502E+15 4.118E+00 2.775E+03 2.000E+05
9.07904715E-01  32256.9 2.643E+04 2.964E+15 4.439E+00 2.931E+03 2.000E+05
1.13533722E+00  34166.9 3.293E+04 3.491E+15 4.835E+00 3.142E+03 2.000E+05
1.41252215E+00  36268.4 4.079E+04 4.084E+15 5.311E+00 3.402E+03 2.000E+05
1.74782117E+00  38568.7 5.020E+04 4.753E+15 5.871E+00 3.714E+03 2.000E+05
2.15462764E+00  41098.1 6.149E+04 5.513E+15 6.385E+00 3.988E+03 2.000E+05
2.66817110E+00  43854.3 7.566E+04 6.416E+15 6.534E+00 4.057E+03 2.000E+05
3.36720494E+00  46872.6 9.500E+04 7.587E+15 6.186E+00 3.847E+03 2.000E+05
4.36854037E+00  50123.7 1.230E+05 9.216E+15 5.659E+00 3.531E+03 2.000E+05
5.83765177E+00  53687.2 1.645E+05 1.153E+16 5.146E+00 3.204E+03 2.000E+05
7.98049904E+00  57527.5 2.257E+05 1.478E+16 4.728E+00 2.925E+03 2.000E+05
1.10788711E+01  61687.6 3.150E+05 1.924E+16 4.382E+00 2.686E+03 2.000E+05
1.55067994E+01  66177.9 4.437E+05 2.526E+16 4.109E+00 2.481E+03 2.000E+05
2.17455242E+01  70995.3 6.258E+05 3.322E+16 3.900E+00 2.385E+03 2.000E+05
RADK 6.0176E+02
EGIN                    ITERATION   9 COMPLETED
