EFF   6750.  GRAVITY 0.50000 LTE 
ITLE SDSC GRID  [-0.5]   VTURB 2.0 KM/S    L/H 1.25                            
OPACITY IFOP 1 1 1 1 1 1 1 1 1 1 1 1 1 0 1 0 0 0 0 0
CONVECTION ON   1.25 TURBULENCE OFF  0.00  0.00  0.00  0.00
BUNDANCE SCALE   0.31620 ABUNDANCE CHANGE 1 0.91100 2 0.08900
ABUNDANCE CHANGE  3 -10.88  4 -10.89  5  -9.44  6  -3.48  7  -3.99  8  -3.11
ABUNDANCE CHANGE  9  -7.48 10  -3.95 11  -5.71 12  -4.46 13  -5.57 14  -4.49
ABUNDANCE CHANGE 15  -6.59 16  -4.83 17  -6.54 18  -5.48 19  -6.82 20  -5.68
ABUNDANCE CHANGE 21  -8.94 22  -7.05 23  -8.04 24  -6.37 25  -6.65 26  -4.37
ABUNDANCE CHANGE 27  -7.12 28  -5.79 29  -7.83 30  -7.44 31  -9.16 32  -8.63
ABUNDANCE CHANGE 33  -9.67 34  -8.69 35  -9.41 36  -8.81 37  -9.44 38  -9.14
ABUNDANCE CHANGE 39  -9.80 40  -9.54 41 -10.62 42 -10.12 43 -20.00 44 -10.20
ABUNDANCE CHANGE 45 -10.92 46 -10.35 47 -11.10 48 -10.18 49 -10.58 50 -10.04
ABUNDANCE CHANGE 51 -11.04 52  -9.80 53 -10.53 54  -9.81 55 -10.92 56  -9.91
ABUNDANCE CHANGE 57 -10.82 58 -10.49 59 -11.33 60 -10.54 61 -20.00 62 -11.04
ABUNDANCE CHANGE 63 -11.53 64 -10.92 65 -11.94 66 -10.94 67 -11.78 68 -11.11
ABUNDANCE CHANGE 69 -12.04 70 -10.96 71 -11.28 72 -11.16 73 -11.91 74 -10.93
ABUNDANCE CHANGE 75 -11.77 76 -10.59 77 -10.69 78 -10.24 79 -11.03 80 -10.95
ABUNDANCE CHANGE 81 -11.14 82 -10.19 83 -11.33 84 -20.00 85 -20.00 86 -20.00
ABUNDANCE CHANGE 87 -20.00 88 -20.00 89 -20.00 90 -11.92 91 -20.00 92 -12.51
ABUNDANCE CHANGE 93 -20.00 94 -20.00 95 -20.00 96 -20.00 97 -20.00 98 -20.00
ABUNDANCE CHANGE 99 -20.00
EAD DECK6 72 RHOX,T,P,XNE,ABROSS,ACCRAD,VTURB
1.08344841E-04   4045.1 3.395E-04 2.021E+06 1.231E-03 2.879E-02 2.000E+05 0.000E+00 0.000E+00
1.45897948E-04   4056.5 4.572E-04 2.483E+06 1.138E-03 2.820E-02 2.000E+05 0.000E+00 0.000E+00
1.99866460E-04   4071.1 6.263E-04 3.125E+06 1.060E-03 2.728E-02 2.000E+05 0.000E+00 0.000E+00
2.76741210E-04   4089.1 8.674E-04 4.013E+06 9.976E-04 2.616E-02 2.000E+05 0.000E+00 0.000E+00
3.85418239E-04   4109.6 1.208E-03 5.230E+06 9.475E-04 2.491E-02 2.000E+05 0.000E+00 0.000E+00
5.37444630E-04   4132.0 1.685E-03 6.869E+06 9.059E-04 2.358E-02 2.000E+05 0.000E+00 0.000E+00
7.48966620E-04   4155.3 2.349E-03 9.049E+06 8.695E-04 2.224E-02 2.000E+05 0.000E+00 0.000E+00
1.04316408E-03   4178.2 3.273E-03 1.188E+07 8.326E-04 2.088E-02 2.000E+05 0.000E+00 0.000E+00
1.45339627E-03   4200.6 4.562E-03 1.555E+07 7.952E-04 1.971E-02 2.000E+05 0.000E+00 0.000E+00
2.02743714E-03   4222.2 6.367E-03 2.027E+07 7.563E-04 1.871E-02 2.000E+05 0.000E+00 0.000E+00
2.83382007E-03   4243.4 8.902E-03 2.638E+07 7.171E-04 1.791E-02 2.000E+05 0.000E+00 0.000E+00
3.96648523E-03   4265.4 1.246E-02 3.444E+07 6.821E-04 1.741E-02 2.000E+05 0.000E+00 0.000E+00
5.54874398E-03   4289.1 1.744E-02 4.525E+07 6.536E-04 1.708E-02 2.000E+05 0.000E+00 0.000E+00
7.73889590E-03   4315.4 2.433E-02 5.990E+07 6.330E-04 1.680E-02 2.000E+05 0.000E+00 0.000E+00
1.07348283E-02   4344.4 3.375E-02 7.989E+07 6.208E-04 1.651E-02 2.000E+05 0.000E+00 0.000E+00
1.47828870E-02   4376.0 4.649E-02 1.071E+08 6.160E-04 1.618E-02 2.000E+05 0.000E+00 0.000E+00
2.01958247E-02   4409.4 6.352E-02 1.437E+08 6.170E-04 1.585E-02 2.000E+05 0.000E+00 0.000E+00
2.73732583E-02   4444.2 8.610E-02 1.928E+08 6.226E-04 1.551E-02 2.000E+05 0.000E+00 0.000E+00
3.68310627E-02   4480.0 1.159E-01 2.581E+08 6.316E-04 1.517E-02 2.000E+05 0.000E+00 0.000E+00
4.92400960E-02   4516.2 1.549E-01 3.442E+08 6.431E-04 1.487E-02 2.000E+05 0.000E+00 0.000E+00
6.54607750E-02   4552.9 2.060E-01 4.576E+08 6.572E-04 1.459E-02 2.000E+05 0.000E+00 0.000E+00
8.65863321E-02   4590.3 2.725E-01 6.067E+08 6.742E-04 1.436E-02 2.000E+05 0.000E+00 0.000E+00
1.13981254E-01   4628.4 3.587E-01 8.030E+08 6.949E-04 1.420E-02 2.000E+05 0.000E+00 0.000E+00
1.49311751E-01   4667.6 4.699E-01 1.062E+09 7.208E-04 1.410E-02 2.000E+05 0.000E+00 0.000E+00
1.94560677E-01   4708.3 6.124E-01 1.405E+09 7.533E-04 1.404E-02 2.000E+05 0.000E+00 0.000E+00
2.52062520E-01   4750.3 7.934E-01 1.857E+09 7.935E-04 1.402E-02 2.000E+05 0.000E+00 0.000E+00
3.24543106E-01   4793.8 1.022E+00 2.452E+09 8.429E-04 1.403E-02 2.000E+05 0.000E+00 0.000E+00
4.15135025E-01   4838.6 1.307E+00 3.234E+09 9.029E-04 1.409E-02 2.000E+05 0.000E+00 0.000E+00
5.27436382E-01   4884.6 1.660E+00 4.255E+09 9.751E-04 1.420E-02 2.000E+05 0.000E+00 0.000E+00
6.65521470E-01   4931.7 2.095E+00 5.583E+09 1.062E-03 1.435E-02 2.000E+05 0.000E+00 0.000E+00
8.33945840E-01   4979.7 2.625E+00 7.302E+09 1.165E-03 1.455E-02 2.000E+05 0.000E+00 0.000E+00
1.03785526E+00   5028.5 3.267E+00 9.509E+09 1.287E-03 1.479E-02 2.000E+05 0.000E+00 0.000E+00
1.28324589E+00   5077.2 4.039E+00 1.231E+10 1.430E-03 1.510E-02 2.000E+05 0.000E+00 0.000E+00
1.57721158E+00   5125.7 4.964E+00 1.583E+10 1.595E-03 1.547E-02 2.000E+05 0.000E+00 0.000E+00
1.92828176E+00   5173.4 6.069E+00 2.019E+10 1.783E-03 1.591E-02 2.000E+05 0.000E+00 0.000E+00
2.34664016E+00   5220.2 7.385E+00 2.557E+10 1.997E-03 1.646E-02 2.000E+05 0.000E+00 0.000E+00
2.84406732E+00   5266.2 8.950E+00 3.217E+10 2.242E-03 1.713E-02 2.000E+05 0.000E+00 0.000E+00
3.43404900E+00   5311.6 1.081E+01 4.022E+10 2.524E-03 1.794E-02 2.000E+05 0.000E+00 0.000E+00
4.13204480E+00   5356.4 1.300E+01 5.003E+10 2.849E-03 1.893E-02 2.000E+05 0.000E+00 0.000E+00
4.95533819E+00   5401.1 1.559E+01 6.196E+10 3.226E-03 2.013E-02 2.000E+05 0.000E+00 0.000E+00
5.92293376E+00   5445.8 1.863E+01 7.647E+10 3.667E-03 2.158E-02 2.000E+05 0.000E+00 0.000E+00
7.05535874E+00   5491.2 2.218E+01 9.420E+10 4.189E-03 2.336E-02 2.000E+05 0.000E+00 0.000E+00
8.37361590E+00   5538.0 2.632E+01 1.160E+11 4.813E-03 2.556E-02 2.000E+05 0.000E+00 0.000E+00
9.89784683E+00   5587.0 3.110E+01 1.431E+11 5.573E-03 2.831E-02 2.000E+05 0.000E+00 0.000E+00
1.16447218E+01   5639.7 3.657E+01 1.773E+11 6.518E-03 3.183E-02 2.000E+05 0.000E+00 0.000E+00
1.36240033E+01   5697.4 4.276E+01 2.213E+11 7.721E-03 3.640E-02 2.000E+05 0.000E+00 0.000E+00
1.58345984E+01   5762.2 4.966E+01 2.791E+11 9.295E-03 4.249E-02 2.000E+05 0.000E+00 0.000E+00
1.82583091E+01   5836.3 5.722E+01 3.571E+11 1.143E-02 5.091E-02 2.000E+05 0.000E+00 0.000E+00
2.08549194E+01   5922.6 6.528E+01 4.654E+11 1.441E-02 6.284E-02 2.000E+05 0.000E+00 0.000E+00
2.35592803E+01   6024.5 7.364E+01 6.204E+11 1.875E-02 8.042E-02 2.000E+05 1.580E-20 0.000E+00
2.62802240E+01   6145.8 8.199E+01 8.495E+11 2.535E-02 1.075E-01 2.000E+05 4.047E-18 3.770E+00
2.88988323E+01   6292.4 8.994E+01 1.202E+12 3.605E-02 1.523E-01 2.000E+05 2.340E-16 1.819E+01
3.12837240E+01   6469.6 9.703E+01 1.762E+12 5.442E-02 2.304E-01 2.000E+05 1.152E-14 5.567E+01
3.33140002E+01   6685.4 1.029E+02 2.686E+12 8.853E-02 3.780E-01 2.000E+05 1.164E-12 1.966E+02
3.49064765E+01   6946.5 1.071E+02 4.242E+12 1.569E-01 6.779E-01 2.000E+05 2.366E-10 8.682E+02
3.60481573E+01   7259.5 1.096E+02 6.873E+12 3.038E-01 1.322E+00 2.000E+05 6.744E-08 4.705E+03
3.68076533E+01   7622.2 1.106E+02 1.109E+13 6.237E-01 2.715E+00 2.000E+05 7.723E-06 2.897E+04
3.72945071E+01   8038.4 1.102E+02 1.730E+13 1.297E+00 5.546E+00 2.000E+05 4.392E-04 1.320E+05
3.76214646E+01   8487.7 1.087E+02 2.453E+13 2.422E+00 1.009E+01 2.000E+05 2.097E-03 3.426E+05
3.78796698E+01   8980.7 1.063E+02 3.065E+13 3.704E+00 1.503E+01 2.000E+05 1.506E-03 3.326E+05
3.81406054E+01   9513.8 1.029E+02 3.320E+13 4.254E+00 1.692E+01 2.000E+05 5.747E-04 2.876E+05
3.84892218E+01  10103.0 9.842E+01 3.224E+13 3.791E+00 1.495E+01 2.000E+05 9.161E-05 1.614E+05
3.90506304E+01  10744.7 9.283E+01 2.939E+13 2.890E+00 1.129E+01 2.000E+05 5.488E-06 4.857E+04
4.00788465E+01  11454.1 8.631E+01 2.588E+13 2.062E+00 8.058E+00 2.000E+05 1.192E-07 2.127E+04
4.20223941E+01  12236.4 7.944E+01 2.241E+13 1.448E+00 5.641E+00 2.000E+05 1.527E-08 1.308E+04
4.56196520E+01  13088.9 7.351E+01 1.956E+13 1.077E+00 4.186E+00 2.000E+05 7.567E-09 1.124E+04
5.17948066E+01  14019.7 7.005E+01 1.772E+13 8.727E-01 3.372E+00 2.000E+05 5.357E-09 1.053E+04
6.15919117E+01  15024.3 7.057E+01 1.689E+13 7.569E-01 2.906E+00 2.000E+05 2.823E-09 8.836E+03
7.63127884E+01  16115.2 7.686E+01 1.723E+13 6.861E-01 2.604E+00 2.000E+05 1.670E-09 7.477E+03
9.73710678E+01  17289.1 9.039E+01 1.891E+13 6.542E-01 2.450E+00 2.000E+05 1.091E-09 6.302E+03
1.26497173E+02  18562.1 1.132E+02 2.206E+13 6.366E-01 2.322E+00 2.000E+05 3.833E-09 5.215E+03
1.65912564E+02  19927.2 1.479E+02 2.686E+13 6.324E-01 2.241E+00 2.000E+05 2.641E-08 1.622E+04
RADK 2.7818E+00
EGIN                    ITERATION  15 COMPLETED
