TEFF  10250.  GRAVITY 5.00000 LTE
TITLE SDSC GRID  [+0.0]   VTURB 2.0 KM/S    L/H 1.25
 OPACITY IFOP 1 1 1 1 1 1 1 1 1 1 1 1 1 0 1 0 0 0 0 0
 CONVECTION OFF  1.00 TURBULENCE OFF  0.00  0.00  0.00  0.00
ABUNDANCE SCALE   1.00000 ABUNDANCE CHANGE 1 0.91100 2 0.08900
 ABUNDANCE CHANGE  3 -10.88  4 -10.89  5  -9.44  6  -3.48  7  -3.99  8  -3.11
 ABUNDANCE CHANGE  9  -7.48 10  -3.95 11  -5.71 12  -4.46 13  -5.57 14  -4.49
 ABUNDANCE CHANGE 15  -6.59 16  -4.83 17  -6.54 18  -5.48 19  -6.82 20  -5.68
 ABUNDANCE CHANGE 21  -8.94 22  -7.05 23  -8.04 24  -6.37 25  -6.65 26  -4.37
 ABUNDANCE CHANGE 27  -7.12 28  -5.79 29  -7.83 30  -7.44 31  -9.16 32  -8.63
 ABUNDANCE CHANGE 33  -9.67 34  -8.69 35  -9.41 36  -8.81 37  -9.44 38  -9.14
 ABUNDANCE CHANGE 39  -9.80 40  -9.54 41 -10.62 42 -10.12 43 -20.00 44 -10.20
 ABUNDANCE CHANGE 45 -10.92 46 -10.35 47 -11.10 48 -10.18 49 -10.58 50 -10.04
 ABUNDANCE CHANGE 51 -11.04 52  -9.80 53 -10.53 54  -9.81 55 -10.92 56  -9.91
 ABUNDANCE CHANGE 57 -10.82 58 -10.49 59 -11.33 60 -10.54 61 -20.00 62 -11.04
 ABUNDANCE CHANGE 63 -11.53 64 -10.92 65 -11.94 66 -10.94 67 -11.78 68 -11.11
 ABUNDANCE CHANGE 69 -12.04 70 -10.96 71 -11.28 72 -11.16 73 -11.91 74 -10.93
 ABUNDANCE CHANGE 75 -11.77 76 -10.59 77 -10.69 78 -10.24 79 -11.03 80 -10.95
 ABUNDANCE CHANGE 81 -11.14 82 -10.19 83 -11.33 84 -20.00 85 -20.00 86 -20.00
 ABUNDANCE CHANGE 87 -20.00 88 -20.00 89 -20.00 90 -11.92 91 -20.00 92 -12.51
 ABUNDANCE CHANGE 93 -20.00 94 -20.00 95 -20.00 96 -20.00 97 -20.00 98 -20.00
 ABUNDANCE CHANGE 99 -20.00
READ DECK6 64 RHOX,T,P,XNE,ABROSS,ACCRAD,VTURB
 1.37516209E-05   6584.7 1.375E+00 2.205E+11 9.697E-02 4.813E+01 2.000E+05
 1.82750532E-05   6631.9 1.827E+00 2.797E+11 9.967E-02 4.733E+01 2.000E+05
 2.41297670E-05   6677.3 2.412E+00 3.520E+11 1.029E-01 4.624E+01 2.000E+05
 3.16300386E-05   6725.9 3.162E+00 4.427E+11 1.080E-01 4.528E+01 2.000E+05
 4.11062745E-05   6776.2 4.109E+00 5.546E+11 1.146E-01 4.440E+01 2.000E+05
 5.29494698E-05   6827.1 5.293E+00 6.909E+11 1.229E-01 4.368E+01 2.000E+05
 6.76171285E-05   6878.3 6.759E+00 8.560E+11 1.328E-01 4.313E+01 2.000E+05
 8.56351539E-05   6929.9 8.560E+00 1.055E+12 1.447E-01 4.271E+01 2.000E+05
 1.07616944E-04   6981.6 1.076E+01 1.292E+12 1.587E-01 4.245E+01 2.000E+05
 1.34266296E-04   7033.6 1.342E+01 1.576E+12 1.750E-01 4.234E+01 2.000E+05
 1.66402164E-04   7085.6 1.663E+01 1.913E+12 1.940E-01 4.235E+01 2.000E+05
 2.04969143E-04   7137.9 2.049E+01 2.312E+12 2.160E-01 4.243E+01 2.000E+05
 2.51064543E-04   7190.2 2.510E+01 2.783E+12 2.414E-01 4.265E+01 2.000E+05
 3.06015717E-04   7241.8 3.059E+01 3.333E+12 2.703E-01 4.293E+01 2.000E+05
 3.71393637E-04   7293.4 3.713E+01 3.979E+12 3.032E-01 4.335E+01 2.000E+05
 4.49087083E-04   7344.0 4.489E+01 4.730E+12 3.402E-01 4.385E+01 2.000E+05
 5.41461720E-04   7393.4 5.412E+01 5.598E+12 3.814E-01 4.451E+01 2.000E+05
 6.51432142E-04   7441.1 6.512E+01 6.599E+12 4.269E-01 4.536E+01 2.000E+05
 7.82518007E-04   7487.7 7.822E+01 7.755E+12 4.774E-01 4.646E+01 2.000E+05
 9.38899515E-04   7533.4 9.385E+01 9.091E+12 5.336E-01 4.782E+01 2.000E+05
 1.12536967E-03   7579.4 1.125E+02 1.065E+13 5.972E-01 4.947E+01 2.000E+05
 1.34727715E-03   7626.4 1.347E+02 1.247E+13 6.699E-01 5.129E+01 2.000E+05
 1.61089756E-03   7673.8 1.610E+02 1.459E+13 7.524E-01 5.332E+01 2.000E+05
 1.92377839E-03   7721.5 1.923E+02 1.704E+13 8.456E-01 5.557E+01 2.000E+05
 2.29485959E-03   7769.4 2.294E+02 1.990E+13 9.511E-01 5.807E+01 2.000E+05
 2.73480550E-03   7817.4 2.733E+02 2.320E+13 1.070E+00 6.085E+01 2.000E+05
 3.25643773E-03   7865.5 3.255E+02 2.702E+13 1.203E+00 6.398E+01 2.000E+05
 3.87423617E-03   7915.0 3.872E+02 3.148E+13 1.356E+00 6.754E+01 2.000E+05
 4.60555699E-03   7964.4 4.603E+02 3.664E+13 1.527E+00 7.149E+01 2.000E+05
 5.47171745E-03   8014.1 5.468E+02 4.261E+13 1.719E+00 7.599E+01 2.000E+05
 6.49729783E-03   8064.4 6.493E+02 4.953E+13 1.937E+00 8.118E+01 2.000E+05
 7.71041970E-03   8116.5 7.705E+02 5.763E+13 2.187E+00 8.729E+01 2.000E+05
 9.13926192E-03   8172.6 9.133E+02 6.726E+13 2.482E+00 9.456E+01 2.000E+05
 1.08114077E-02   8234.4 1.080E+03 7.883E+13 2.840E+00 1.034E+02 2.000E+05
 1.27513371E-02   8303.4 1.274E+03 9.283E+13 3.279E+00 1.141E+02 2.000E+05
 1.49817589E-02   8379.8 1.497E+03 1.098E+14 3.820E+00 1.272E+02 2.000E+05
 1.75209386E-02   8465.6 1.750E+03 1.306E+14 4.500E+00 1.436E+02 2.000E+05
 2.03766391E-02   8563.1 2.036E+03 1.563E+14 5.372E+00 1.645E+02 2.000E+05
 2.35432633E-02   8674.6 2.352E+03 1.885E+14 6.509E+00 1.916E+02 2.000E+05
 2.69946384E-02   8805.2 2.696E+03 2.295E+14 8.042E+00 2.272E+02 2.000E+05
 3.06849306E-02   8956.8 3.064E+03 2.820E+14 1.012E+01 2.749E+02 2.000E+05
 3.45515966E-02   9134.3 3.450E+03 3.498E+14 1.302E+01 3.402E+02 2.000E+05
 3.85187962E-02   9342.1 3.845E+03 4.377E+14 1.709E+01 4.306E+02 2.000E+05
 4.25197755E-02   9586.4 4.243E+03 5.514E+14 2.275E+01 5.521E+02 2.000E+05
 4.65063456E-02   9870.3 4.639E+03 6.957E+14 3.053E+01 7.184E+02 2.000E+05
 5.04800500E-02  10201.5 5.033E+03 8.740E+14 4.057E+01 9.264E+02 2.000E+05
 5.45157919E-02  10584.8 5.433E+03 1.083E+15 5.238E+01 1.167E+03 2.000E+05
 5.87920610E-02  11029.1 5.855E+03 1.310E+15 6.445E+01 1.419E+03 2.000E+05
 6.36305157E-02  11545.0 6.331E+03 1.537E+15 7.238E+01 1.579E+03 2.000E+05
 6.96864106E-02  12131.8 6.927E+03 1.747E+15 7.356E+01 1.598E+03 2.000E+05
 7.80186350E-02  12805.0 7.747E+03 1.955E+15 6.864E+01 1.494E+03 2.000E+05
 9.02761956E-02  13557.7 8.956E+03 2.199E+15 6.041E+01 1.308E+03 2.000E+05
 1.09017098E-01  14397.8 1.081E+04 2.539E+15 5.280E+01 1.139E+03 2.000E+05
 1.37453597E-01  15322.7 1.362E+04 3.035E+15 4.679E+01 9.965E+02 2.000E+05
 1.79319807E-01  16323.8 1.777E+04 3.746E+15 4.327E+01 9.128E+02 2.000E+05
 2.38693223E-01  17420.2 2.365E+04 4.718E+15 4.131E+01 8.652E+02 2.000E+05
 3.20042093E-01  18605.2 3.172E+04 5.992E+15 4.081E+01 8.504E+02 2.000E+05
 4.29059349E-01  19902.9 4.253E+04 7.590E+15 4.086E+01 8.483E+02 2.000E+05
 5.73209999E-01  21304.4 5.682E+04 9.544E+15 4.142E+01 8.569E+02 2.000E+05
 7.63133601E-01  22831.0 7.565E+04 1.191E+16 4.186E+01 8.638E+02 2.000E+05
 1.01229997E+00  24478.2 1.003E+05 1.476E+16 4.283E+01 8.807E+02 2.000E+05
 1.33508461E+00  26264.2 1.323E+05 1.817E+16 4.431E+01 9.035E+02 2.000E+05
 1.74944825E+00  28188.7 1.734E+05 2.219E+16 4.621E+01 9.324E+02 2.000E+05
 2.27656529E+00  30263.9 2.256E+05 2.690E+16 4.869E+01 9.071E+02 2.000E+05
PRADK 1.4892E+01
BEGIN                    ITERATION  10 COMPLETED
