EFF   5000.  GRAVITY 2.50000 LTE 
ITLE SDSC GRID  [-2.0]   VTURB 2.0 KM/S    L/H 1.25                            
OPACITY IFOP 1 1 1 1 1 1 1 1 1 1 1 1 1 0 1 0 0 0 0 0
CONVECTION ON   1.25 TURBULENCE OFF  0.00  0.00  0.00  0.00
BUNDANCE SCALE   0.01000 ABUNDANCE CHANGE 1 0.91100 2 0.08900
ABUNDANCE CHANGE  3 -10.88  4 -10.89  5  -9.44  6  -3.48  7  -3.99  8  -3.11
ABUNDANCE CHANGE  9  -7.48 10  -3.95 11  -5.71 12  -4.46 13  -5.57 14  -4.49
ABUNDANCE CHANGE 15  -6.59 16  -4.83 17  -6.54 18  -5.48 19  -6.82 20  -5.68
ABUNDANCE CHANGE 21  -8.94 22  -7.05 23  -8.04 24  -6.37 25  -6.65 26  -4.37
ABUNDANCE CHANGE 27  -7.12 28  -5.79 29  -7.83 30  -7.44 31  -9.16 32  -8.63
ABUNDANCE CHANGE 33  -9.67 34  -8.69 35  -9.41 36  -8.81 37  -9.44 38  -9.14
ABUNDANCE CHANGE 39  -9.80 40  -9.54 41 -10.62 42 -10.12 43 -20.00 44 -10.20
ABUNDANCE CHANGE 45 -10.92 46 -10.35 47 -11.10 48 -10.18 49 -10.58 50 -10.04
ABUNDANCE CHANGE 51 -11.04 52  -9.80 53 -10.53 54  -9.81 55 -10.92 56  -9.91
ABUNDANCE CHANGE 57 -10.82 58 -10.49 59 -11.33 60 -10.54 61 -20.00 62 -11.04
ABUNDANCE CHANGE 63 -11.53 64 -10.92 65 -11.94 66 -10.94 67 -11.78 68 -11.11
ABUNDANCE CHANGE 69 -12.04 70 -10.96 71 -11.28 72 -11.16 73 -11.91 74 -10.93
ABUNDANCE CHANGE 75 -11.77 76 -10.59 77 -10.69 78 -10.24 79 -11.03 80 -10.95
ABUNDANCE CHANGE 81 -11.14 82 -10.19 83 -11.33 84 -20.00 85 -20.00 86 -20.00
ABUNDANCE CHANGE 87 -20.00 88 -20.00 89 -20.00 90 -11.92 91 -20.00 92 -12.51
ABUNDANCE CHANGE 93 -20.00 94 -20.00 95 -20.00 96 -20.00 97 -20.00 98 -20.00
ABUNDANCE CHANGE 99 -20.00
EAD DECK6 72 RHOX,T,P,XNE,ABROSS,ACCRAD,VTURB
1.30811796E-02   3537.7 4.137E+00 1.889E+07 1.019E-05 4.703E-04 2.000E+05 0.000E+00 0.000E+00
1.73917297E-02   3544.3 5.500E+00 2.354E+07 1.044E-05 4.768E-04 2.000E+05 0.000E+00 0.000E+00
2.29773075E-02   3551.9 7.266E+00 2.939E+07 1.080E-05 4.825E-04 2.000E+05 0.000E+00 0.000E+00
3.01561189E-02   3559.3 9.536E+00 3.661E+07 1.124E-05 4.885E-04 2.000E+05 0.000E+00 0.000E+00
3.93097568E-02   3567.8 1.243E+01 4.564E+07 1.180E-05 4.964E-04 2.000E+05 0.000E+00 0.000E+00
5.08834915E-02   3577.2 1.609E+01 5.685E+07 1.250E-05 5.048E-04 2.000E+05 0.000E+00 0.000E+00
6.54048370E-02   3587.5 2.068E+01 7.074E+07 1.333E-05 5.132E-04 2.000E+05 0.000E+00 0.000E+00
8.34857805E-02   3599.1 2.640E+01 8.794E+07 1.433E-05 5.214E-04 2.000E+05 0.000E+00 0.000E+00
1.05824075E-01   3612.2 3.346E+01 1.092E+08 1.553E-05 5.296E-04 2.000E+05 0.000E+00 0.000E+00
1.33200514E-01   3627.5 4.212E+01 1.357E+08 1.696E-05 5.385E-04 2.000E+05 0.000E+00 0.000E+00
1.66479704E-01   3644.6 5.264E+01 1.684E+08 1.868E-05 5.484E-04 2.000E+05 0.000E+00 0.000E+00
2.06612858E-01   3663.8 6.534E+01 2.089E+08 2.073E-05 5.575E-04 2.000E+05 0.000E+00 0.000E+00
2.54639394E-01   3684.8 8.052E+01 2.587E+08 2.319E-05 5.648E-04 2.000E+05 0.000E+00 0.000E+00
3.11701383E-01   3707.3 9.857E+01 3.200E+08 2.611E-05 5.703E-04 2.000E+05 0.000E+00 0.000E+00
3.79080790E-01   3730.7 1.199E+02 3.947E+08 2.956E-05 5.771E-04 2.000E+05 0.000E+00 0.000E+00
4.58187038E-01   3755.1 1.449E+02 4.859E+08 3.368E-05 5.821E-04 2.000E+05 0.000E+00 0.000E+00
5.50573185E-01   3779.7 1.741E+02 5.961E+08 3.853E-05 5.856E-04 2.000E+05 0.000E+00 0.000E+00
6.58073765E-01   3804.2 2.081E+02 7.282E+08 4.422E-05 5.887E-04 2.000E+05 0.000E+00 0.000E+00
7.82950451E-01   3827.5 2.476E+02 8.836E+08 5.077E-05 5.962E-04 2.000E+05 0.000E+00 0.000E+00
9.27778770E-01   3850.8 2.934E+02 1.069E+09 5.845E-05 6.041E-04 2.000E+05 0.000E+00 0.000E+00
1.09551418E+00   3873.4 3.464E+02 1.287E+09 6.731E-05 6.141E-04 2.000E+05 0.000E+00 0.000E+00
1.28970994E+00   3895.4 4.078E+02 1.544E+09 7.754E-05 6.261E-04 2.000E+05 0.000E+00 0.000E+00
1.51451307E+00   3916.8 4.789E+02 1.844E+09 8.931E-05 6.392E-04 2.000E+05 0.000E+00 0.000E+00
1.77492692E+00   3937.2 5.613E+02 2.192E+09 1.027E-04 6.542E-04 2.000E+05 0.000E+00 0.000E+00
2.07706208E+00   3956.6 6.568E+02 2.593E+09 1.180E-04 6.715E-04 2.000E+05 0.000E+00 0.000E+00
2.42823387E+00   3974.9 7.679E+02 3.055E+09 1.352E-04 6.915E-04 2.000E+05 0.000E+00 0.000E+00
2.83727151E+00   3992.0 8.972E+02 3.581E+09 1.547E-04 7.162E-04 2.000E+05 0.000E+00 0.000E+00
3.31468477E+00   4008.2 1.048E+03 4.183E+09 1.766E-04 7.461E-04 2.000E+05 0.000E+00 0.000E+00
3.87261105E+00   4023.7 1.225E+03 4.874E+09 2.014E-04 7.819E-04 2.000E+05 0.000E+00 0.000E+00
4.52490791E+00   4038.8 1.431E+03 5.671E+09 2.297E-04 8.225E-04 2.000E+05 0.000E+00 0.000E+00
5.28788071E+00   4053.6 1.672E+03 6.588E+09 2.618E-04 8.684E-04 2.000E+05 0.000E+00 0.000E+00
6.18055593E+00   4068.0 1.954E+03 7.643E+09 2.984E-04 9.204E-04 2.000E+05 0.000E+00 0.000E+00
7.22534633E+00   4082.1 2.285E+03 8.857E+09 3.399E-04 9.793E-04 2.000E+05 0.000E+00 0.000E+00
8.44851563E+00   4096.0 2.672E+03 1.025E+10 3.872E-04 1.046E-03 2.000E+05 0.000E+00 0.000E+00
9.88001389E+00   4109.9 3.124E+03 1.187E+10 4.412E-04 1.122E-03 2.000E+05 0.000E+00 0.000E+00
1.15556296E+01   4123.5 3.654E+03 1.373E+10 5.027E-04 1.211E-03 2.000E+05 0.000E+00 0.000E+00
1.35149909E+01   4137.8 4.274E+03 1.590E+10 5.738E-04 1.314E-03 2.000E+05 0.000E+00 0.000E+00
1.58030440E+01   4152.5 4.997E+03 1.842E+10 6.556E-04 1.432E-03 2.000E+05 0.000E+00 0.000E+00
1.84696123E+01   4168.1 5.841E+03 2.140E+10 7.511E-04 1.568E-03 2.000E+05 0.000E+00 0.000E+00
2.15691682E+01   4185.1 6.821E+03 2.493E+10 8.630E-04 1.729E-03 2.000E+05 0.000E+00 0.000E+00
2.51588538E+01   4204.0 7.956E+03 2.917E+10 9.959E-04 1.918E-03 2.000E+05 0.000E+00 0.000E+00
2.92958790E+01   4225.4 9.264E+03 3.432E+10 1.156E-03 2.141E-03 2.000E+05 0.000E+00 0.000E+00
3.40350209E+01   4249.9 1.076E+04 4.069E+10 1.350E-03 2.411E-03 2.000E+05 0.000E+00 0.000E+00
3.94198555E+01   4278.7 1.247E+04 4.875E+10 1.592E-03 2.742E-03 2.000E+05 0.000E+00 0.000E+00
4.54776418E+01   4312.3 1.438E+04 5.911E+10 1.897E-03 3.153E-03 2.000E+05 0.000E+00 0.000E+00
5.22140483E+01   4351.8 1.651E+04 7.277E+10 2.290E-03 3.673E-03 2.000E+05 2.351E-10 0.000E+00
5.95792429E+01   4399.7 1.884E+04 9.174E+10 2.823E-03 4.366E-03 2.000E+05 1.286E-08 0.000E+00
6.74545690E+01   4455.6 2.133E+04 1.182E+11 3.542E-03 5.285E-03 2.000E+05 1.348E-08 0.000E+00
7.59066630E+01   4506.4 2.400E+04 1.494E+11 4.368E-03 6.401E-03 2.000E+05 4.648E-07 0.000E+00
8.39056734E+01   4660.6 2.653E+04 2.636E+11 7.150E-03 9.760E-03 2.000E+05 2.595E-04 5.297E+02
9.03625840E+01   4819.9 2.857E+04 4.632E+11 1.157E-02 1.467E-02 2.000E+05 5.967E-03 2.026E+03
9.58784388E+01   4955.2 3.032E+04 7.363E+11 1.710E-02 2.011E-02 2.000E+05 5.142E-02 4.792E+02
1.01220649E+02   5049.1 3.201E+04 1.014E+12 2.236E-02 2.428E-02 2.000E+05 1.067E-01 0.000E+00
1.06832217E+02   5125.2 3.378E+04 1.312E+12 2.777E-02 2.778E-02 2.000E+05 1.636E-01 0.000E+00
1.12809493E+02   5215.6 3.567E+04 1.760E+12 3.547E-02 3.297E-02 2.000E+05 2.206E-01 0.000E+00
1.18858372E+02   5338.7 3.758E+04 2.563E+12 4.840E-02 4.236E-02 2.000E+05 2.549E-01 9.690E+03
1.24568134E+02   5500.0 3.939E+04 4.060E+12 7.066E-02 5.887E-02 2.000E+05 2.869E-01 3.246E+04
1.29643779E+02   5697.4 4.099E+04 6.848E+12 1.084E-01 8.612E-02 2.000E+05 3.211E-01 6.164E+04
1.33995192E+02   5922.8 4.237E+04 1.189E+13 1.707E-01 1.288E-01 2.000E+05 3.578E-01 1.011E+05
1.37627437E+02   6181.1 4.352E+04 2.122E+13 2.764E-01 1.960E-01 2.000E+05 3.977E-01 1.254E+05
1.40592490E+02   6464.5 4.446E+04 3.792E+13 4.531E-01 2.877E-01 2.000E+05 4.489E-01 2.204E+05
1.43018004E+02   6747.1 4.522E+04 6.443E+13 7.215E-01 3.540E-01 2.000E+05 5.875E-01 2.800E+05
1.45183083E+02   6967.1 4.591E+04 9.460E+13 1.023E+00 3.493E-01 2.000E+05 7.145E-01 2.964E+05
1.47259902E+02   7168.5 4.656E+04 1.318E+14 1.395E+00 3.396E-01 2.000E+05 7.959E-01 3.025E+05
1.49346185E+02   7341.4 4.722E+04 1.730E+14 1.812E+00 3.250E-01 2.000E+05 8.477E-01 3.030E+05
1.51497886E+02   7511.7 4.790E+04 2.233E+14 2.333E+00 3.206E-01 2.000E+05 8.850E-01 3.035E+05
1.53755599E+02   7668.2 4.861E+04 2.799E+14 2.932E+00 3.060E-01 2.000E+05 9.111E-01 2.994E+05
1.56157932E+02   7823.6 4.937E+04 3.473E+14 3.667E+00 2.991E-01 2.000E+05 9.318E-01 2.978E+05
1.58731244E+02   7974.6 5.019E+04 4.252E+14 4.544E+00 2.863E-01 2.000E+05 9.463E-01 2.917E+05
1.61513417E+02   8121.4 5.106E+04 5.143E+14 5.585E+00 2.777E-01 2.000E+05 9.584E-01 2.891E+05
1.64526920E+02   8271.8 5.202E+04 6.208E+14 6.872E+00 2.654E-01 2.000E+05 9.671E-01 2.813E+05
1.67821918E+02   8411.8 5.306E+04 7.362E+14 8.318E+00 2.738E-01 2.000E+05 9.723E-01 2.782E+05
RADK 8.2523E-01
EGIN                    ITERATION  15 COMPLETED
