TEFF   5250.  GRAVITY 3.00000 LTE 
TITLE SDSC GRID  [-3.0]   VTURB 2.0 KM/S    L/H 1.25                            
 OPACITY IFOP 1 1 1 1 1 1 1 1 1 1 1 1 1 0 1 0 0 0 0 0
 CONVECTION ON   1.25 TURBULENCE OFF  0.00  0.00  0.00  0.00
ABUNDANCE SCALE   0.00100 ABUNDANCE CHANGE 1 0.91100 2 0.08900
 ABUNDANCE CHANGE  3 -10.88  4 -10.89  5  -9.44  6  -3.48  7  -3.99  8  -3.11
 ABUNDANCE CHANGE  9  -7.48 10  -3.95 11  -5.71 12  -4.46 13  -5.57 14  -4.49
 ABUNDANCE CHANGE 15  -6.59 16  -4.83 17  -6.54 18  -5.48 19  -6.82 20  -5.68
 ABUNDANCE CHANGE 21  -8.94 22  -7.05 23  -8.04 24  -6.37 25  -6.65 26  -4.37
 ABUNDANCE CHANGE 27  -7.12 28  -5.79 29  -7.83 30  -7.44 31  -9.16 32  -8.63
 ABUNDANCE CHANGE 33  -9.67 34  -8.69 35  -9.41 36  -8.81 37  -9.44 38  -9.14
 ABUNDANCE CHANGE 39  -9.80 40  -9.54 41 -10.62 42 -10.12 43 -20.00 44 -10.20
 ABUNDANCE CHANGE 45 -10.92 46 -10.35 47 -11.10 48 -10.18 49 -10.58 50 -10.04
 ABUNDANCE CHANGE 51 -11.04 52  -9.80 53 -10.53 54  -9.81 55 -10.92 56  -9.91
 ABUNDANCE CHANGE 57 -10.82 58 -10.49 59 -11.33 60 -10.54 61 -20.00 62 -11.04
 ABUNDANCE CHANGE 63 -11.53 64 -10.92 65 -11.94 66 -10.94 67 -11.78 68 -11.11
 ABUNDANCE CHANGE 69 -12.04 70 -10.96 71 -11.28 72 -11.16 73 -11.91 74 -10.93
 ABUNDANCE CHANGE 75 -11.77 76 -10.59 77 -10.69 78 -10.24 79 -11.03 80 -10.95
 ABUNDANCE CHANGE 81 -11.14 82 -10.19 83 -11.33 84 -20.00 85 -20.00 86 -20.00
 ABUNDANCE CHANGE 87 -20.00 88 -20.00 89 -20.00 90 -11.92 91 -20.00 92 -12.51
 ABUNDANCE CHANGE 93 -20.00 94 -20.00 95 -20.00 96 -20.00 97 -20.00 98 -20.00
 ABUNDANCE CHANGE 99 -20.00
READ DECK6 72 RHOX,T,P,XNE,ABROSS,ACCRAD,VTURB
 5.01674519E-03   3883.0 5.017E+00 1.068E+08 2.658E-05 8.616E-04 2.000E+05 0.000E+00 0.000E+00
 6.64462597E-03   3904.0 6.645E+00 1.372E+08 2.806E-05 8.617E-04 2.000E+05 0.000E+00 0.000E+00
 8.70961537E-03   3919.9 8.710E+00 1.708E+08 2.938E-05 8.610E-04 2.000E+05 0.000E+00 0.000E+00
 1.13140091E-02   3938.6 1.131E+01 2.144E+08 3.135E-05 8.608E-04 2.000E+05 0.000E+00 0.000E+00
 1.45517109E-02   3957.5 1.455E+01 2.678E+08 3.379E-05 8.609E-04 2.000E+05 0.000E+00 0.000E+00
 1.85388028E-02   3976.5 1.854E+01 3.330E+08 3.675E-05 8.615E-04 2.000E+05 0.000E+00 0.000E+00
 2.34110246E-02   3995.1 2.341E+01 4.110E+08 4.022E-05 8.629E-04 2.000E+05 0.000E+00 0.000E+00
 2.93309475E-02   4013.2 2.933E+01 5.034E+08 4.424E-05 8.652E-04 2.000E+05 0.000E+00 0.000E+00
 3.64950764E-02   4030.3 3.650E+01 6.112E+08 4.882E-05 8.690E-04 2.000E+05 0.000E+00 0.000E+00
 4.51410374E-02   4046.6 4.514E+01 7.361E+08 5.400E-05 8.741E-04 2.000E+05 0.000E+00 0.000E+00
 5.55547023E-02   4061.8 5.556E+01 8.797E+08 5.984E-05 8.807E-04 2.000E+05 0.000E+00 0.000E+00
 6.80785252E-02   4076.2 6.808E+01 1.044E+09 6.640E-05 8.888E-04 2.000E+05 0.000E+00 0.000E+00
 8.31153282E-02   4090.0 8.312E+01 1.233E+09 7.381E-05 8.986E-04 2.000E+05 0.000E+00 0.000E+00
 1.01134171E-01   4103.4 1.011E+02 1.450E+09 8.222E-05 9.100E-04 2.000E+05 0.000E+00 0.000E+00
 1.22691780E-01   4116.3 1.227E+02 1.697E+09 9.170E-05 9.236E-04 2.000E+05 0.000E+00 0.000E+00
 1.48447000E-01   4128.8 1.484E+02 1.981E+09 1.024E-04 9.391E-04 2.000E+05 0.000E+00 0.000E+00
 1.79185125E-01   4140.9 1.792E+02 2.304E+09 1.145E-04 9.568E-04 2.000E+05 0.000E+00 0.000E+00
 2.15843120E-01   4152.7 2.158E+02 2.672E+09 1.280E-04 9.768E-04 2.000E+05 0.000E+00 0.000E+00
 2.59541770E-01   4164.1 2.595E+02 3.089E+09 1.432E-04 9.994E-04 2.000E+05 0.000E+00 0.000E+00
 3.11633994E-01   4175.0 3.116E+02 3.560E+09 1.602E-04 1.025E-03 2.000E+05 0.000E+00 0.000E+00
 3.73806736E-01   4185.1 3.738E+02 4.085E+09 1.788E-04 1.054E-03 2.000E+05 0.000E+00 0.000E+00
 4.48080565E-01   4194.8 4.481E+02 4.676E+09 1.996E-04 1.086E-03 2.000E+05 0.000E+00 0.000E+00
 5.36805764E-01   4204.3 5.368E+02 5.344E+09 2.229E-04 1.123E-03 2.000E+05 0.000E+00 0.000E+00
 6.42822041E-01   4213.3 6.428E+02 6.095E+09 2.487E-04 1.164E-03 2.000E+05 0.000E+00 0.000E+00
 7.69513693E-01   4222.2 7.695E+02 6.943E+09 2.775E-04 1.210E-03 2.000E+05 0.000E+00 0.000E+00
 9.20894251E-01   4230.9 9.209E+02 7.900E+09 3.097E-04 1.261E-03 2.000E+05 0.000E+00 0.000E+00
 1.10169051E+00   4239.5 1.102E+03 8.987E+09 3.460E-04 1.319E-03 2.000E+05 0.000E+00 0.000E+00
 1.31751406E+00   4248.2 1.318E+03 1.022E+10 3.865E-04 1.383E-03 2.000E+05 0.000E+00 0.000E+00
 1.57500403E+00   4256.8 1.575E+03 1.161E+10 4.322E-04 1.456E-03 2.000E+05 0.000E+00 0.000E+00
 1.88215645E+00   4265.3 1.882E+03 1.319E+10 4.831E-04 1.536E-03 2.000E+05 0.000E+00 0.000E+00
 2.24848345E+00   4273.9 2.248E+03 1.498E+10 5.403E-04 1.627E-03 2.000E+05 0.000E+00 0.000E+00
 2.68545419E+00   4282.1 2.685E+03 1.698E+10 6.038E-04 1.727E-03 2.000E+05 0.000E+00 0.000E+00
 3.20666100E+00   4290.5 3.207E+03 1.926E+10 6.753E-04 1.840E-03 2.000E+05 0.000E+00 0.000E+00
 3.82842616E+00   4298.6 3.828E+03 2.181E+10 7.546E-04 1.967E-03 2.000E+05 0.000E+00 0.000E+00
 4.56985237E+00   4307.0 4.570E+03 2.472E+10 8.445E-04 2.111E-03 2.000E+05 0.000E+00 0.000E+00
 5.45320928E+00   4315.4 5.453E+03 2.803E+10 9.454E-04 2.274E-03 2.000E+05 0.000E+00 0.000E+00
 6.50434926E+00   4324.4 6.504E+03 3.184E+10 1.061E-03 2.460E-03 2.000E+05 0.000E+00 0.000E+00
 7.75251555E+00   4334.1 7.753E+03 3.625E+10 1.193E-03 2.674E-03 2.000E+05 0.000E+00 0.000E+00
 9.22981492E+00   4345.0 9.230E+03 4.146E+10 1.347E-03 2.924E-03 2.000E+05 0.000E+00 0.000E+00
 1.09695185E+01   4357.6 1.097E+04 4.770E+10 1.529E-03 3.221E-03 2.000E+05 0.000E+00 0.000E+00
 1.30047768E+01   4372.7 1.300E+04 5.536E+10 1.750E-03 3.580E-03 2.000E+05 0.000E+00 0.000E+00
 1.53662271E+01   4390.8 1.537E+04 6.487E+10 2.020E-03 4.015E-03 2.000E+05 0.000E+00 0.000E+00
 1.80798631E+01   4412.6 1.808E+04 7.694E+10 2.357E-03 4.554E-03 2.000E+05 0.000E+00 0.000E+00
 2.11618895E+01   4438.9 2.116E+04 9.262E+10 2.785E-03 5.232E-03 2.000E+05 0.000E+00 0.000E+00
 2.46132346E+01   4470.9 2.461E+04 1.135E+11 3.341E-03 6.104E-03 2.000E+05 0.000E+00 0.000E+00
 2.84255546E+01   4508.3 2.843E+04 1.413E+11 4.063E-03 7.225E-03 2.000E+05 0.000E+00 0.000E+00
 3.25160633E+01   4558.3 3.252E+04 1.831E+11 5.112E-03 8.830E-03 2.000E+05 0.000E+00 0.000E+00
 3.69160032E+01   4602.1 3.692E+04 2.300E+11 6.255E-03 1.060E-02 2.000E+05 3.014E-09 0.000E+00
 4.15195683E+01   4683.5 4.152E+04 3.298E+11 8.564E-03 1.413E-02 2.000E+05 6.836E-05 0.000E+00
 4.52296567E+01   4895.7 4.523E+04 7.177E+11 1.658E-02 2.582E-02 2.000E+05 2.110E-03 0.000E+00
 4.79016273E+01   5078.8 4.790E+04 1.328E+12 2.776E-02 4.084E-02 2.000E+05 3.082E-02 0.000E+00
 5.03831618E+01   5172.0 5.038E+04 1.810E+12 3.594E-02 4.979E-02 2.000E+05 7.668E-02 0.000E+00
 5.30069086E+01   5249.8 5.301E+04 2.336E+12 4.446E-02 5.735E-02 2.000E+05 1.278E-01 0.000E+00
 5.58203256E+01   5338.6 5.582E+04 3.090E+12 5.607E-02 6.699E-02 2.000E+05 1.825E-01 0.000E+00
 5.87559728E+01   5443.0 5.875E+04 4.229E+12 7.264E-02 8.025E-02 2.000E+05 2.374E-01 1.959E+03
 6.17342218E+01   5566.9 6.173E+04 6.017E+12 9.709E-02 1.000E-01 2.000E+05 2.852E-01 1.442E+04
 6.46248920E+01   5727.2 6.462E+04 9.219E+12 1.377E-01 1.348E-01 2.000E+05 3.169E-01 4.513E+04
 6.72289285E+01   5940.1 6.723E+04 1.554E+13 2.112E-01 1.968E-01 2.000E+05 3.504E-01 7.325E+04
 6.94952887E+01   6167.1 6.949E+04 2.600E+13 3.232E-01 2.853E-01 2.000E+05 3.860E-01 8.849E+04
 7.14195463E+01   6441.3 7.142E+04 4.595E+13 5.213E-01 4.351E-01 2.000E+05 4.229E-01 1.706E+05
 7.29793030E+01   6744.4 7.297E+04 8.143E+13 8.548E-01 5.982E-01 2.000E+05 5.169E-01 2.461E+05
 7.43261184E+01   6987.2 7.432E+04 1.245E+14 1.249E+00 6.164E-01 2.000E+05 6.576E-01 2.642E+05
 7.56026203E+01   7192.6 7.560E+04 1.745E+14 1.705E+00 5.993E-01 2.000E+05 7.545E-01 2.728E+05
 7.68704636E+01   7382.2 7.686E+04 2.347E+14 2.256E+00 5.841E-01 2.000E+05 8.201E-01 2.770E+05
 7.81671797E+01   7556.5 7.816E+04 3.044E+14 2.904E+00 5.654E-01 2.000E+05 8.640E-01 2.769E+05
 7.95204569E+01   7724.1 7.951E+04 3.869E+14 3.686E+00 5.541E-01 2.000E+05 8.959E-01 2.763E+05
 8.09518586E+01   7885.5 8.094E+04 4.831E+14 4.620E+00 5.358E-01 2.000E+05 9.190E-01 2.729E+05
 8.24820919E+01   8042.5 8.247E+04 5.950E+14 5.739E+00 5.204E-01 2.000E+05 9.372E-01 2.704E+05
 8.41280069E+01   8199.1 8.412E+04 7.272E+14 7.099E+00 5.024E-01 2.000E+05 9.505E-01 2.654E+05
 8.59127907E+01   8350.1 8.590E+04 8.770E+14 8.688E+00 4.845E-01 2.000E+05 9.614E-01 2.622E+05
 8.78523868E+01   8506.0 8.784E+04 1.057E+15 1.067E+01 4.653E-01 2.000E+05 9.695E-01 2.555E+05
 8.99758275E+01   8651.7 8.996E+04 1.253E+15 1.289E+01 4.808E-01 2.000E+05 9.744E-01 2.528E+05
PRADK 1.0037E+00
BEGIN                    ITERATION  15 COMPLETED
