TEFF  19000.  GRAVITY 5.00000 LTE 
TITLE SDSC GRID  [-0.2]   VTURB 2.0 KM/S                                        
 OPACITY IFOP 1 1 1 1 1 1 1 1 1 1 1 1 1 0 1 0 0 0 0 0
 CONVECTION OFF  1.00 TURBULENCE OFF  0.00  0.00  0.00  0.00
ABUNDANCE SCALE   0.63100 ABUNDANCE CHANGE 1 0.91100 2 0.08900
 ABUNDANCE CHANGE  3 -10.88  4 -10.89  5  -9.44  6  -3.48  7  -3.99  8  -3.11
 ABUNDANCE CHANGE  9  -7.48 10  -3.95 11  -5.71 12  -4.46 13  -5.57 14  -4.49
 ABUNDANCE CHANGE 15  -6.59 16  -4.83 17  -6.54 18  -5.48 19  -6.82 20  -5.68
 ABUNDANCE CHANGE 21  -8.94 22  -7.05 23  -8.04 24  -6.37 25  -6.65 26  -4.37
 ABUNDANCE CHANGE 27  -7.12 28  -5.79 29  -7.83 30  -7.44 31  -9.16 32  -8.63
 ABUNDANCE CHANGE 33  -9.67 34  -8.69 35  -9.41 36  -8.81 37  -9.44 38  -9.14
 ABUNDANCE CHANGE 39  -9.80 40  -9.54 41 -10.62 42 -10.12 43 -20.00 44 -10.20
 ABUNDANCE CHANGE 45 -10.92 46 -10.35 47 -11.10 48 -10.18 49 -10.58 50 -10.04
 ABUNDANCE CHANGE 51 -11.04 52  -9.80 53 -10.53 54  -9.81 55 -10.92 56  -9.91
 ABUNDANCE CHANGE 57 -10.82 58 -10.49 59 -11.33 60 -10.54 61 -20.00 62 -11.04
 ABUNDANCE CHANGE 63 -11.53 64 -10.92 65 -11.94 66 -10.94 67 -11.78 68 -11.11
 ABUNDANCE CHANGE 69 -12.04 70 -10.96 71 -11.28 72 -11.16 73 -11.91 74 -10.93
 ABUNDANCE CHANGE 75 -11.77 76 -10.59 77 -10.69 78 -10.24 79 -11.03 80 -10.95
 ABUNDANCE CHANGE 81 -11.14 82 -10.19 83 -11.33 84 -20.00 85 -20.00 86 -20.00
 ABUNDANCE CHANGE 87 -20.00 88 -20.00 89 -20.00 90 -11.92 91 -20.00 92 -12.51
 ABUNDANCE CHANGE 93 -20.00 94 -20.00 95 -20.00 96 -20.00 97 -20.00 98 -20.00
 ABUNDANCE CHANGE 99 -20.00
READ DECK6 64 RHOX,T,P,XNE,ABROSS,ACCRAD,VTURB
 5.30422307E-06  10179.2 5.286E-01 1.796E+11 3.356E-01 3.351E+02 2.000E+05
 5.30537457E-06  10561.4 5.288E-01 1.737E+11 3.356E-01 3.143E+02 2.000E+05
 7.04610131E-06  10649.4 7.023E-01 2.287E+11 3.435E-01 3.230E+02 2.000E+05
 9.31807858E-06  10744.4 9.287E-01 2.998E+11 3.527E-01 3.303E+02 2.000E+05
 1.22627855E-05  10851.2 1.222E+00 3.906E+11 3.634E-01 3.358E+02 2.000E+05
 1.60670309E-05  10963.6 1.601E+00 5.066E+11 3.758E-01 3.392E+02 2.000E+05
 2.09645209E-05  11081.4 2.089E+00 6.541E+11 3.899E-01 3.398E+02 2.000E+05
 2.72473776E-05  11201.9 2.716E+00 8.411E+11 4.061E-01 3.378E+02 2.000E+05
 3.52676300E-05  11329.4 3.515E+00 1.077E+12 4.254E-01 3.353E+02 2.000E+05
 4.54473017E-05  11453.2 4.530E+00 1.373E+12 4.482E-01 3.334E+02 2.000E+05
 5.82996138E-05  11568.3 5.810E+00 1.743E+12 4.745E-01 3.323E+02 2.000E+05
 7.44402387E-05  11672.2 7.419E+00 2.206E+12 5.053E-01 3.338E+02 2.000E+05
 9.45893497E-05  11762.6 9.427E+00 2.781E+12 5.414E-01 3.405E+02 2.000E+05
 1.19577951E-04  11842.6 1.192E+01 3.491E+12 5.840E-01 3.551E+02 2.000E+05
 1.50368531E-04  11915.9 1.499E+01 4.360E+12 6.338E-01 3.767E+02 2.000E+05
 1.88107999E-04  11987.4 1.874E+01 5.420E+12 6.911E-01 4.030E+02 2.000E+05
 2.34182939E-04  12062.3 2.333E+01 6.702E+12 7.560E-01 4.311E+02 2.000E+05
 2.90279089E-04  12142.3 2.892E+01 8.249E+12 8.289E-01 4.592E+02 2.000E+05
 3.58416332E-04  12228.6 3.570E+01 1.011E+13 9.111E-01 4.875E+02 2.000E+05
 4.40986319E-04  12319.4 4.391E+01 1.234E+13 1.004E+00 5.163E+02 2.000E+05
 5.40832470E-04  12412.8 5.385E+01 1.502E+13 1.108E+00 5.460E+02 2.000E+05
 6.61348466E-04  12508.2 6.583E+01 1.822E+13 1.225E+00 5.770E+02 2.000E+05
 8.06533193E-04  12604.4 8.026E+01 2.204E+13 1.358E+00 6.113E+02 2.000E+05
 9.80940593E-04  12701.5 9.759E+01 2.659E+13 1.509E+00 6.538E+02 2.000E+05
 1.18989883E-03  12800.5 1.183E+02 3.199E+13 1.681E+00 7.020E+02 2.000E+05
 1.43987720E-03  12899.8 1.432E+02 3.839E+13 1.875E+00 7.552E+02 2.000E+05
 1.73864537E-03  12999.2 1.728E+02 4.598E+13 2.093E+00 8.138E+02 2.000E+05
 2.09545491E-03  13098.8 2.082E+02 5.496E+13 2.338E+00 8.787E+02 2.000E+05
 2.52135072E-03  13199.1 2.504E+02 6.559E+13 2.612E+00 9.508E+02 2.000E+05
 3.02951098E-03  13300.1 3.007E+02 7.816E+13 2.920E+00 1.033E+03 2.000E+05
 3.63577918E-03  13406.5 3.607E+02 9.299E+13 3.263E+00 1.126E+03 2.000E+05
 4.35919720E-03  13517.0 4.322E+02 1.105E+14 3.646E+00 1.231E+03 2.000E+05
 5.22314286E-03  13634.1 5.174E+02 1.312E+14 4.068E+00 1.350E+03 2.000E+05
 6.25740000E-03  13762.8 6.194E+02 1.555E+14 4.524E+00 1.480E+03 2.000E+05
 7.50068699E-03  13909.0 7.418E+02 1.843E+14 5.006E+00 1.618E+03 2.000E+05
 9.00329011E-03  14076.1 8.895E+02 2.185E+14 5.508E+00 1.763E+03 2.000E+05
 1.08293951E-02  14276.6 1.069E+03 2.590E+14 6.028E+00 1.916E+03 2.000E+05
 1.30626355E-02  14515.5 1.288E+03 3.072E+14 6.550E+00 2.070E+03 2.000E+05
 1.58149201E-02  14792.9 1.557E+03 3.651E+14 7.058E+00 2.218E+03 2.000E+05
 1.92377615E-02  15118.5 1.891E+03 4.349E+14 7.532E+00 2.355E+03 2.000E+05
 2.35376518E-02  15501.4 2.311E+03 5.198E+14 7.957E+00 2.475E+03 2.000E+05
 2.89907567E-02  15951.1 2.842E+03 6.239E+14 8.338E+00 2.579E+03 2.000E+05
 3.59382086E-02  16485.0 3.519E+03 7.514E+14 8.717E+00 2.681E+03 2.000E+05
 4.48341428E-02  17100.2 4.384E+03 9.079E+14 9.040E+00 2.754E+03 2.000E+05
 5.63446657E-02  17801.0 5.503E+03 1.101E+15 9.277E+00 2.792E+03 2.000E+05
 7.12850290E-02  18596.9 6.956E+03 1.339E+15 9.539E+00 2.826E+03 2.000E+05
 9.07501618E-02  19483.4 8.847E+03 1.631E+15 9.726E+00 2.828E+03 2.000E+05
 1.16185130E-01  20465.4 1.132E+04 1.991E+15 9.940E+00 2.827E+03 2.000E+05
 1.49244088E-01  21543.3 1.453E+04 2.432E+15 1.024E+01 2.840E+03 2.000E+05
 1.92025973E-01  22719.2 1.869E+04 2.969E+15 1.055E+01 2.856E+03 2.000E+05
 2.47359852E-01  24000.7 2.406E+04 3.620E+15 1.089E+01 2.879E+03 2.000E+05
 3.18593649E-01  25400.8 3.098E+04 4.405E+15 1.131E+01 2.938E+03 2.000E+05
 4.09782380E-01  26929.5 3.983E+04 5.342E+15 1.182E+01 3.003E+03 2.000E+05
 5.25647749E-01  28597.0 5.106E+04 6.451E+15 1.246E+01 3.122E+03 2.000E+05
 6.71341398E-01  30420.5 6.516E+04 7.740E+15 1.329E+01 3.290E+03 2.000E+05
 8.53154965E-01  32416.8 8.272E+04 9.223E+15 1.423E+01 3.500E+03 2.000E+05
 1.07809129E+00  34600.4 1.044E+05 1.091E+16 1.543E+01 3.780E+03 2.000E+05
 1.35338162E+00  36987.4 1.308E+05 1.281E+16 1.688E+01 4.120E+03 2.000E+05
 1.68843504E+00  39585.1 1.629E+05 1.496E+16 1.849E+01 4.507E+03 2.000E+05
 2.09961528E+00  42414.7 2.021E+05 1.744E+16 1.986E+01 4.827E+03 2.000E+05
 2.61977910E+00  45492.8 2.515E+05 2.044E+16 2.049E+01 4.990E+03 2.000E+05
 3.32095109E+00  48847.8 3.182E+05 2.428E+16 1.957E+01 4.792E+03 2.000E+05
 4.32065545E+00  52447.0 4.136E+05 2.955E+16 1.794E+01 4.383E+03 2.000E+05
 5.77756419E+00  56282.2 5.532E+05 3.693E+16 1.636E+01 4.026E+03 2.000E+05
PRADK 2.3382E+02
BEGIN                    ITERATION   6 COMPLETED
