TEFF  19000.  GRAVITY 3.50000 LTE 
TITLE SDSC GRID  [-0.2]   VTURB 2.0 KM/S                                        
 OPACITY IFOP 1 1 1 1 1 1 1 1 1 1 1 1 1 0 1 0 0 0 0 0
 CONVECTION OFF  1.00 TURBULENCE OFF  0.00  0.00  0.00  0.00
ABUNDANCE SCALE   0.63100 ABUNDANCE CHANGE 1 0.91100 2 0.08900
 ABUNDANCE CHANGE  3 -10.88  4 -10.89  5  -9.44  6  -3.48  7  -3.99  8  -3.11
 ABUNDANCE CHANGE  9  -7.48 10  -3.95 11  -5.71 12  -4.46 13  -5.57 14  -4.49
 ABUNDANCE CHANGE 15  -6.59 16  -4.83 17  -6.54 18  -5.48 19  -6.82 20  -5.68
 ABUNDANCE CHANGE 21  -8.94 22  -7.05 23  -8.04 24  -6.37 25  -6.65 26  -4.37
 ABUNDANCE CHANGE 27  -7.12 28  -5.79 29  -7.83 30  -7.44 31  -9.16 32  -8.63
 ABUNDANCE CHANGE 33  -9.67 34  -8.69 35  -9.41 36  -8.81 37  -9.44 38  -9.14
 ABUNDANCE CHANGE 39  -9.80 40  -9.54 41 -10.62 42 -10.12 43 -20.00 44 -10.20
 ABUNDANCE CHANGE 45 -10.92 46 -10.35 47 -11.10 48 -10.18 49 -10.58 50 -10.04
 ABUNDANCE CHANGE 51 -11.04 52  -9.80 53 -10.53 54  -9.81 55 -10.92 56  -9.91
 ABUNDANCE CHANGE 57 -10.82 58 -10.49 59 -11.33 60 -10.54 61 -20.00 62 -11.04
 ABUNDANCE CHANGE 63 -11.53 64 -10.92 65 -11.94 66 -10.94 67 -11.78 68 -11.11
 ABUNDANCE CHANGE 69 -12.04 70 -10.96 71 -11.28 72 -11.16 73 -11.91 74 -10.93
 ABUNDANCE CHANGE 75 -11.77 76 -10.59 77 -10.69 78 -10.24 79 -11.03 80 -10.95
 ABUNDANCE CHANGE 81 -11.14 82 -10.19 83 -11.33 84 -20.00 85 -20.00 86 -20.00
 ABUNDANCE CHANGE 87 -20.00 88 -20.00 89 -20.00 90 -11.92 91 -20.00 92 -12.51
 ABUNDANCE CHANGE 93 -20.00 94 -20.00 95 -20.00 96 -20.00 97 -20.00 98 -20.00
 ABUNDANCE CHANGE 99 -20.00
READ DECK6 64 RHOX,T,P,XNE,ABROSS,ACCRAD,VTURB
 5.84826996E-06   9488.4 1.730E-02 6.332E+09 3.038E-01 2.038E+02 2.000E+05
 5.85468998E-06   9884.1 1.732E-02 6.145E+09 3.038E-01 1.964E+02 2.000E+05
 7.80289856E-06   9971.8 2.310E-02 8.122E+09 3.047E-01 1.975E+02 2.000E+05
 1.03917566E-05  10085.9 3.078E-02 1.071E+10 3.063E-01 1.947E+02 2.000E+05
 1.38225662E-05  10218.9 4.097E-02 1.408E+10 3.085E-01 1.901E+02 2.000E+05
 1.83633297E-05  10351.9 5.447E-02 1.851E+10 3.108E-01 1.868E+02 2.000E+05
 2.43706161E-05  10498.2 7.235E-02 2.428E+10 3.135E-01 1.838E+02 2.000E+05
 3.23112697E-05  10650.5 9.602E-02 3.181E+10 3.164E-01 1.811E+02 2.000E+05
 4.27966703E-05  10818.7 1.273E-01 4.160E+10 3.197E-01 1.768E+02 2.000E+05
 5.66279538E-05  10991.9 1.686E-01 5.435E+10 3.232E-01 1.712E+02 2.000E+05
 7.48699425E-05  11166.9 2.233E-01 7.096E+10 3.269E-01 1.646E+02 2.000E+05
 9.89035242E-05  11342.0 2.954E-01 9.260E+10 3.311E-01 1.550E+02 2.000E+05
 1.30524468E-04  11498.7 3.906E-01 1.209E+11 3.358E-01 1.472E+02 2.000E+05
 1.72097224E-04  11635.7 5.161E-01 1.579E+11 3.407E-01 1.417E+02 2.000E+05
 2.26712227E-04  11756.0 6.812E-01 2.063E+11 3.460E-01 1.379E+02 2.000E+05
 2.98362274E-04  11861.0 8.980E-01 2.695E+11 3.520E-01 1.355E+02 2.000E+05
 3.92147362E-04  11950.2 1.182E+00 3.517E+11 3.591E-01 1.352E+02 2.000E+05
 5.14514542E-04  12027.1 1.552E+00 4.584E+11 3.677E-01 1.371E+02 2.000E+05
 6.73587557E-04  12097.0 2.033E+00 5.961E+11 3.779E-01 1.408E+02 2.000E+05
 8.79513573E-04  12167.7 2.655E+00 7.728E+11 3.901E-01 1.459E+02 2.000E+05
 1.14482556E-03  12244.2 3.454E+00 9.980E+11 4.048E-01 1.519E+02 2.000E+05
 1.48486546E-03  12333.0 4.477E+00 1.283E+12 4.222E-01 1.583E+02 2.000E+05
 1.91856684E-03  12430.9 5.778E+00 1.642E+12 4.424E-01 1.644E+02 2.000E+05
 2.46942742E-03  12538.3 7.428E+00 2.092E+12 4.654E-01 1.701E+02 2.000E+05
 3.16586300E-03  12653.5 9.510E+00 2.653E+12 4.921E-01 1.764E+02 2.000E+05
 4.04134273E-03  12775.5 1.212E+01 3.348E+12 5.235E-01 1.845E+02 2.000E+05
 5.13646772E-03  12901.8 1.538E+01 4.206E+12 5.591E-01 1.929E+02 2.000E+05
 6.50138656E-03  13030.0 1.942E+01 5.261E+12 5.992E-01 2.016E+02 2.000E+05
 8.19673446E-03  13158.3 2.443E+01 6.554E+12 6.443E-01 2.110E+02 2.000E+05
 1.02957581E-02  13286.0 3.062E+01 8.135E+12 6.951E-01 2.214E+02 2.000E+05
 1.28847644E-02  13414.6 3.822E+01 1.006E+13 7.530E-01 2.344E+02 2.000E+05
 1.60672524E-02  13544.2 4.751E+01 1.238E+13 8.178E-01 2.492E+02 2.000E+05
 1.99708731E-02  13675.8 5.885E+01 1.519E+13 8.898E-01 2.658E+02 2.000E+05
 2.47519336E-02  13811.3 7.265E+01 1.857E+13 9.693E-01 2.845E+02 2.000E+05
 3.06037465E-02  13954.0 8.943E+01 2.264E+13 1.056E+00 3.057E+02 2.000E+05
 3.77685491E-02  14111.7 1.098E+02 2.750E+13 1.150E+00 3.299E+02 2.000E+05
 4.65380876E-02  14299.7 1.345E+02 3.328E+13 1.253E+00 3.588E+02 2.000E+05
 5.72901343E-02  14516.6 1.645E+02 4.015E+13 1.360E+00 3.884E+02 2.000E+05
 7.05452380E-02  14769.6 2.011E+02 4.833E+13 1.466E+00 4.181E+02 2.000E+05
 8.70021389E-02  15066.3 2.460E+02 5.811E+13 1.569E+00 4.465E+02 2.000E+05
 1.07616064E-01  15415.4 3.017E+02 6.985E+13 1.662E+00 4.725E+02 2.000E+05
 1.33699981E-01  15831.5 3.715E+02 8.401E+13 1.744E+00 4.959E+02 2.000E+05
 1.66907746E-01  16331.3 4.597E+02 1.011E+14 1.823E+00 5.195E+02 2.000E+05
 2.09507337E-01  16913.2 5.718E+02 1.217E+14 1.884E+00 5.369E+02 2.000E+05
 2.64815466E-01  17586.3 7.167E+02 1.470E+14 1.926E+00 5.483E+02 2.000E+05
 3.37186643E-01  18360.5 9.056E+02 1.781E+14 1.960E+00 5.556E+02 2.000E+05
 4.31959854E-01  19242.3 1.152E+03 2.164E+14 1.997E+00 5.634E+02 2.000E+05
 5.56235408E-01  20233.6 1.475E+03 2.635E+14 2.025E+00 5.661E+02 2.000E+05
 7.20282477E-01  21328.7 1.901E+03 3.224E+14 2.041E+00 5.598E+02 2.000E+05
 9.36322856E-01  22532.6 2.463E+03 3.954E+14 2.076E+00 5.613E+02 2.000E+05
 1.22012518E+00  23846.8 3.203E+03 4.858E+14 2.103E+00 5.535E+02 2.000E+05
 1.59131207E+00  25266.1 4.171E+03 5.971E+14 2.162E+00 5.575E+02 2.000E+05
 2.06747047E+00  26815.3 5.407E+03 7.294E+14 2.268E+00 5.738E+02 2.000E+05
 2.67222832E+00  28496.2 6.966E+03 8.844E+14 2.384E+00 5.953E+02 2.000E+05
 3.43062743E+00  30337.1 8.898E+03 1.061E+15 2.562E+00 6.348E+02 2.000E+05
 4.36881427E+00  32350.4 1.125E+04 1.260E+15 2.769E+00 6.823E+02 2.000E+05
 5.51730100E+00  34554.4 1.406E+04 1.479E+15 3.039E+00 7.455E+02 2.000E+05
 6.91434354E+00  36950.6 1.739E+04 1.723E+15 3.318E+00 8.091E+02 2.000E+05
 8.63355302E+00  39568.7 2.138E+04 2.000E+15 3.558E+00 8.650E+02 2.000E+05
 1.08414893E+01  42414.9 2.644E+04 2.329E+15 3.579E+00 8.713E+02 2.000E+05
 1.38536366E+01  45506.0 3.339E+04 2.756E+15 3.424E+00 8.388E+02 2.000E+05
 1.80762357E+01  48809.9 4.329E+04 3.339E+15 3.243E+00 7.950E+02 2.000E+05
 2.40645075E+01  52408.5 5.764E+04 4.145E+15 3.031E+00 7.397E+02 2.000E+05
 3.25830523E+01  56240.1 7.849E+04 5.262E+15 2.838E+00 6.897E+02 2.000E+05
PRADK 2.3471E+02
BEGIN                    ITERATION   6 COMPLETED
