TEFF   6250.  GRAVITY 0.50000 LTE 
TITLE SDSC GRID  [-0.3]   VTURB 2.0 KM/S    L/H 1.25                            
 OPACITY IFOP 1 1 1 1 1 1 1 1 1 1 1 1 1 0 1 0 0 0 0 0
 CONVECTION ON   1.25 TURBULENCE OFF  0.00  0.00  0.00  0.00
ABUNDANCE SCALE   0.50120 ABUNDANCE CHANGE 1 0.91100 2 0.08900
 ABUNDANCE CHANGE  3 -10.88  4 -10.89  5  -9.44  6  -3.48  7  -3.99  8  -3.11
 ABUNDANCE CHANGE  9  -7.48 10  -3.95 11  -5.71 12  -4.46 13  -5.57 14  -4.49
 ABUNDANCE CHANGE 15  -6.59 16  -4.83 17  -6.54 18  -5.48 19  -6.82 20  -5.68
 ABUNDANCE CHANGE 21  -8.94 22  -7.05 23  -8.04 24  -6.37 25  -6.65 26  -4.37
 ABUNDANCE CHANGE 27  -7.12 28  -5.79 29  -7.83 30  -7.44 31  -9.16 32  -8.63
 ABUNDANCE CHANGE 33  -9.67 34  -8.69 35  -9.41 36  -8.81 37  -9.44 38  -9.14
 ABUNDANCE CHANGE 39  -9.80 40  -9.54 41 -10.62 42 -10.12 43 -20.00 44 -10.20
 ABUNDANCE CHANGE 45 -10.92 46 -10.35 47 -11.10 48 -10.18 49 -10.58 50 -10.04
 ABUNDANCE CHANGE 51 -11.04 52  -9.80 53 -10.53 54  -9.81 55 -10.92 56  -9.91
 ABUNDANCE CHANGE 57 -10.82 58 -10.49 59 -11.33 60 -10.54 61 -20.00 62 -11.04
 ABUNDANCE CHANGE 63 -11.53 64 -10.92 65 -11.94 66 -10.94 67 -11.78 68 -11.11
 ABUNDANCE CHANGE 69 -12.04 70 -10.96 71 -11.28 72 -11.16 73 -11.91 74 -10.93
 ABUNDANCE CHANGE 75 -11.77 76 -10.59 77 -10.69 78 -10.24 79 -11.03 80 -10.95
 ABUNDANCE CHANGE 81 -11.14 82 -10.19 83 -11.33 84 -20.00 85 -20.00 86 -20.00
 ABUNDANCE CHANGE 87 -20.00 88 -20.00 89 -20.00 90 -11.92 91 -20.00 92 -12.51
 ABUNDANCE CHANGE 93 -20.00 94 -20.00 95 -20.00 96 -20.00 97 -20.00 98 -20.00
 ABUNDANCE CHANGE 99 -20.00
READ DECK6 72 RHOX,T,P,XNE,ABROSS,ACCRAD,VTURB
 5.37803137E-04   3830.0 1.696E-03 1.694E+06 2.480E-04 9.242E-03 2.000E+05 0.000E+00 0.000E+00
 7.21981559E-04   3842.1 2.276E-03 2.110E+06 2.350E-04 8.997E-03 2.000E+05 0.000E+00 0.000E+00
 9.81521542E-04   3854.5 3.095E-03 2.650E+06 2.220E-04 8.662E-03 2.000E+05 0.000E+00 0.000E+00
 1.34769786E-03   3867.7 4.250E-03 3.359E+06 2.099E-04 8.353E-03 2.000E+05 0.000E+00 0.000E+00
 1.86459197E-03   3881.9 5.880E-03 4.294E+06 1.989E-04 8.086E-03 2.000E+05 0.000E+00 0.000E+00
 2.59127491E-03   3897.1 8.172E-03 5.527E+06 1.889E-04 7.864E-03 2.000E+05 0.000E+00 0.000E+00
 3.60779552E-03   3914.1 1.138E-02 7.178E+06 1.808E-04 7.716E-03 2.000E+05 0.000E+00 0.000E+00
 5.01623255E-03   3933.6 1.582E-02 9.417E+06 1.749E-04 7.631E-03 2.000E+05 0.000E+00 0.000E+00
 6.94732492E-03   3955.4 2.191E-02 1.244E+07 1.709E-04 7.527E-03 2.000E+05 0.000E+00 0.000E+00
 9.56901256E-03   3979.4 3.018E-02 1.652E+07 1.687E-04 7.400E-03 2.000E+05 0.000E+00 0.000E+00
 1.30959499E-02   4005.2 4.131E-02 2.201E+07 1.679E-04 7.274E-03 2.000E+05 0.000E+00 0.000E+00
 1.78041303E-02   4032.6 5.617E-02 2.935E+07 1.682E-04 7.133E-03 2.000E+05 0.000E+00 0.000E+00
 2.40499067E-02   4061.1 7.587E-02 3.912E+07 1.695E-04 6.981E-03 2.000E+05 0.000E+00 0.000E+00
 3.22958699E-02   4090.3 1.019E-01 5.204E+07 1.716E-04 6.826E-03 2.000E+05 0.000E+00 0.000E+00
 4.31415264E-02   4120.1 1.361E-01 6.908E+07 1.743E-04 6.692E-03 2.000E+05 0.000E+00 0.000E+00
 5.73537944E-02   4150.6 1.810E-01 9.153E+07 1.777E-04 6.564E-03 2.000E+05 0.000E+00 0.000E+00
 7.59073829E-02   4181.8 2.395E-01 1.211E+08 1.818E-04 6.448E-03 2.000E+05 0.000E+00 0.000E+00
 1.00016317E-01   4213.9 3.156E-01 1.601E+08 1.871E-04 6.351E-03 2.000E+05 0.000E+00 0.000E+00
 1.31166621E-01   4247.1 4.139E-01 2.117E+08 1.937E-04 6.282E-03 2.000E+05 0.000E+00 0.000E+00
 1.71148339E-01   4281.7 5.401E-01 2.800E+08 2.019E-04 6.211E-03 2.000E+05 0.000E+00 0.000E+00
 2.22111898E-01   4317.4 7.009E-01 3.700E+08 2.119E-04 6.137E-03 2.000E+05 0.000E+00 0.000E+00
 2.86642792E-01   4354.2 9.046E-01 4.883E+08 2.239E-04 6.060E-03 2.000E+05 0.000E+00 0.000E+00
 3.67796618E-01   4391.7 1.161E+00 6.430E+08 2.382E-04 6.013E-03 2.000E+05 0.000E+00 0.000E+00
 4.69101562E-01   4430.3 1.480E+00 8.453E+08 2.554E-04 5.980E-03 2.000E+05 0.000E+00 0.000E+00
 5.94604958E-01   4469.8 1.877E+00 1.108E+09 2.759E-04 5.944E-03 2.000E+05 0.000E+00 0.000E+00
 7.49023234E-01   4509.7 2.364E+00 1.448E+09 2.999E-04 5.909E-03 2.000E+05 0.000E+00 0.000E+00
 9.37869081E-01   4549.8 2.960E+00 1.883E+09 3.280E-04 5.876E-03 2.000E+05 0.000E+00 0.000E+00
 1.16752935E+00   4590.0 3.685E+00 2.434E+09 3.606E-04 5.881E-03 2.000E+05 0.000E+00 0.000E+00
 1.44521959E+00   4630.2 4.561E+00 3.133E+09 3.989E-04 5.919E-03 2.000E+05 0.000E+00 0.000E+00
 1.77898629E+00   4670.8 5.615E+00 4.016E+09 4.438E-04 5.975E-03 2.000E+05 0.000E+00 0.000E+00
 2.17784207E+00   4711.5 6.874E+00 5.126E+09 4.966E-04 6.051E-03 2.000E+05 0.000E+00 0.000E+00
 2.65187947E+00   4752.5 8.370E+00 6.515E+09 5.586E-04 6.149E-03 2.000E+05 0.000E+00 0.000E+00
 3.21237389E+00   4793.7 1.014E+01 8.247E+09 6.315E-04 6.271E-03 2.000E+05 0.000E+00 0.000E+00
 3.87181911E+00   4835.0 1.222E+01 1.039E+10 7.174E-04 6.448E-03 2.000E+05 0.000E+00 0.000E+00
 4.64413015E+00   4876.6 1.466E+01 1.305E+10 8.185E-04 6.655E-03 2.000E+05 0.000E+00 0.000E+00
 5.54534423E+00   4918.1 1.750E+01 1.631E+10 9.367E-04 6.896E-03 2.000E+05 0.000E+00 0.000E+00
 6.59440212E+00   4959.4 2.081E+01 2.029E+10 1.074E-03 7.182E-03 2.000E+05 0.000E+00 0.000E+00
 7.81313149E+00   5000.5 2.466E+01 2.513E+10 1.234E-03 7.522E-03 2.000E+05 0.000E+00 0.000E+00
 9.22663485E+00   5041.4 2.911E+01 3.098E+10 1.420E-03 7.937E-03 2.000E+05 0.000E+00 0.000E+00
 1.08626635E+01   5082.4 3.427E+01 3.810E+10 1.638E-03 8.447E-03 2.000E+05 0.000E+00 0.000E+00
 1.27512655E+01   5123.9 4.023E+01 4.676E+10 1.895E-03 9.065E-03 2.000E+05 0.000E+00 0.000E+00
 1.49249516E+01   5166.3 4.708E+01 5.733E+10 2.199E-03 9.811E-03 2.000E+05 0.000E+00 0.000E+00
 1.74179595E+01   5210.1 5.494E+01 7.034E+10 2.562E-03 1.072E-02 2.000E+05 0.000E+00 0.000E+00
 2.02643640E+01   5255.8 6.391E+01 8.647E+10 3.000E-03 1.184E-02 2.000E+05 0.000E+00 0.000E+00
 2.34952382E+01   5304.6 7.409E+01 1.068E+11 3.537E-03 1.325E-02 2.000E+05 0.000E+00 0.000E+00
 2.71329504E+01   5357.7 8.554E+01 1.328E+11 4.210E-03 1.506E-02 2.000E+05 0.000E+00 0.000E+00
 3.11834125E+01   5416.7 9.828E+01 1.670E+11 5.076E-03 1.745E-02 2.000E+05 0.000E+00 0.000E+00
 3.56251124E+01   5484.3 1.122E+02 2.133E+11 6.228E-03 2.069E-02 2.000E+05 0.000E+00 0.000E+00
 4.04024296E+01   5562.7 1.272E+02 2.779E+11 7.806E-03 2.519E-02 2.000E+05 0.000E+00 0.000E+00
 4.54195811E+01   5655.4 1.430E+02 3.714E+11 1.005E-02 3.164E-02 2.000E+05 1.090E-17 0.000E+00
 5.05309134E+01   5766.6 1.589E+02 5.123E+11 1.340E-02 4.136E-02 2.000E+05 1.342E-15 0.000E+00
 5.55329159E+01   5902.3 1.745E+02 7.355E+11 1.870E-02 5.695E-02 2.000E+05 7.087E-13 5.761E+00
 6.01493510E+01   6072.6 1.888E+02 1.113E+12 2.781E-02 8.277E-02 2.000E+05 6.616E-08 2.949E+01
 6.42822911E+01   6247.7 2.015E+02 1.658E+12 4.136E-02 1.199E-01 2.000E+05 2.387E-02 7.962E+01
 6.79584135E+01   6438.7 2.125E+02 2.482E+12 6.306E-02 1.812E-01 2.000E+05 2.791E-02 2.595E+02
 7.10239318E+01   6682.6 2.215E+02 3.964E+12 1.063E-01 3.091E-01 2.000E+05 2.676E-02 1.072E+03
 7.33085006E+01   6987.5 2.278E+02 6.703E+12 2.008E-01 5.988E-01 2.000E+05 2.516E-02 5.518E+03
 7.48103490E+01   7363.5 2.312E+02 1.184E+13 4.295E-01 1.307E+00 2.000E+05 2.317E-02 3.617E+04
 7.57138151E+01   7794.8 2.322E+02 2.060E+13 9.744E-01 3.012E+00 2.000E+05 2.079E-02 8.213E+04
 7.62307940E+01   8298.4 2.314E+02 3.456E+13 2.261E+00 6.633E+00 2.000E+05 1.846E-02 3.891E+05
 7.65576653E+01   8771.2 2.298E+02 4.915E+13 4.197E+00 9.727E+00 2.000E+05 2.009E-01 1.097E+06
 7.68386333E+01   9128.7 2.278E+02 5.869E+13 5.781E+00 1.039E+01 2.000E+05 3.715E-01 1.450E+06
 7.71302023E+01   9500.6 2.255E+02 6.550E+13 6.991E+00 1.239E+01 2.000E+05 4.132E-01 1.648E+06
 7.74744583E+01  10004.6 2.215E+02 6.905E+13 7.349E+00 1.673E+01 2.000E+05 1.984E-01 1.423E+06
 7.79811519E+01  10827.2 2.148E+02 6.656E+13 5.816E+00 1.595E+01 2.000E+05 8.306E-03 4.120E+05
 7.89052992E+01  11671.4 2.051E+02 6.014E+13 3.962E+00 1.125E+01 2.000E+05 6.889E-03 1.395E+05
 8.08077861E+01  12660.2 1.942E+02 5.290E+13 2.472E+00 7.084E+00 2.000E+05 5.766E-03 4.942E+04
 8.46825058E+01  13617.8 1.840E+02 4.705E+13 1.719E+00 4.852E+00 2.000E+05 4.859E-03 3.244E+04
 9.18385453E+01  14712.5 1.768E+02 4.268E+13 1.289E+00 3.646E+00 2.000E+05 3.872E-03 2.209E+04
 1.04063968E+02  15816.2 1.760E+02 4.005E+13 1.045E+00 2.901E+00 2.000E+05 3.149E-03 1.340E+04
 1.23558986E+02  17044.7 1.858E+02 3.938E+13 8.995E-01 2.481E+00 2.000E+05 2.960E-08 1.032E+04
 1.52585352E+02  18330.4 2.092E+02 4.128E+13 8.238E-01 2.229E+00 2.000E+05 3.584E-08 1.409E+04
PRADK 2.0400E+00
BEGIN                    ITERATION  15 COMPLETED
