EFF   8750.  GRAVITY 1.50000 LTE 
ITLE SDSC GRID  [-1.0]   VTURB 2.0 KM/S    L/H 1.25                            
OPACITY IFOP 1 1 1 1 1 1 1 1 1 1 1 1 1 0 1 0 0 0 0 0
CONVECTION OFF  1.00 TURBULENCE OFF  0.00  0.00  0.00  0.00
BUNDANCE SCALE   0.10000 ABUNDANCE CHANGE 1 0.91100 2 0.08900
ABUNDANCE CHANGE  3 -10.88  4 -10.89  5  -9.44  6  -3.48  7  -3.99  8  -3.11
ABUNDANCE CHANGE  9  -7.48 10  -3.95 11  -5.71 12  -4.46 13  -5.57 14  -4.49
ABUNDANCE CHANGE 15  -6.59 16  -4.83 17  -6.54 18  -5.48 19  -6.82 20  -5.68
ABUNDANCE CHANGE 21  -8.94 22  -7.05 23  -8.04 24  -6.37 25  -6.65 26  -4.37
ABUNDANCE CHANGE 27  -7.12 28  -5.79 29  -7.83 30  -7.44 31  -9.16 32  -8.63
ABUNDANCE CHANGE 33  -9.67 34  -8.69 35  -9.41 36  -8.81 37  -9.44 38  -9.14
ABUNDANCE CHANGE 39  -9.80 40  -9.54 41 -10.62 42 -10.12 43 -20.00 44 -10.20
ABUNDANCE CHANGE 45 -10.92 46 -10.35 47 -11.10 48 -10.18 49 -10.58 50 -10.04
ABUNDANCE CHANGE 51 -11.04 52  -9.80 53 -10.53 54  -9.81 55 -10.92 56  -9.91
ABUNDANCE CHANGE 57 -10.82 58 -10.49 59 -11.33 60 -10.54 61 -20.00 62 -11.04
ABUNDANCE CHANGE 63 -11.53 64 -10.92 65 -11.94 66 -10.94 67 -11.78 68 -11.11
ABUNDANCE CHANGE 69 -12.04 70 -10.96 71 -11.28 72 -11.16 73 -11.91 74 -10.93
ABUNDANCE CHANGE 75 -11.77 76 -10.59 77 -10.69 78 -10.24 79 -11.03 80 -10.95
ABUNDANCE CHANGE 81 -11.14 82 -10.19 83 -11.33 84 -20.00 85 -20.00 86 -20.00
ABUNDANCE CHANGE 87 -20.00 88 -20.00 89 -20.00 90 -11.92 91 -20.00 92 -12.51
ABUNDANCE CHANGE 93 -20.00 94 -20.00 95 -20.00 96 -20.00 97 -20.00 98 -20.00
ABUNDANCE CHANGE 99 -20.00
EAD DECK6 72 RHOX,T,P,XNE,ABROSS,ACCRAD,VTURB
4.77562085E-07   5401.6 1.279E-05 8.009E+06 2.792E-01 4.833E+00 2.000E+05 0.000E+00 0.000E+00
6.37758702E-07   5404.7 1.709E-05 1.062E+07 2.760E-01 4.798E+00 2.000E+05 0.000E+00 0.000E+00
8.54308063E-07   5405.8 2.290E-05 1.411E+07 2.717E-01 4.751E+00 2.000E+05 0.000E+00 0.000E+00
1.14816375E-06   5409.3 3.081E-05 1.877E+07 2.666E-01 4.694E+00 2.000E+05 0.000E+00 0.000E+00
1.54882243E-06   5412.7 4.161E-05 2.499E+07 2.600E-01 4.623E+00 2.000E+05 0.000E+00 0.000E+00
2.09812489E-06   5417.6 5.647E-05 3.331E+07 2.522E-01 4.537E+00 2.000E+05 0.000E+00 0.000E+00
2.85590905E-06   5423.5 7.703E-05 4.443E+07 2.430E-01 4.435E+00 2.000E+05 0.000E+00 0.000E+00
3.90852029E-06   5431.4 1.057E-04 5.934E+07 2.326E-01 4.319E+00 2.000E+05 0.000E+00 0.000E+00
5.38086300E-06   5441.3 1.460E-04 7.936E+07 2.210E-01 4.188E+00 2.000E+05 0.000E+00 0.000E+00
7.45370138E-06   5454.2 2.030E-04 1.063E+08 2.088E-01 4.049E+00 2.000E+05 0.000E+00 0.000E+00
1.03865436E-05   5470.4 2.841E-04 1.428E+08 1.964E-01 3.905E+00 2.000E+05 0.000E+00 0.000E+00
1.45476742E-05   5490.9 3.998E-04 1.922E+08 1.845E-01 3.760E+00 2.000E+05 0.000E+00 0.000E+00
2.04516245E-05   5516.1 5.647E-04 2.595E+08 1.736E-01 3.619E+00 2.000E+05 0.000E+00 0.000E+00
2.87971841E-05   5546.9 7.990E-04 3.515E+08 1.642E-01 3.486E+00 2.000E+05 0.000E+00 0.000E+00
4.05158720E-05   5583.2 1.130E-03 4.772E+08 1.565E-01 3.361E+00 2.000E+05 0.000E+00 0.000E+00
5.68263115E-05   5625.0 1.591E-03 6.488E+08 1.507E-01 3.243E+00 2.000E+05 0.000E+00 0.000E+00
7.93130945E-05   5671.3 2.231E-03 8.820E+08 1.464E-01 3.129E+00 2.000E+05 0.000E+00 0.000E+00
1.10049571E-04   5721.1 3.109E-03 1.197E+09 1.433E-01 3.018E+00 2.000E+05 0.000E+00 0.000E+00
1.51814924E-04   5772.7 4.306E-03 1.618E+09 1.409E-01 2.904E+00 2.000E+05 0.000E+00 0.000E+00
2.08421432E-04   5824.6 5.935E-03 2.177E+09 1.387E-01 2.784E+00 2.000E+05 0.000E+00 0.000E+00
2.85097876E-04   5876.3 8.151E-03 2.918E+09 1.365E-01 2.671E+00 2.000E+05 0.000E+00 0.000E+00
3.88958119E-04   5927.9 1.116E-02 3.895E+09 1.344E-01 2.574E+00 2.000E+05 0.000E+00 0.000E+00
5.29560376E-04   5979.7 1.525E-02 5.186E+09 1.325E-01 2.499E+00 2.000E+05 0.000E+00 0.000E+00
7.19644852E-04   6032.0 2.080E-02 6.888E+09 1.308E-01 2.438E+00 2.000E+05 0.000E+00 0.000E+00
9.76126796E-04   6085.0 2.829E-02 9.128E+09 1.294E-01 2.390E+00 2.000E+05 0.000E+00 0.000E+00
1.32125085E-03   6139.1 3.838E-02 1.207E+10 1.285E-01 2.350E+00 2.000E+05 0.000E+00 0.000E+00
1.78389176E-03   6194.6 5.194E-02 1.595E+10 1.281E-01 2.312E+00 2.000E+05 0.000E+00 0.000E+00
2.40105378E-03   6252.0 7.004E-02 2.103E+10 1.283E-01 2.283E+00 2.000E+05 0.000E+00 0.000E+00
3.21997618E-03   6310.8 9.407E-02 2.766E+10 1.293E-01 2.270E+00 2.000E+05 0.000E+00 0.000E+00
4.29898717E-03   6372.3 1.257E-01 3.633E+10 1.314E-01 2.264E+00 2.000E+05 0.000E+00 0.000E+00
5.71051788E-03   6435.3 1.672E-01 4.756E+10 1.343E-01 2.265E+00 2.000E+05 0.000E+00 0.000E+00
7.54903157E-03   6497.3 2.212E-01 6.188E+10 1.376E-01 2.270E+00 2.000E+05 0.000E+00 0.000E+00
9.94564521E-03   6555.5 2.915E-01 7.984E+10 1.405E-01 2.278E+00 2.000E+05 0.000E+00 0.000E+00
1.30841119E-02   6609.1 3.836E-01 1.022E+11 1.428E-01 2.290E+00 2.000E+05 0.000E+00 0.000E+00
1.72061716E-02   6660.3 5.045E-01 1.303E+11 1.449E-01 2.303E+00 2.000E+05 0.000E+00 0.000E+00
2.26214389E-02   6709.6 6.632E-01 1.654E+11 1.471E-01 2.329E+00 2.000E+05 0.000E+00 0.000E+00
2.97238857E-02   6757.6 8.711E-01 2.094E+11 1.498E-01 2.372E+00 2.000E+05 0.000E+00 0.000E+00
3.90067178E-02   6805.0 1.142E+00 2.641E+11 1.532E-01 2.432E+00 2.000E+05 0.000E+00 0.000E+00
5.10697916E-02   6853.2 1.494E+00 3.325E+11 1.578E-01 2.511E+00 2.000E+05 0.000E+00 0.000E+00
6.66256735E-02   6902.1 1.946E+00 4.173E+11 1.638E-01 2.618E+00 2.000E+05 0.000E+00 0.000E+00
8.64879142E-02   6953.4 2.521E+00 5.226E+11 1.721E-01 2.763E+00 2.000E+05 0.000E+00 0.000E+00
1.11522124E-01   7008.1 3.241E+00 6.534E+11 1.834E-01 2.955E+00 2.000E+05 0.000E+00 0.000E+00
1.42585658E-01   7068.3 4.127E+00 8.163E+11 1.988E-01 3.205E+00 2.000E+05 0.000E+00 0.000E+00
1.80442888E-01   7135.1 5.197E+00 1.019E+12 2.195E-01 3.531E+00 2.000E+05 0.000E+00 0.000E+00
2.25644089E-01   7210.8 6.457E+00 1.272E+12 2.479E-01 3.972E+00 2.000E+05 0.000E+00 0.000E+00
2.78286188E-01   7299.0 7.897E+00 1.591E+12 2.878E-01 4.579E+00 2.000E+05 0.000E+00 0.000E+00
3.37860290E-01   7403.0 9.484E+00 1.992E+12 3.441E-01 5.418E+00 2.000E+05 0.000E+00 0.000E+00
4.03279030E-01   7526.3 1.116E+01 2.496E+12 4.239E-01 6.570E+00 2.000E+05 0.000E+00 0.000E+00
4.73197024E-01   7672.0 1.286E+01 3.117E+12 5.348E-01 8.094E+00 2.000E+05 0.000E+00 0.000E+00
5.46509077E-01   7841.7 1.452E+01 3.856E+12 6.841E-01 1.005E+01 2.000E+05 0.000E+00 0.000E+00
6.22751207E-01   8038.2 1.607E+01 4.690E+12 8.752E-01 1.245E+01 2.000E+05 0.000E+00 0.000E+00
7.03150885E-01   8264.5 1.751E+01 5.567E+12 1.092E+00 1.495E+01 2.000E+05 0.000E+00 0.000E+00
7.91064085E-01   8522.6 1.888E+01 6.405E+12 1.300E+00 1.708E+01 2.000E+05 0.000E+00 0.000E+00
8.92756608E-01   8815.1 2.028E+01 7.145E+12 1.451E+00 1.832E+01 2.000E+05 0.000E+00 0.000E+00
1.01858886E+00   9146.0 2.194E+01 7.807E+12 1.516E+00 1.842E+01 2.000E+05 0.000E+00 0.000E+00
1.18354992E+00   9517.3 2.418E+01 8.494E+12 1.509E+00 1.775E+01 2.000E+05 0.000E+00 0.000E+00
1.40831803E+00   9940.4 2.741E+01 9.361E+12 1.458E+00 1.671E+01 2.000E+05 0.000E+00 0.000E+00
1.72062014E+00  10410.7 3.225E+01 1.060E+13 1.391E+00 1.563E+01 2.000E+05 0.000E+00 0.000E+00
2.15901933E+00  10951.0 3.949E+01 1.239E+13 1.319E+00 1.467E+01 2.000E+05 0.000E+00 0.000E+00
2.77429506E+00  11555.1 5.016E+01 1.495E+13 1.256E+00 1.394E+01 2.000E+05 0.000E+00 0.000E+00
3.63698900E+00  12247.0 6.573E+01 1.854E+13 1.194E+00 1.327E+01 2.000E+05 0.000E+00 0.000E+00
4.83881821E+00  13015.6 8.808E+01 2.351E+13 1.151E+00 1.283E+01 2.000E+05 0.000E+00 0.000E+00
6.48748434E+00  13877.0 1.193E+02 3.021E+13 1.127E+00 1.256E+01 2.000E+05 0.000E+00 0.000E+00
8.71510515E+00  14812.4 1.619E+02 3.894E+13 1.118E+00 1.242E+01 2.000E+05 0.000E+00 0.000E+00
1.17286390E+01  15840.6 2.202E+02 4.996E+13 1.095E+00 1.214E+01 2.000E+05 0.000E+00 0.000E+00
1.58295139E+01  16950.4 3.007E+02 6.401E+13 1.075E+00 1.189E+01 2.000E+05 0.000E+00 0.000E+00
2.13965183E+01  18160.5 4.112E+02 8.182E+13 1.057E+00 1.168E+01 2.000E+05 0.000E+00 0.000E+00
2.89113859E+01  19464.4 5.615E+02 1.043E+14 1.048E+00 1.157E+01 2.000E+05 0.000E+00 0.000E+00
3.90167967E+01  20882.1 7.648E+02 1.325E+14 1.040E+00 1.144E+01 2.000E+05 0.000E+00 0.000E+00
5.25352276E+01  22405.7 1.038E+03 1.675E+14 1.042E+00 1.144E+01 2.000E+05 0.000E+00 0.000E+00
7.04251160E+01  24055.3 1.398E+03 2.103E+14 1.056E+00 1.151E+01 2.000E+05 0.000E+00 0.000E+00
9.37458646E+01  25825.9 1.869E+03 2.619E+14 1.089E+00 1.132E+01 2.000E+05 0.000E+00 0.000E+00
RADK 7.8568E+00
EGIN                    ITERATION  15 COMPLETED
