TEFF   6000.  GRAVITY 0.50000 LTE
TITLE SDSC GRID  [+0.0]   VTURB 2.0 KM/S    L/H 1.25
 OPACITY IFOP 1 1 1 1 1 1 1 1 1 1 1 1 1 0 1 0 0 0 0 0
 CONVECTION ON   1.25 TURBULENCE OFF  0.00  0.00  0.00  0.00
ABUNDANCE SCALE   1.00000 ABUNDANCE CHANGE 1 0.91100 2 0.08900
 ABUNDANCE CHANGE  3 -10.88  4 -10.89  5  -9.44  6  -3.48  7  -3.99  8  -3.11
 ABUNDANCE CHANGE  9  -7.48 10  -3.95 11  -5.71 12  -4.46 13  -5.57 14  -4.49
 ABUNDANCE CHANGE 15  -6.59 16  -4.83 17  -6.54 18  -5.48 19  -6.82 20  -5.68
 ABUNDANCE CHANGE 21  -8.94 22  -7.05 23  -8.04 24  -6.37 25  -6.65 26  -4.37
 ABUNDANCE CHANGE 27  -7.12 28  -5.79 29  -7.83 30  -7.44 31  -9.16 32  -8.63
 ABUNDANCE CHANGE 33  -9.67 34  -8.69 35  -9.41 36  -8.81 37  -9.44 38  -9.14
 ABUNDANCE CHANGE 39  -9.80 40  -9.54 41 -10.62 42 -10.12 43 -20.00 44 -10.20
 ABUNDANCE CHANGE 45 -10.92 46 -10.35 47 -11.10 48 -10.18 49 -10.58 50 -10.04
 ABUNDANCE CHANGE 51 -11.04 52  -9.80 53 -10.53 54  -9.81 55 -10.92 56  -9.91
 ABUNDANCE CHANGE 57 -10.82 58 -10.49 59 -11.33 60 -10.54 61 -20.00 62 -11.04
 ABUNDANCE CHANGE 63 -11.53 64 -10.92 65 -11.94 66 -10.94 67 -11.78 68 -11.11
 ABUNDANCE CHANGE 69 -12.04 70 -10.96 71 -11.28 72 -11.16 73 -11.91 74 -10.93
 ABUNDANCE CHANGE 75 -11.77 76 -10.59 77 -10.69 78 -10.24 79 -11.03 80 -10.95
 ABUNDANCE CHANGE 81 -11.14 82 -10.19 83 -11.33 84 -20.00 85 -20.00 86 -20.00
 ABUNDANCE CHANGE 87 -20.00 88 -20.00 89 -20.00 90 -11.92 91 -20.00 92 -12.51
 ABUNDANCE CHANGE 93 -20.00 94 -20.00 95 -20.00 96 -20.00 97 -20.00 98 -20.00
 ABUNDANCE CHANGE 99 -20.00
READ DECK6 72 RHOX,T,P,XNE,ABROSS,ACCRAD,VTURB
 1.09020089E-03   3657.7 3.440E-03 1.535E+06 1.223E-04 6.560E-03 2.000E+05 0.000E+00 0.000E+00
 1.46101112E-03   3666.4 4.611E-03 1.938E+06 1.176E-04 6.507E-03 2.000E+05 0.000E+00 0.000E+00
 1.97375467E-03   3677.5 6.229E-03 2.484E+06 1.138E-04 6.397E-03 2.000E+05 0.000E+00 0.000E+00
 2.67808811E-03   3690.9 8.452E-03 3.221E+06 1.108E-04 6.260E-03 2.000E+05 0.000E+00 0.000E+00
 3.63954864E-03   3706.8 1.149E-02 4.216E+06 1.088E-04 6.180E-03 2.000E+05 0.000E+00 0.000E+00
 4.93930721E-03   3725.2 1.559E-02 5.551E+06 1.077E-04 6.159E-03 2.000E+05 0.000E+00 0.000E+00
 6.68457032E-03   3745.5 2.110E-02 7.331E+06 1.073E-04 6.098E-03 2.000E+05 0.000E+00 0.000E+00
 9.01599683E-03   3767.7 2.846E-02 9.697E+06 1.073E-04 5.999E-03 2.000E+05 0.000E+00 0.000E+00
 1.21175478E-02   3791.2 3.824E-02 1.283E+07 1.078E-04 5.898E-03 2.000E+05 0.000E+00 0.000E+00
 1.62279727E-02   3815.9 5.122E-02 1.696E+07 1.086E-04 5.801E-03 2.000E+05 0.000E+00 0.000E+00
 2.16581419E-02   3841.5 6.836E-02 2.241E+07 1.098E-04 5.706E-03 2.000E+05 0.000E+00 0.000E+00
 2.88117464E-02   3868.0 9.094E-02 2.956E+07 1.113E-04 5.598E-03 2.000E+05 0.000E+00 0.000E+00
 3.82110135E-02   3895.2 1.206E-01 3.895E+07 1.131E-04 5.530E-03 2.000E+05 0.000E+00 0.000E+00
 5.05208317E-02   3923.8 1.595E-01 5.130E+07 1.154E-04 5.457E-03 2.000E+05 0.000E+00 0.000E+00
 6.65821085E-02   3953.5 2.102E-01 6.753E+07 1.181E-04 5.348E-03 2.000E+05 0.000E+00 0.000E+00
 8.74686108E-02   3984.1 2.761E-01 8.877E+07 1.213E-04 5.216E-03 2.000E+05 0.000E+00 0.000E+00
 1.14519024E-01   4015.5 3.615E-01 1.165E+08 1.252E-04 5.168E-03 2.000E+05 0.000E+00 0.000E+00
 1.49358638E-01   4048.6 4.715E-01 1.530E+08 1.300E-04 5.126E-03 2.000E+05 0.000E+00 0.000E+00
 1.93972641E-01   4083.1 6.124E-01 2.007E+08 1.358E-04 5.052E-03 2.000E+05 0.000E+00 0.000E+00
 2.50810002E-01   4118.4 7.918E-01 2.628E+08 1.424E-04 4.956E-03 2.000E+05 0.000E+00 0.000E+00
 3.22867450E-01   4154.5 1.019E+00 3.433E+08 1.502E-04 4.843E-03 2.000E+05 0.000E+00 0.000E+00
 4.13652507E-01   4191.2 1.306E+00 4.474E+08 1.596E-04 4.796E-03 2.000E+05 0.000E+00 0.000E+00
 5.27190417E-01   4228.9 1.664E+00 5.818E+08 1.707E-04 4.754E-03 2.000E+05 0.000E+00 0.000E+00
 6.68235518E-01   4267.1 2.110E+00 7.543E+08 1.838E-04 4.694E-03 2.000E+05 0.000E+00 0.000E+00
 8.42462998E-01   4305.5 2.660E+00 9.740E+08 1.989E-04 4.625E-03 2.000E+05 0.000E+00 0.000E+00
 1.05655655E+00   4343.8 3.336E+00 1.252E+09 2.164E-04 4.561E-03 2.000E+05 0.000E+00 0.000E+00
 1.31804155E+00   4381.9 4.162E+00 1.602E+09 2.371E-04 4.550E-03 2.000E+05 0.000E+00 0.000E+00
 1.63516940E+00   4420.3 5.163E+00 2.043E+09 2.616E-04 4.569E-03 2.000E+05 0.000E+00 0.000E+00
 2.01720378E+00   4459.1 6.369E+00 2.595E+09 2.904E-04 4.591E-03 2.000E+05 0.000E+00 0.000E+00
 2.47466631E+00   4498.3 7.814E+00 3.286E+09 3.244E-04 4.616E-03 2.000E+05 0.000E+00 0.000E+00
 3.01944660E+00   4537.8 9.534E+00 4.147E+09 3.642E-04 4.644E-03 2.000E+05 0.000E+00 0.000E+00
 3.66442369E+00   4577.6 1.157E+01 5.216E+09 4.114E-04 4.707E-03 2.000E+05 0.000E+00 0.000E+00
 4.42325105E+00   4617.8 1.397E+01 6.538E+09 4.678E-04 4.824E-03 2.000E+05 0.000E+00 0.000E+00
 5.31072272E+00   4658.6 1.677E+01 8.176E+09 5.346E-04 4.952E-03 2.000E+05 0.000E+00 0.000E+00
 6.34414469E+00   4699.8 2.003E+01 1.020E+10 6.133E-04 5.091E-03 2.000E+05 0.000E+00 0.000E+00
 7.54344425E+00   4741.3 2.382E+01 1.267E+10 7.058E-04 5.245E-03 2.000E+05 0.000E+00 0.000E+00
 8.93152286E+00   4782.9 2.820E+01 1.570E+10 8.141E-04 5.418E-03 2.000E+05 0.000E+00 0.000E+00
 1.05334054E+01   4824.4 3.326E+01 1.939E+10 9.424E-04 5.662E-03 2.000E+05 0.000E+00 0.000E+00
 1.23760199E+01   4866.2 3.907E+01 2.388E+10 1.094E-03 5.971E-03 2.000E+05 0.000E+00 0.000E+00
 1.44905748E+01   4908.5 4.575E+01 2.936E+10 1.272E-03 6.326E-03 2.000E+05 0.000E+00 0.000E+00
 1.69126735E+01   4951.3 5.339E+01 3.604E+10 1.483E-03 6.744E-03 2.000E+05 0.000E+00 0.000E+00
 1.96819741E+01   4994.9 6.213E+01 4.420E+10 1.731E-03 7.241E-03 2.000E+05 0.000E+00 0.000E+00
 2.28396529E+01   5039.6 7.209E+01 5.422E+10 2.028E-03 7.869E-03 2.000E+05 0.000E+00 0.000E+00
 2.64244513E+01   5086.4 8.340E+01 6.668E+10 2.389E-03 8.661E-03 2.000E+05 0.000E+00 0.000E+00
 3.04716444E+01   5136.2 9.616E+01 8.238E+10 2.830E-03 9.651E-03 2.000E+05 0.000E+00 0.000E+00
 3.50066103E+01   5190.5 1.105E+02 1.026E+11 3.384E-03 1.093E-02 2.000E+05 0.000E+00 0.000E+00
 4.00361616E+01   5250.6 1.263E+02 1.292E+11 4.093E-03 1.260E-02 2.000E+05 0.000E+00 0.000E+00
 4.55412233E+01   5318.9 1.436E+02 1.652E+11 5.026E-03 1.482E-02 2.000E+05 2.142E-20 0.000E+00
 5.14623237E+01   5397.7 1.623E+02 2.155E+11 6.297E-03 1.790E-02 2.000E+05 1.278E-17 0.000E+00
 5.76774822E+01   5491.2 1.818E+02 2.893E+11 8.122E-03 2.244E-02 2.000E+05 9.298E-17 0.000E+00
 6.39954330E+01   5604.7 2.016E+02 4.033E+11 1.087E-02 2.949E-02 2.000E+05 3.542E-13 0.000E+00
 7.00572861E+01   5758.2 2.206E+02 6.076E+11 1.571E-02 4.136E-02 2.000E+05 1.523E-08 9.863E+00
 7.54195018E+01   5935.7 2.373E+02 9.413E+11 2.361E-02 5.750E-02 2.000E+05 3.408E-02 1.622E+01
 8.05917701E+01   6048.1 2.533E+02 1.245E+12 3.071E-02 7.053E-02 2.000E+05 5.023E-02 1.879E+01
 8.58463890E+01   6185.9 2.695E+02 1.714E+12 4.185E-02 9.642E-02 2.000E+05 4.963E-02 1.175E+02
 9.05482175E+01   6415.6 2.838E+02 2.771E+12 6.842E-02 1.619E-01 2.000E+05 4.756E-02 5.475E+02
 9.42171642E+01   6690.3 2.946E+02 4.669E+12 1.211E-01 2.927E-01 2.000E+05 4.514E-02 2.413E+03
 9.67960459E+01   7034.9 3.016E+02 8.378E+12 2.437E-01 6.003E-01 2.000E+05 4.230E-02 1.335E+04
 9.84381149E+01   7425.5 3.054E+02 1.496E+13 5.256E-01 1.320E+00 2.000E+05 3.899E-02 7.409E+04
 9.93872019E+01   7901.6 3.063E+02 2.721E+13 1.268E+00 3.358E+00 2.000E+05 3.450E-02 1.778E+05
 9.98615739E+01   8478.1 3.054E+02 4.781E+13 3.179E+00 6.554E+00 2.000E+05 1.824E-01 8.726E+05
 1.00221891E+02   8767.9 3.043E+02 5.932E+13 4.628E+00 6.232E+00 2.000E+05 4.377E-01 1.216E+06
 1.00564144E+02   9077.7 3.033E+02 7.087E+13 6.338E+00 5.861E+00 2.000E+05 5.867E-01 1.381E+06
 1.00927023E+02   9282.6 3.023E+02 7.744E+13 7.433E+00 5.966E+00 2.000E+05 6.713E-01 1.528E+06
 1.01336583E+02   9651.0 3.010E+02 8.620E+13 8.853E+00 6.809E+00 2.000E+05 6.663E-01 1.600E+06
 1.01820129E+02   9931.3 2.986E+02 8.970E+13 9.316E+00 1.000E+01 2.000E+05 5.715E-01 1.666E+06
 1.02519604E+02  10934.4 2.913E+02 8.904E+13 7.615E+00 1.723E+01 2.000E+05 5.288E-02 9.602E+05
 1.03881754E+02  12356.3 2.772E+02 7.710E+13 4.004E+00 9.712E+00 2.000E+05 1.084E-02 1.417E+05
 1.07193805E+02  13392.4 2.626E+02 6.791E+13 2.573E+00 6.010E+00 2.000E+05 9.620E-03 6.846E+04
 1.14014638E+02  14758.6 2.508E+02 6.017E+13 1.689E+00 4.055E+00 2.000E+05 7.810E-03 3.979E+04
 1.26650379E+02  15938.9 2.468E+02 5.565E+13 1.330E+00 3.066E+00 2.000E+05 2.389E-03 1.980E+04
 1.47258586E+02  17293.3 2.535E+02 5.297E+13 1.098E+00 2.603E+00 2.000E+05 1.835E-07 2.133E+04
PRADK 1.7284E+00
BEGIN                    ITERATION  15 COMPLETED
