EFF   6500.  GRAVITY 0.50000 LTE 
ITLE SDSC GRID  [-1.5]   VTURB 2.0 KM/S    L/H 1.25                            
OPACITY IFOP 1 1 1 1 1 1 1 1 1 1 1 1 1 0 1 0 0 0 0 0
CONVECTION ON   1.25 TURBULENCE OFF  0.00  0.00  0.00  0.00
BUNDANCE SCALE   0.03162 ABUNDANCE CHANGE 1 0.91100 2 0.08900
ABUNDANCE CHANGE  3 -10.88  4 -10.89  5  -9.44  6  -3.48  7  -3.99  8  -3.11
ABUNDANCE CHANGE  9  -7.48 10  -3.95 11  -5.71 12  -4.46 13  -5.57 14  -4.49
ABUNDANCE CHANGE 15  -6.59 16  -4.83 17  -6.54 18  -5.48 19  -6.82 20  -5.68
ABUNDANCE CHANGE 21  -8.94 22  -7.05 23  -8.04 24  -6.37 25  -6.65 26  -4.37
ABUNDANCE CHANGE 27  -7.12 28  -5.79 29  -7.83 30  -7.44 31  -9.16 32  -8.63
ABUNDANCE CHANGE 33  -9.67 34  -8.69 35  -9.41 36  -8.81 37  -9.44 38  -9.14
ABUNDANCE CHANGE 39  -9.80 40  -9.54 41 -10.62 42 -10.12 43 -20.00 44 -10.20
ABUNDANCE CHANGE 45 -10.92 46 -10.35 47 -11.10 48 -10.18 49 -10.58 50 -10.04
ABUNDANCE CHANGE 51 -11.04 52  -9.80 53 -10.53 54  -9.81 55 -10.92 56  -9.91
ABUNDANCE CHANGE 57 -10.82 58 -10.49 59 -11.33 60 -10.54 61 -20.00 62 -11.04
ABUNDANCE CHANGE 63 -11.53 64 -10.92 65 -11.94 66 -10.94 67 -11.78 68 -11.11
ABUNDANCE CHANGE 69 -12.04 70 -10.96 71 -11.28 72 -11.16 73 -11.91 74 -10.93
ABUNDANCE CHANGE 75 -11.77 76 -10.59 77 -10.69 78 -10.24 79 -11.03 80 -10.95
ABUNDANCE CHANGE 81 -11.14 82 -10.19 83 -11.33 84 -20.00 85 -20.00 86 -20.00
ABUNDANCE CHANGE 87 -20.00 88 -20.00 89 -20.00 90 -11.92 91 -20.00 92 -12.51
ABUNDANCE CHANGE 93 -20.00 94 -20.00 95 -20.00 96 -20.00 97 -20.00 98 -20.00
ABUNDANCE CHANGE 99 -20.00
EAD DECK6 72 RHOX,T,P,XNE,ABROSS,ACCRAD,VTURB
1.50989530E-04   4011.6 4.758E-04 2.000E+06 8.832E-04 1.132E-02 2.000E+05 0.000E+00 0.000E+00
2.02152476E-04   4032.2 6.370E-04 2.561E+06 8.554E-04 1.104E-02 2.000E+05 0.000E+00 0.000E+00
2.72796747E-04   4052.3 8.596E-04 3.284E+06 8.237E-04 1.067E-02 2.000E+05 0.000E+00 0.000E+00
3.70063007E-04   4075.8 1.166E-03 4.284E+06 8.026E-04 1.029E-02 2.000E+05 0.000E+00 0.000E+00
5.02778030E-04   4101.3 1.585E-03 5.642E+06 7.881E-04 9.884E-03 2.000E+05 0.000E+00 0.000E+00
6.82621352E-04   4127.7 2.151E-03 7.450E+06 7.766E-04 9.455E-03 2.000E+05 0.000E+00 0.000E+00
9.26000384E-04   4154.3 2.919E-03 9.823E+06 7.650E-04 9.023E-03 2.000E+05 0.000E+00 0.000E+00
1.25608670E-03   4180.4 3.960E-03 1.290E+07 7.508E-04 8.612E-03 2.000E+05 0.000E+00 0.000E+00
1.70563617E-03   4205.6 5.377E-03 1.686E+07 7.334E-04 8.241E-03 2.000E+05 0.000E+00 0.000E+00
2.32060761E-03   4230.5 7.317E-03 2.199E+07 7.139E-04 7.915E-03 2.000E+05 0.000E+00 0.000E+00
3.16348383E-03   4255.6 9.976E-03 2.872E+07 6.947E-04 7.628E-03 2.000E+05 0.000E+00 0.000E+00
4.31651278E-03   4281.8 1.361E-02 3.765E+07 6.783E-04 7.377E-03 2.000E+05 0.000E+00 0.000E+00
5.88969256E-03   4308.7 1.858E-02 4.940E+07 6.634E-04 7.129E-03 2.000E+05 0.000E+00 0.000E+00
8.03426119E-03   4335.6 2.534E-02 6.477E+07 6.488E-04 6.886E-03 2.000E+05 0.000E+00 0.000E+00
1.09643058E-02   4361.8 3.459E-02 8.453E+07 6.320E-04 6.646E-03 2.000E+05 0.000E+00 0.000E+00
1.49832923E-02   4387.2 4.727E-02 1.099E+08 6.134E-04 6.432E-03 2.000E+05 0.000E+00 0.000E+00
2.05181103E-02   4411.7 6.474E-02 1.424E+08 5.928E-04 6.246E-03 2.000E+05 0.000E+00 0.000E+00
2.81638880E-02   4436.0 8.886E-02 1.842E+08 5.719E-04 6.094E-03 2.000E+05 0.000E+00 0.000E+00
3.87228888E-02   4460.8 1.222E-01 2.388E+08 5.530E-04 5.979E-03 2.000E+05 0.000E+00 0.000E+00
5.32396293E-02   4487.2 1.680E-01 3.113E+08 5.383E-04 5.896E-03 2.000E+05 0.000E+00 0.000E+00
7.30241230E-02   4516.0 2.304E-01 4.085E+08 5.294E-04 5.835E-03 2.000E+05 0.000E+00 0.000E+00
9.96783234E-02   4547.4 3.146E-01 5.393E+08 5.271E-04 5.790E-03 2.000E+05 0.000E+00 0.000E+00
1.35146177E-01   4581.1 4.265E-01 7.149E+08 5.313E-04 5.762E-03 2.000E+05 0.000E+00 0.000E+00
1.81790602E-01   4616.7 5.737E-01 9.487E+08 5.416E-04 5.747E-03 2.000E+05 0.000E+00 0.000E+00
2.42493556E-01   4653.7 7.653E-01 1.258E+09 5.576E-04 5.749E-03 2.000E+05 0.000E+00 0.000E+00
3.20748210E-01   4691.7 1.012E+00 1.663E+09 5.793E-04 5.770E-03 2.000E+05 0.000E+00 0.000E+00
4.20740136E-01   4730.6 1.328E+00 2.191E+09 6.071E-04 5.819E-03 2.000E+05 0.000E+00 0.000E+00
5.47324498E-01   4770.5 1.727E+00 2.879E+09 6.426E-04 5.894E-03 2.000E+05 0.000E+00 0.000E+00
7.05956531E-01   4811.7 2.228E+00 3.773E+09 6.873E-04 5.999E-03 2.000E+05 0.000E+00 0.000E+00
9.02661783E-01   4854.0 2.849E+00 4.932E+09 7.429E-04 6.136E-03 2.000E+05 0.000E+00 0.000E+00
1.14405024E+00   4897.5 3.611E+00 6.428E+09 8.113E-04 6.309E-03 2.000E+05 0.000E+00 0.000E+00
1.43734237E+00   4941.9 4.536E+00 8.345E+09 8.944E-04 6.516E-03 2.000E+05 0.000E+00 0.000E+00
1.79079484E+00   4986.5 5.651E+00 1.076E+10 9.925E-04 6.748E-03 2.000E+05 0.000E+00 0.000E+00
2.21479347E+00   5029.9 6.989E+00 1.375E+10 1.104E-03 7.008E-03 2.000E+05 0.000E+00 0.000E+00
2.72298463E+00   5071.3 8.593E+00 1.736E+10 1.228E-03 7.303E-03 2.000E+05 0.000E+00 0.000E+00
3.33247532E+00   5110.5 1.052E+01 2.168E+10 1.365E-03 7.642E-03 2.000E+05 0.000E+00 0.000E+00
4.06379439E+00   5147.7 1.282E+01 2.681E+10 1.517E-03 8.036E-03 2.000E+05 0.000E+00 0.000E+00
4.94104079E+00   5183.4 1.559E+01 3.290E+10 1.688E-03 8.490E-03 2.000E+05 0.000E+00 0.000E+00
5.99214879E+00   5217.7 1.890E+01 4.012E+10 1.879E-03 9.019E-03 2.000E+05 0.000E+00 0.000E+00
7.24972383E+00   5251.1 2.287E+01 4.864E+10 2.097E-03 9.637E-03 2.000E+05 0.000E+00 0.000E+00
8.75012998E+00   5284.2 2.760E+01 5.881E+10 2.348E-03 1.038E-02 2.000E+05 0.000E+00 0.000E+00
1.05324717E+01   5317.8 3.321E+01 7.101E+10 2.643E-03 1.127E-02 2.000E+05 0.000E+00 0.000E+00
1.26365417E+01   5353.2 3.984E+01 8.592E+10 2.997E-03 1.237E-02 2.000E+05 0.000E+00 0.000E+00
1.50991706E+01   5391.5 4.760E+01 1.044E+11 3.431E-03 1.375E-02 2.000E+05 0.000E+00 0.000E+00
1.79507218E+01   5434.0 5.657E+01 1.279E+11 3.975E-03 1.551E-02 2.000E+05 0.000E+00 0.000E+00
2.12080173E+01   5482.5 6.682E+01 1.584E+11 4.677E-03 1.781E-02 2.000E+05 0.000E+00 0.000E+00
2.48671998E+01   5539.0 7.832E+01 1.990E+11 5.603E-03 2.087E-02 2.000E+05 0.000E+00 0.000E+00
2.88968493E+01   5605.6 9.097E+01 2.547E+11 6.860E-03 2.507E-02 2.000E+05 0.000E+00 0.000E+00
3.32297962E+01   5685.0 1.046E+02 3.333E+11 8.621E-03 3.099E-02 2.000E+05 0.000E+00 0.000E+00
3.77580205E+01   5780.1 1.187E+02 4.479E+11 1.118E-02 3.966E-02 2.000E+05 0.000E+00 0.000E+00
4.23306326E+01   5894.6 1.330E+02 6.203E+11 1.505E-02 5.292E-02 2.000E+05 2.005E-18 0.000E+00
4.67642436E+01   6032.7 1.467E+02 8.888E+11 2.117E-02 7.412E-02 2.000E+05 4.014E-16 6.858E+00
5.08599738E+01   6199.4 1.593E+02 1.322E+12 3.140E-02 1.102E-01 2.000E+05 4.257E-14 3.562E+01
5.44209973E+01   6402.0 1.701E+02 2.052E+12 4.988E-02 1.765E-01 2.000E+05 6.041E-11 1.318E+02
5.72804916E+01   6651.4 1.784E+02 3.345E+12 8.659E-02 3.111E-01 2.000E+05 9.732E-07 5.584E+02
5.93580198E+01   6954.8 1.841E+02 5.682E+12 1.663E-01 6.002E-01 2.000E+05 7.968E-03 2.752E+03
6.07658581E+01   7287.4 1.874E+02 9.502E+12 3.329E-01 1.190E+00 2.000E+05 1.935E-02 1.485E+04
6.16741458E+01   7669.2 1.886E+02 1.580E+13 7.064E-01 2.525E+00 2.000E+05 1.784E-02 8.277E+04
6.22317724E+01   8112.0 1.883E+02 2.564E+13 1.547E+00 5.599E+00 2.000E+05 1.543E-02 2.664E+05
6.25754125E+01   8624.9 1.865E+02 3.880E+13 3.189E+00 1.100E+01 2.000E+05 3.115E-02 6.614E+05
6.28337024E+01   9118.9 1.840E+02 4.961E+13 4.970E+00 1.434E+01 2.000E+05 1.395E-01 1.194E+06
6.30899616E+01   9525.1 1.808E+02 5.460E+13 5.820E+00 1.703E+01 2.000E+05 1.233E-01 1.260E+06
6.34184142E+01  10194.0 1.759E+02 5.601E+13 5.493E+00 1.853E+01 2.000E+05 8.203E-03 6.160E+05
6.39389017E+01  10904.4 1.691E+02 5.247E+13 4.118E+00 1.378E+01 2.000E+05 6.336E-03 1.924E+05
6.49214912E+01  11674.7 1.611E+02 4.731E+13 2.812E+00 9.408E+00 2.000E+05 5.490E-03 5.993E+04
6.68710530E+01  12513.1 1.524E+02 4.199E+13 1.874E+00 6.273E+00 2.000E+05 4.675E-03 2.695E+04
7.06720934E+01  13421.9 1.446E+02 3.748E+13 1.325E+00 4.432E+00 2.000E+05 2.563E-07 1.869E+04
7.75117850E+01  14407.5 1.398E+02 3.438E+13 1.028E+00 3.415E+00 2.000E+05 3.452E-08 1.427E+04
8.89189198E+01  15465.7 1.410E+02 3.277E+13 8.446E-01 2.776E+00 2.000E+05 9.604E-09 9.215E+03
1.06958866E+02  16607.4 1.522E+02 3.309E+13 7.303E-01 2.367E+00 2.000E+05 2.341E-09 6.437E+03
1.33886457E+02  17837.9 1.771E+02 3.591E+13 6.712E-01 2.136E+00 2.000E+05 1.884E-09 4.683E+03
1.72014894E+02  19158.2 2.188E+02 4.131E+13 6.407E-01 2.004E+00 2.000E+05 6.068E-09 8.239E+03
RADK 2.3923E+00
EGIN                    ITERATION  15 COMPLETED
