TEFF   8500.  GRAVITY 3.00000 LTE
TITLE SDSC GRID  [-4.0]   VTURB 2.0 KM/S    L/H 1.25
 OPACITY IFOP 1 1 1 1 1 1 1 1 1 1 1 1 1 0 1 0 0 0 0 0
 CONVECTION ON   1.25 TURBULENCE OFF  0.00  0.00  0.00  0.00
ABUNDANCE SCALE   0.00010 ABUNDANCE CHANGE 1 0.91100 2 0.08900
 ABUNDANCE CHANGE  3 -10.88  4 -10.89  5  -9.44  6  -3.48  7  -3.99  8  -3.11
 ABUNDANCE CHANGE  9  -7.48 10  -3.95 11  -5.71 12  -4.46 13  -5.57 14  -4.49
 ABUNDANCE CHANGE 15  -6.59 16  -4.83 17  -6.54 18  -5.48 19  -6.82 20  -5.68
 ABUNDANCE CHANGE 21  -8.94 22  -7.05 23  -8.04 24  -6.37 25  -6.65 26  -4.37
 ABUNDANCE CHANGE 27  -7.12 28  -5.79 29  -7.83 30  -7.44 31  -9.16 32  -8.63
 ABUNDANCE CHANGE 33  -9.67 34  -8.69 35  -9.41 36  -8.81 37  -9.44 38  -9.14
 ABUNDANCE CHANGE 39  -9.80 40  -9.54 41 -10.62 42 -10.12 43 -20.00 44 -10.20
 ABUNDANCE CHANGE 45 -10.92 46 -10.35 47 -11.10 48 -10.18 49 -10.58 50 -10.04
 ABUNDANCE CHANGE 51 -11.04 52  -9.80 53 -10.53 54  -9.81 55 -10.92 56  -9.91
 ABUNDANCE CHANGE 57 -10.82 58 -10.49 59 -11.33 60 -10.54 61 -20.00 62 -11.04
 ABUNDANCE CHANGE 63 -11.53 64 -10.92 65 -11.94 66 -10.94 67 -11.78 68 -11.11
 ABUNDANCE CHANGE 69 -12.04 70 -10.96 71 -11.28 72 -11.16 73 -11.91 74 -10.93
 ABUNDANCE CHANGE 75 -11.77 76 -10.59 77 -10.69 78 -10.24 79 -11.03 80 -10.95
 ABUNDANCE CHANGE 81 -11.14 82 -10.19 83 -11.33 84 -20.00 85 -20.00 86 -20.00
 ABUNDANCE CHANGE 87 -20.00 88 -20.00 89 -20.00 90 -11.92 91 -20.00 92 -12.51
 ABUNDANCE CHANGE 93 -20.00 94 -20.00 95 -20.00 96 -20.00 97 -20.00 98 -20.00
 ABUNDANCE CHANGE 99 -20.00
READ DECK6 72 RHOX,T,P,XNE,ABROSS,ACCRAD,VTURB
 4.98197726E-07   5962.5 4.968E-04 2.765E+08 2.677E-01 2.758E+00 2.000E+05 0.000E+00 0.000E+00
 6.65906401E-07   5969.8 6.641E-04 3.653E+08 2.627E-01 2.710E+00 2.000E+05 0.000E+00 0.000E+00
 8.94362256E-07   5976.2 8.919E-04 4.833E+08 2.565E-01 2.649E+00 2.000E+05 0.000E+00 0.000E+00
 1.20701158E-06   5986.0 1.204E-03 6.406E+08 2.494E-01 2.580E+00 2.000E+05 0.000E+00 0.000E+00
 1.63686078E-06   5998.8 1.633E-03 8.505E+08 2.416E-01 2.503E+00 2.000E+05 0.000E+00 0.000E+00
 2.22988532E-06   6015.0 2.224E-03 1.130E+09 2.331E-01 2.418E+00 2.000E+05 0.000E+00 0.000E+00
 3.05096353E-06   6034.0 3.043E-03 1.504E+09 2.241E-01 2.328E+00 2.000E+05 0.000E+00 0.000E+00
 4.19228557E-06   6054.7 4.182E-03 2.002E+09 2.145E-01 2.231E+00 2.000E+05 0.000E+00 0.000E+00
 5.78681212E-06   6075.8 5.773E-03 2.665E+09 2.042E-01 2.127E+00 2.000E+05 0.000E+00 0.000E+00
 8.02841623E-06   6096.5 8.010E-03 3.545E+09 1.930E-01 2.015E+00 2.000E+05 0.000E+00 0.000E+00
 1.12080705E-05   6113.8 1.118E-02 4.701E+09 1.803E-01 1.893E+00 2.000E+05 0.000E+00 0.000E+00
 1.58058238E-05   6120.4 1.577E-02 6.185E+09 1.642E-01 1.748E+00 2.000E+05 0.000E+00 0.000E+00
 2.26142801E-05   6123.0 2.257E-02 8.113E+09 1.465E-01 1.594E+00 2.000E+05 0.000E+00 0.000E+00
 3.28849156E-05   6124.0 3.283E-02 1.063E+10 1.286E-01 1.440E+00 2.000E+05 0.000E+00 0.000E+00
 4.84940627E-05   6131.8 4.841E-02 1.402E+10 1.129E-01 1.305E+00 2.000E+05 0.000E+00 0.000E+00
 7.23418631E-05   6137.5 7.223E-02 1.840E+10 9.794E-02 1.179E+00 2.000E+05 0.000E+00 0.000E+00
 1.09134915E-04   6144.2 1.090E-01 2.412E+10 8.452E-02 1.070E+00 2.000E+05 0.000E+00 0.000E+00
 1.65786553E-04   6155.6 1.656E-01 3.175E+10 7.349E-02 9.821E-01 2.000E+05 0.000E+00 0.000E+00
 2.52386302E-04   6170.0 2.521E-01 4.177E+10 6.438E-02 9.146E-01 2.000E+05 0.000E+00 0.000E+00
 3.82774364E-04   6192.0 3.824E-01 5.526E+10 5.768E-02 8.700E-01 2.000E+05 0.000E+00 0.000E+00
 5.73789010E-04   6223.0 5.732E-01 7.354E+10 5.332E-02 8.484E-01 2.000E+05 0.000E+00 0.000E+00
 8.44466853E-04   6263.2 8.437E-01 9.820E+10 5.107E-02 8.500E-01 2.000E+05 0.000E+00 0.000E+00
 1.21244564E-03   6315.9 1.211E+00 1.320E+11 5.122E-02 8.755E-01 2.000E+05 0.000E+00 0.000E+00
 1.69009922E-03   6379.3 1.689E+00 1.774E+11 5.365E-02 9.218E-01 2.000E+05 0.000E+00 0.000E+00
 2.29017168E-03   6445.5 2.288E+00 2.354E+11 5.751E-02 9.774E-01 2.000E+05 0.000E+00 0.000E+00
 3.03447895E-03   6507.7 3.032E+00 3.057E+11 6.189E-02 1.031E+00 2.000E+05 0.000E+00 0.000E+00
 3.96406100E-03   6557.3 3.960E+00 3.849E+11 6.535E-02 1.068E+00 2.000E+05 0.000E+00 0.000E+00
 5.15931473E-03   6588.4 5.154E+00 4.686E+11 6.663E-02 1.084E+00 2.000E+05 0.000E+00 0.000E+00
 6.74964210E-03   6603.9 6.743E+00 5.567E+11 6.593E-02 1.087E+00 2.000E+05 0.000E+00 0.000E+00
 8.90476205E-03   6612.3 8.896E+00 6.558E+11 6.459E-02 1.089E+00 2.000E+05 0.000E+00 0.000E+00
 1.18291235E-02   6620.9 1.182E+01 7.749E+11 6.383E-02 1.097E+00 2.000E+05 0.000E+00 0.000E+00
 1.57466620E-02   6631.5 1.573E+01 9.186E+11 6.399E-02 1.114E+00 2.000E+05 0.000E+00 0.000E+00
 2.09160140E-02   6644.2 2.089E+01 1.091E+12 6.515E-02 1.141E+00 2.000E+05 0.000E+00 0.000E+00
 2.76347470E-02   6659.0 2.760E+01 1.295E+12 6.734E-02 1.177E+00 2.000E+05 0.000E+00 0.000E+00
 3.62271083E-02   6677.2 3.619E+01 1.539E+12 7.079E-02 1.226E+00 2.000E+05 0.000E+00 0.000E+00
 4.70336880E-02   6698.6 4.698E+01 1.830E+12 7.559E-02 1.287E+00 2.000E+05 0.000E+00 0.000E+00
 6.04586863E-02   6721.6 6.039E+01 2.169E+12 8.154E-02 1.360E+00 2.000E+05 0.000E+00 0.000E+00
 7.69621948E-02   6747.2 7.687E+01 2.567E+12 8.890E-02 1.447E+00 2.000E+05 0.000E+00 0.000E+00
 9.70751836E-02   6774.0 9.695E+01 3.029E+12 9.759E-02 1.548E+00 2.000E+05 0.000E+00 0.000E+00
 1.21347379E-01   6805.5 1.212E+02 3.583E+12 1.085E-01 1.677E+00 2.000E+05 0.000E+00 0.000E+00
 1.50338644E-01   6839.9 1.501E+02 4.239E+12 1.216E-01 1.831E+00 2.000E+05 0.000E+00 0.000E+00
 1.84665318E-01   6878.8 1.844E+02 5.026E+12 1.377E-01 2.021E+00 2.000E+05 0.000E+00 0.000E+00
 2.24868284E-01   6923.3 2.245E+02 5.983E+12 1.577E-01 2.259E+00 2.000E+05 0.000E+00 0.000E+00
 2.71349779E-01   6975.3 2.709E+02 7.168E+12 1.831E-01 2.565E+00 2.000E+05 0.000E+00 0.000E+00
 3.24287792E-01   7036.3 3.237E+02 8.657E+12 2.162E-01 2.964E+00 2.000E+05 0.000E+00 0.000E+00
 3.83361955E-01   7111.3 3.825E+02 1.061E+13 2.616E-01 3.517E+00 2.000E+05 0.000E+00 0.000E+00
 4.47721777E-01   7200.6 4.467E+02 1.316E+13 3.239E-01 4.272E+00 2.000E+05 5.561E-20 0.000E+00
 5.16131450E-01   7306.6 5.147E+02 1.657E+13 4.119E-01 5.339E+00 2.000E+05 1.916E-15 4.560E+00
 5.86736868E-01   7433.0 5.849E+02 2.120E+13 5.410E-01 6.895E+00 2.000E+05 9.933E-14 9.610E+01
 6.57145072E-01   7583.5 6.548E+02 2.761E+13 7.371E-01 9.238E+00 2.000E+05 1.076E-12 2.025E+02
 7.24641162E-01   7763.8 7.215E+02 3.668E+13 1.047E+00 1.285E+01 2.000E+05 7.080E-12 3.630E+02
 7.86755242E-01   7974.6 7.827E+02 4.941E+13 1.547E+00 1.857E+01 2.000E+05 6.019E-11 7.129E+02
 8.41681287E-01   8221.4 8.364E+02 6.738E+13 2.378E+00 2.780E+01 2.000E+05 9.626E-10 1.720E+03
 8.88605397E-01   8506.9 8.817E+02 9.227E+13 3.759E+00 4.258E+01 2.000E+05 2.505E-08 4.913E+03
 9.27934701E-01   8832.5 9.189E+02 1.254E+14 5.994E+00 6.559E+01 2.000E+05 6.494E-07 1.478E+04
 9.61064664E-01   9201.8 9.493E+02 1.665E+14 9.343E+00 9.870E+01 2.000E+05 1.588E-05 4.009E+04
 9.90201709E-01   9614.2 9.750E+02 2.120E+14 1.355E+01 1.386E+02 2.000E+05 8.558E-05 7.964E+04
 1.01881841E+00  10080.9 9.991E+02 2.549E+14 1.747E+01 1.749E+02 2.000E+05 1.125E-04 9.457E+04
 1.05107370E+00  10607.4 1.026E+03 2.864E+14 1.888E+01 1.867E+02 2.000E+05 2.769E-05 5.573E+04
 1.09457661E+00  11205.5 1.061E+03 3.043E+14 1.733E+01 1.722E+02 2.000E+05 1.221E-06 1.684E+04
 1.16203436E+00  11883.2 1.118E+03 3.145E+14 1.394E+01 1.393E+02 2.000E+05 1.994E-08 3.652E+03
 1.27784746E+00  12645.4 1.220E+03 3.281E+14 1.068E+01 1.074E+02 2.000E+05 1.267E-10 8.160E+02
 1.47872749E+00  13491.3 1.402E+03 3.563E+14 8.294E+00 8.335E+01 2.000E+05 9.682E-13 2.334E+02
 1.81359723E+00  14413.0 1.712E+03 4.099E+14 6.846E+00 6.835E+01 2.000E+05 1.904E-13 1.398E+02
 2.33358004E+00  15410.0 2.198E+03 4.970E+14 6.095E+00 6.045E+01 2.000E+05 8.295E-13 2.180E+02
 3.08810184E+00  16490.5 2.909E+03 6.225E+14 5.742E+00 5.668E+01 2.000E+05 1.657E-12 2.745E+02
 4.14160880E+00  17658.7 3.904E+03 7.890E+14 5.537E+00 5.445E+01 2.000E+05 3.500E-13 9.721E+01
 5.59391366E+00  18924.2 5.279E+03 1.002E+15 5.370E+00 5.273E+01 2.000E+05 9.618E-16 0.000E+00
 7.58211000E+00  20294.6 7.163E+03 1.272E+15 5.255E+00 5.151E+01 2.000E+05 0.000E+00 0.000E+00
 1.02705404E+01  21773.8 9.714E+03 1.610E+15 5.222E+00 5.108E+01 2.000E+05 0.000E+00 0.000E+00
 1.38479039E+01  23371.4 1.311E+04 2.026E+15 5.274E+00 5.131E+01 2.000E+05 0.000E+00 0.000E+00
 1.85301757E+01  25089.1 1.755E+04 2.527E+15 5.409E+00 5.057E+01 2.000E+05 0.000E+00 0.000E+00
PRADK 7.0021E+00
BEGIN                    ITERATION  15 COMPLETED
