TEFF   6000.  GRAVITY 4.50000 LTE 
TITLE SDSC GRID  [+0.1]   VTURB 2.0 KM/S    L/H 1.25                            
 OPACITY IFOP 1 1 1 1 1 1 1 1 1 1 1 1 1 0 1 0 0 0 0 0
 CONVECTION ON   1.25 TURBULENCE OFF  0.00  0.00  0.00  0.00
ABUNDANCE SCALE   1.25890 ABUNDANCE CHANGE 1 0.91100 2 0.08900
 ABUNDANCE CHANGE  3 -10.88  4 -10.89  5  -9.44  6  -3.48  7  -3.99  8  -3.11
 ABUNDANCE CHANGE  9  -7.48 10  -3.95 11  -5.71 12  -4.46 13  -5.57 14  -4.49
 ABUNDANCE CHANGE 15  -6.59 16  -4.83 17  -6.54 18  -5.48 19  -6.82 20  -5.68
 ABUNDANCE CHANGE 21  -8.94 22  -7.05 23  -8.04 24  -6.37 25  -6.65 26  -4.37
 ABUNDANCE CHANGE 27  -7.12 28  -5.79 29  -7.83 30  -7.44 31  -9.16 32  -8.63
 ABUNDANCE CHANGE 33  -9.67 34  -8.69 35  -9.41 36  -8.81 37  -9.44 38  -9.14
 ABUNDANCE CHANGE 39  -9.80 40  -9.54 41 -10.62 42 -10.12 43 -20.00 44 -10.20
 ABUNDANCE CHANGE 45 -10.92 46 -10.35 47 -11.10 48 -10.18 49 -10.58 50 -10.04
 ABUNDANCE CHANGE 51 -11.04 52  -9.80 53 -10.53 54  -9.81 55 -10.92 56  -9.91
 ABUNDANCE CHANGE 57 -10.82 58 -10.49 59 -11.33 60 -10.54 61 -20.00 62 -11.04
 ABUNDANCE CHANGE 63 -11.53 64 -10.92 65 -11.94 66 -10.94 67 -11.78 68 -11.11
 ABUNDANCE CHANGE 69 -12.04 70 -10.96 71 -11.28 72 -11.16 73 -11.91 74 -10.93
 ABUNDANCE CHANGE 75 -11.77 76 -10.59 77 -10.69 78 -10.24 79 -11.03 80 -10.95
 ABUNDANCE CHANGE 81 -11.14 82 -10.19 83 -11.33 84 -20.00 85 -20.00 86 -20.00
 ABUNDANCE CHANGE 87 -20.00 88 -20.00 89 -20.00 90 -11.92 91 -20.00 92 -12.51
 ABUNDANCE CHANGE 93 -20.00 94 -20.00 95 -20.00 96 -20.00 97 -20.00 98 -20.00
 ABUNDANCE CHANGE 99 -20.00
READ DECK6 72 RHOX,T,P,XNE,ABROSS,ACCRAD,VTURB
 4.14239091E-04   3847.2 1.310E+01 3.381E+09 3.219E-04 1.077E-01 2.000E+05 0.000E+00 0.000E+00
 5.42081100E-04   3868.7 1.714E+01 4.366E+09 3.739E-04 1.157E-01 2.000E+05 0.000E+00 0.000E+00
 6.89419801E-04   3889.9 2.180E+01 5.487E+09 4.312E-04 1.209E-01 2.000E+05 0.000E+00 0.000E+00
 8.60167831E-04   3913.1 2.720E+01 6.776E+09 4.952E-04 1.234E-01 2.000E+05 0.000E+00 0.000E+00
 1.05869532E-03   3937.4 3.348E+01 8.262E+09 5.668E-04 1.241E-01 2.000E+05 0.000E+00 0.000E+00
 1.29037758E-03   3962.4 4.081E+01 9.983E+09 6.468E-04 1.237E-01 2.000E+05 0.000E+00 0.000E+00
 1.56121694E-03   3987.3 4.937E+01 1.198E+10 7.376E-04 1.230E-01 2.000E+05 0.000E+00 0.000E+00
 1.87839302E-03   4012.4 5.940E+01 1.430E+10 8.390E-04 1.218E-01 2.000E+05 0.000E+00 0.000E+00
 2.25014363E-03   4037.2 7.116E+01 1.700E+10 9.549E-04 1.205E-01 2.000E+05 0.000E+00 0.000E+00
 2.68551307E-03   4061.6 8.492E+01 2.013E+10 1.088E-03 1.191E-01 2.000E+05 0.000E+00 0.000E+00
 3.19502712E-03   4085.6 1.010E+02 2.377E+10 1.240E-03 1.180E-01 2.000E+05 0.000E+00 0.000E+00
 3.79169370E-03   4109.3 1.199E+02 2.799E+10 1.411E-03 1.170E-01 2.000E+05 0.000E+00 0.000E+00
 4.49041861E-03   4132.5 1.420E+02 3.290E+10 1.608E-03 1.167E-01 2.000E+05 0.000E+00 0.000E+00
 5.30761872E-03   4155.4 1.678E+02 3.858E+10 1.834E-03 1.172E-01 2.000E+05 0.000E+00 0.000E+00
 6.26294913E-03   4178.4 1.981E+02 4.517E+10 2.091E-03 1.182E-01 2.000E+05 0.000E+00 0.000E+00
 7.38048431E-03   4201.6 2.334E+02 5.283E+10 2.383E-03 1.194E-01 2.000E+05 0.000E+00 0.000E+00
 8.68782479E-03   4225.3 2.747E+02 6.171E+10 2.718E-03 1.207E-01 2.000E+05 0.000E+00 0.000E+00
 1.02164293E-02   4249.4 3.231E+02 7.203E+10 3.100E-03 1.221E-01 2.000E+05 0.000E+00 0.000E+00
 1.20048129E-02   4274.4 3.796E+02 8.403E+10 3.531E-03 1.232E-01 2.000E+05 0.000E+00 0.000E+00
 1.40970551E-02   4299.9 4.458E+02 9.798E+10 4.027E-03 1.245E-01 2.000E+05 0.000E+00 0.000E+00
 1.65424232E-02   4326.0 5.231E+02 1.142E+11 4.597E-03 1.261E-01 2.000E+05 0.000E+00 0.000E+00
 1.93981867E-02   4352.9 6.134E+02 1.330E+11 5.251E-03 1.280E-01 2.000E+05 0.000E+00 0.000E+00
 2.27329417E-02   4380.4 7.189E+02 1.548E+11 5.994E-03 1.300E-01 2.000E+05 0.000E+00 0.000E+00
 2.66295261E-02   4408.8 8.421E+02 1.803E+11 6.839E-03 1.318E-01 2.000E+05 0.000E+00 0.000E+00
 3.11828488E-02   4437.8 9.861E+02 2.098E+11 7.806E-03 1.336E-01 2.000E+05 0.000E+00 0.000E+00
 3.65054069E-02   4467.6 1.154E+03 2.441E+11 8.902E-03 1.351E-01 2.000E+05 0.000E+00 0.000E+00
 4.27274881E-02   4497.6 1.351E+03 2.840E+11 1.016E-02 1.370E-01 2.000E+05 0.000E+00 0.000E+00
 4.99959956E-02   4527.8 1.581E+03 3.304E+11 1.160E-02 1.396E-01 2.000E+05 0.000E+00 0.000E+00
 5.84816868E-02   4558.1 1.849E+03 3.842E+11 1.325E-02 1.429E-01 2.000E+05 0.000E+00 0.000E+00
 6.83869545E-02   4588.7 2.163E+03 4.466E+11 1.514E-02 1.469E-01 2.000E+05 0.000E+00 0.000E+00
 7.99531843E-02   4619.5 2.528E+03 5.191E+11 1.729E-02 1.514E-01 2.000E+05 0.000E+00 0.000E+00
 9.34604617E-02   4650.6 2.955E+03 6.033E+11 1.974E-02 1.564E-01 2.000E+05 0.000E+00 0.000E+00
 1.09236083E-01   4682.0 3.454E+03 7.011E+11 2.253E-02 1.621E-01 2.000E+05 0.000E+00 0.000E+00
 1.27661717E-01   4713.8 4.037E+03 8.147E+11 2.573E-02 1.687E-01 2.000E+05 0.000E+00 0.000E+00
 1.49175787E-01   4745.6 4.717E+03 9.465E+11 2.939E-02 1.766E-01 2.000E+05 0.000E+00 0.000E+00
 1.74285940E-01   4777.6 5.511E+03 1.100E+12 3.359E-02 1.860E-01 2.000E+05 0.000E+00 0.000E+00
 2.03590985E-01   4809.9 6.438E+03 1.277E+12 3.837E-02 1.968E-01 2.000E+05 0.000E+00 0.000E+00
 2.37798887E-01   4842.8 7.520E+03 1.484E+12 4.383E-02 2.089E-01 2.000E+05 0.000E+00 0.000E+00
 2.77735876E-01   4876.4 8.783E+03 1.724E+12 5.007E-02 2.227E-01 2.000E+05 0.000E+00 0.000E+00
 3.24365225E-01   4910.8 1.026E+04 2.004E+12 5.718E-02 2.385E-01 2.000E+05 0.000E+00 0.000E+00
 3.78799718E-01   4946.8 1.198E+04 2.330E+12 6.533E-02 2.570E-01 2.000E+05 0.000E+00 0.000E+00
 4.42321746E-01   4984.6 1.399E+04 2.712E+12 7.467E-02 2.783E-01 2.000E+05 0.000E+00 0.000E+00
 5.16421310E-01   5024.8 1.633E+04 3.159E+12 8.538E-02 3.033E-01 2.000E+05 0.000E+00 0.000E+00
 6.02826979E-01   5068.5 1.906E+04 3.686E+12 9.765E-02 3.321E-01 2.000E+05 0.000E+00 0.000E+00
 7.03557995E-01   5116.7 2.225E+04 4.311E+12 1.117E-01 3.646E-01 2.000E+05 0.000E+00 0.000E+00
 8.20953868E-01   5170.5 2.596E+04 5.058E+12 1.279E-01 4.014E-01 2.000E+05 0.000E+00 0.000E+00
 9.57672086E-01   5231.1 3.028E+04 5.961E+12 1.465E-01 4.435E-01 2.000E+05 0.000E+00 0.000E+00
 1.11656168E+00   5300.9 3.531E+04 7.073E+12 1.684E-01 4.934E-01 2.000E+05 0.000E+00 0.000E+00
 1.30044785E+00   5381.8 4.112E+04 8.472E+12 1.946E-01 5.543E-01 2.000E+05 0.000E+00 0.000E+00
 1.51136174E+00   5477.9 4.779E+04 1.030E+13 2.277E-01 6.346E-01 2.000E+05 0.000E+00 0.000E+00
 1.75023896E+00   5590.8 5.535E+04 1.280E+13 2.699E-01 7.354E-01 2.000E+05 6.349E-09 0.000E+00
 2.01628519E+00   5725.5 6.376E+04 1.646E+13 3.269E-01 8.678E-01 2.000E+05 6.631E-08 0.000E+00
 2.30469965E+00   5876.4 7.288E+04 2.191E+13 4.099E-01 1.088E+00 2.000E+05 1.901E-05 0.000E+00
 2.59912435E+00   6099.0 8.219E+04 3.285E+13 5.612E-01 1.472E+00 2.000E+05 1.458E-03 0.000E+00
 2.86929598E+00   6376.7 9.074E+04 5.447E+13 8.411E-01 2.045E+00 2.000E+05 3.312E-02 1.951E+03
 3.12133530E+00   6585.3 9.870E+04 8.046E+13 1.156E+00 2.521E+00 2.000E+05 1.086E-01 1.829E+03
 3.36668561E+00   6792.6 1.065E+05 1.172E+14 1.589E+00 3.132E+00 2.000E+05 1.865E-01 8.027E+03
 3.60336016E+00   7018.3 1.139E+05 1.732E+14 2.216E+00 3.991E+00 2.000E+05 2.589E-01 2.678E+04
 3.82506051E+00   7281.6 1.210E+05 2.651E+14 3.219E+00 5.311E+00 2.000E+05 3.240E-01 6.071E+04
 4.02722786E+00   7567.8 1.273E+05 4.077E+14 4.743E+00 7.201E+00 2.000E+05 3.803E-01 9.433E+04
 4.20644439E+00   7897.1 1.330E+05 6.432E+14 7.283E+00 1.024E+01 2.000E+05 4.266E-01 1.501E+05
 4.35916679E+00   8257.8 1.378E+05 1.015E+15 1.141E+01 1.329E+01 2.000E+05 5.103E-01 2.201E+05
 4.49484270E+00   8555.9 1.421E+05 1.441E+15 1.637E+01 1.313E+01 2.000E+05 6.790E-01 2.391E+05
 4.62652732E+00   8795.2 1.463E+05 1.883E+15 2.171E+01 1.194E+01 2.000E+05 7.752E-01 2.411E+05
 4.76138903E+00   9009.9 1.506E+05 2.367E+15 2.782E+01 1.096E+01 2.000E+05 8.385E-01 2.405E+05
 4.90404184E+00   9203.1 1.551E+05 2.889E+15 3.460E+01 1.022E+01 2.000E+05 8.803E-01 2.393E+05
 5.05769259E+00   9392.4 1.599E+05 3.486E+15 4.259E+01 9.526E+00 2.000E+05 9.088E-01 2.357E+05
 5.22620671E+00   9567.0 1.652E+05 4.128E+15 5.128E+01 8.887E+00 2.000E+05 9.294E-01 2.328E+05
 5.41271465E+00   9749.0 1.711E+05 4.893E+15 6.182E+01 8.381E+00 2.000E+05 9.447E-01 2.290E+05
 5.62115974E+00   9917.6 1.777E+05 5.711E+15 7.313E+01 7.812E+00 2.000E+05 9.565E-01 2.256E+05
 5.85509955E+00  10100.9 1.851E+05 6.713E+15 8.721E+01 7.398E+00 2.000E+05 9.654E-01 2.216E+05
 6.11941958E+00  10268.1 1.935E+05 7.770E+15 1.020E+02 7.275E+00 2.000E+05 9.710E-01 2.180E+05
PRADK 1.7242E+00
BEGIN                    ITERATION  15 COMPLETED
