EFF   7500.  GRAVITY 1.50000 LTE 
ITLE SDSC GRID  [-5.0]   VTURB 2.0 KM/S    L/H 1.25                            
OPACITY IFOP 1 1 1 1 1 1 1 1 1 1 1 1 1 0 1 0 0 0 0 0
CONVECTION OFF  1.00 TURBULENCE OFF  0.00  0.00  0.00  0.00
BUNDANCE SCALE   0.00001 ABUNDANCE CHANGE 1 0.91100 2 0.08900
ABUNDANCE CHANGE  3 -10.88  4 -10.89  5  -9.44  6  -3.48  7  -3.99  8  -3.11
ABUNDANCE CHANGE  9  -7.48 10  -3.95 11  -5.71 12  -4.46 13  -5.57 14  -4.49
ABUNDANCE CHANGE 15  -6.59 16  -4.83 17  -6.54 18  -5.48 19  -6.82 20  -5.68
ABUNDANCE CHANGE 21  -8.94 22  -7.05 23  -8.04 24  -6.37 25  -6.65 26  -4.37
ABUNDANCE CHANGE 27  -7.12 28  -5.79 29  -7.83 30  -7.44 31  -9.16 32  -8.63
ABUNDANCE CHANGE 33  -9.67 34  -8.69 35  -9.41 36  -8.81 37  -9.44 38  -9.14
ABUNDANCE CHANGE 39  -9.80 40  -9.54 41 -10.62 42 -10.12 43 -20.00 44 -10.20
ABUNDANCE CHANGE 45 -10.92 46 -10.35 47 -11.10 48 -10.18 49 -10.58 50 -10.04
ABUNDANCE CHANGE 51 -11.04 52  -9.80 53 -10.53 54  -9.81 55 -10.92 56  -9.91
ABUNDANCE CHANGE 57 -10.82 58 -10.49 59 -11.33 60 -10.54 61 -20.00 62 -11.04
ABUNDANCE CHANGE 63 -11.53 64 -10.92 65 -11.94 66 -10.94 67 -11.78 68 -11.11
ABUNDANCE CHANGE 69 -12.04 70 -10.96 71 -11.28 72 -11.16 73 -11.91 74 -10.93
ABUNDANCE CHANGE 75 -11.77 76 -10.59 77 -10.69 78 -10.24 79 -11.03 80 -10.95
ABUNDANCE CHANGE 81 -11.14 82 -10.19 83 -11.33 84 -20.00 85 -20.00 86 -20.00
ABUNDANCE CHANGE 87 -20.00 88 -20.00 89 -20.00 90 -11.92 91 -20.00 92 -12.51
ABUNDANCE CHANGE 93 -20.00 94 -20.00 95 -20.00 96 -20.00 97 -20.00 98 -20.00
ABUNDANCE CHANGE 99 -20.00
EAD DECK6 72 RHOX,T,P,XNE,ABROSS,ACCRAD,VTURB
5.31846238E-07   5220.8 1.602E-05 9.851E+06 2.507E-01 1.508E+00 2.000E+05 0.000E+00 0.000E+00
7.11773719E-07   5231.3 2.144E-05 1.295E+07 2.436E-01 1.465E+00 2.000E+05 0.000E+00 0.000E+00
9.59795109E-07   5239.2 2.893E-05 1.707E+07 2.346E-01 1.411E+00 2.000E+05 0.000E+00 0.000E+00
1.30398011E-06   5250.5 3.933E-05 2.260E+07 2.250E-01 1.354E+00 2.000E+05 0.000E+00 0.000E+00
1.78472188E-06   5262.8 5.390E-05 3.002E+07 2.142E-01 1.289E+00 2.000E+05 0.000E+00 0.000E+00
2.46038391E-06   5276.2 7.442E-05 3.996E+07 2.026E-01 1.220E+00 2.000E+05 0.000E+00 0.000E+00
3.41762139E-06   5289.8 1.036E-04 5.326E+07 1.898E-01 1.144E+00 2.000E+05 0.000E+00 0.000E+00
4.78780648E-06   5302.6 1.454E-04 7.103E+07 1.759E-01 1.060E+00 2.000E+05 0.000E+00 0.000E+00
6.77391327E-06   5314.3 2.062E-04 9.472E+07 1.607E-01 9.699E-01 2.000E+05 0.000E+00 0.000E+00
9.69318861E-06   5325.1 2.958E-04 1.263E+08 1.448E-01 8.750E-01 2.000E+05 0.000E+00 0.000E+00
1.40473266E-05   5335.1 4.299E-04 1.684E+08 1.286E-01 7.781E-01 2.000E+05 0.000E+00 0.000E+00
2.06407333E-05   5344.3 6.336E-04 2.244E+08 1.124E-01 6.817E-01 2.000E+05 0.000E+00 0.000E+00
3.07806103E-05   5352.6 9.479E-04 2.989E+08 9.677E-02 5.885E-01 2.000E+05 0.000E+00 0.000E+00
4.65818492E-05   5361.2 1.439E-03 3.984E+08 8.237E-02 5.028E-01 2.000E+05 0.000E+00 0.000E+00
7.15248665E-05   5368.6 2.216E-03 5.299E+08 6.911E-02 4.239E-01 2.000E+05 0.000E+00 0.000E+00
1.11385432E-04   5375.8 3.461E-03 7.046E+08 5.740E-02 3.542E-01 2.000E+05 0.000E+00 0.000E+00
1.75713787E-04   5382.6 5.475E-03 9.355E+08 4.722E-02 2.938E-01 2.000E+05 0.000E+00 0.000E+00
2.80287803E-04   5389.5 8.754E-03 1.242E+09 3.863E-02 2.428E-01 2.000E+05 0.000E+00 0.000E+00
4.51747332E-04   5394.2 1.414E-02 1.640E+09 3.125E-02 1.993E-01 2.000E+05 0.000E+00 0.000E+00
7.35189895E-04   5398.6 2.305E-02 2.164E+09 2.517E-02 1.636E-01 2.000E+05 0.000E+00 0.000E+00
1.20320638E-03   5405.7 3.778E-02 2.870E+09 2.040E-02 1.358E-01 2.000E+05 0.000E+00 0.000E+00
1.96833107E-03   5416.2 6.188E-02 3.828E+09 1.675E-02 1.147E-01 2.000E+05 0.000E+00 0.000E+00
3.19982226E-03   5431.1 1.007E-01 5.132E+09 1.401E-02 9.899E-02 2.000E+05 0.000E+00 0.000E+00
5.13773279E-03   5452.0 1.618E-01 6.932E+09 1.203E-02 8.794E-02 2.000E+05 0.000E+00 0.000E+00
8.09055181E-03   5481.4 2.549E-01 9.461E+09 1.073E-02 8.098E-02 2.000E+05 0.000E+00 0.000E+00
1.23936528E-02   5522.7 3.907E-01 1.310E+10 1.007E-02 7.790E-02 2.000E+05 0.000E+00 0.000E+00
1.83415555E-02   5576.6 5.783E-01 1.837E+10 9.974E-03 7.827E-02 2.000E+05 0.000E+00 0.000E+00
2.60959335E-02   5644.2 8.229E-01 2.603E+10 1.048E-02 8.213E-02 2.000E+05 0.000E+00 0.000E+00
3.57406107E-02   5717.5 1.127E+00 3.653E+10 1.139E-02 8.798E-02 2.000E+05 0.000E+00 0.000E+00
4.75452273E-02   5786.0 1.499E+00 4.970E+10 1.240E-02 9.370E-02 2.000E+05 0.000E+00 0.000E+00
6.22921868E-02   5834.4 1.964E+00 6.385E+10 1.292E-02 9.619E-02 2.000E+05 0.000E+00 0.000E+00
8.17541063E-02   5859.9 2.578E+00 7.781E+10 1.273E-02 9.502E-02 2.000E+05 0.000E+00 0.000E+00
1.08523096E-01   5872.5 3.422E+00 9.260E+10 1.219E-02 9.230E-02 2.000E+05 0.000E+00 0.000E+00
1.45833071E-01   5883.8 4.598E+00 1.105E+11 1.170E-02 9.016E-02 2.000E+05 0.000E+00 0.000E+00
1.97250500E-01   5897.2 6.220E+00 1.328E+11 1.141E-02 8.925E-02 2.000E+05 0.000E+00 0.000E+00
2.66909996E-01   5912.1 8.416E+00 1.603E+11 1.133E-02 8.950E-02 2.000E+05 0.000E+00 0.000E+00
3.59422327E-01   5929.8 1.133E+01 1.940E+11 1.150E-02 9.121E-02 2.000E+05 0.000E+00 0.000E+00
4.79825505E-01   5949.2 1.513E+01 2.346E+11 1.189E-02 9.425E-02 2.000E+05 0.000E+00 0.000E+00
6.33282831E-01   5972.0 1.997E+01 2.841E+11 1.257E-02 9.901E-02 2.000E+05 0.000E+00 0.000E+00
8.25369887E-01   5996.5 2.602E+01 3.430E+11 1.349E-02 1.052E-01 2.000E+05 0.000E+00 0.000E+00
1.06161432E+00   6025.2 3.347E+01 4.149E+11 1.476E-02 1.137E-01 2.000E+05 0.000E+00 0.000E+00
1.34716812E+00   6057.5 4.246E+01 5.020E+11 1.641E-02 1.246E-01 2.000E+05 0.000E+00 0.000E+00
1.68689182E+00   6094.8 5.316E+01 6.094E+11 1.854E-02 1.387E-01 2.000E+05 0.000E+00 0.000E+00
2.08446327E+00   6138.0 6.568E+01 7.433E+11 2.130E-02 1.570E-01 2.000E+05 0.000E+00 0.000E+00
2.54180197E+00   6188.8 8.006E+01 9.138E+11 2.492E-02 1.812E-01 2.000E+05 0.000E+00 0.000E+00
3.05738187E+00   6249.7 9.626E+01 1.137E+12 2.980E-02 2.140E-01 2.000E+05 0.000E+00 0.000E+00
3.62545219E+00   6322.4 1.141E+02 1.434E+12 3.651E-02 2.593E-01 2.000E+05 0.000E+00 0.000E+00
4.23528370E+00   6409.6 1.332E+02 1.840E+12 4.601E-02 3.243E-01 2.000E+05 0.000E+00 0.000E+00
4.87013965E+00   6514.5 1.530E+02 2.409E+12 5.995E-02 4.205E-01 2.000E+05 0.000E+00 0.000E+00
5.50712912E+00   6641.3 1.729E+02 3.232E+12 8.135E-02 5.698E-01 2.000E+05 0.000E+00 0.000E+00
6.11818107E+00   6795.2 1.918E+02 4.458E+12 1.160E-01 8.121E-01 2.000E+05 0.000E+00 0.000E+00
6.67415818E+00   6980.3 2.088E+02 6.319E+12 1.749E-01 1.227E+00 2.000E+05 0.000E+00 0.000E+00
7.15006074E+00   7202.9 2.231E+02 9.212E+12 2.814E-01 1.975E+00 2.000E+05 0.000E+00 0.000E+00
7.53085720E+00   7467.9 2.342E+02 1.373E+13 4.843E-01 3.387E+00 2.000E+05 0.000E+00 0.000E+00
7.81773846E+00   7775.3 2.419E+02 2.060E+13 8.768E-01 6.045E+00 2.000E+05 0.000E+00 0.000E+00
8.02618176E+00   8122.8 2.468E+02 3.043E+13 1.620E+00 1.091E+01 2.000E+05 0.000E+00 0.000E+00
8.17787305E+00   8513.3 2.494E+02 4.334E+13 2.919E+00 1.901E+01 2.000E+05 0.000E+00 0.000E+00
8.29418579E+00   8942.6 2.503E+02 5.760E+13 4.777E+00 3.013E+01 2.000E+05 0.000E+00 0.000E+00
8.39846745E+00   9421.0 2.499E+02 6.984E+13 6.598E+00 4.053E+01 2.000E+05 0.000E+00 0.000E+00
8.51160648E+00   9947.9 2.486E+02 7.634E+13 7.182E+00 4.340E+01 2.000E+05 0.000E+00 0.000E+00
8.66836031E+00  10536.9 2.472E+02 7.709E+13 6.275E+00 3.766E+01 2.000E+05 0.000E+00 0.000E+00
8.92200832E+00  11186.5 2.468E+02 7.469E+13 4.819E+00 2.898E+01 2.000E+05 0.000E+00 0.000E+00
9.38117172E+00  11915.1 2.501E+02 7.188E+13 3.494E+00 2.106E+01 2.000E+05 0.000E+00 0.000E+00
1.02236294E+01  12717.2 2.616E+02 7.086E+13 2.564E+00 1.542E+01 2.000E+05 0.000E+00 0.000E+00
1.17086713E+01  13591.2 2.886E+02 7.363E+13 2.007E+00 1.202E+01 2.000E+05 0.000E+00 0.000E+00
1.41269386E+01  14541.2 3.385E+02 8.176E+13 1.713E+00 1.023E+01 2.000E+05 0.000E+00 0.000E+00
1.77824787E+01  15574.4 4.187E+02 9.581E+13 1.551E+00 9.247E+00 2.000E+05 0.000E+00 0.000E+00
2.31014971E+01  16692.5 5.397E+02 1.163E+14 1.435E+00 8.550E+00 2.000E+05 0.000E+00 0.000E+00
3.06956700E+01  17904.2 7.170E+02 1.445E+14 1.352E+00 8.051E+00 2.000E+05 0.000E+00 0.000E+00
4.13186892E+01  19209.5 9.693E+02 1.823E+14 1.303E+00 7.750E+00 2.000E+05 0.000E+00 0.000E+00
5.58657647E+01  20620.7 1.318E+03 2.310E+14 1.281E+00 7.596E+00 2.000E+05 0.000E+00 0.000E+00
7.53851372E+01  22136.0 1.788E+03 2.921E+14 1.282E+00 7.471E+00 2.000E+05 0.000E+00 0.000E+00
RADK 4.2367E+00
EGIN                    ITERATION  15 COMPLETED
