TEFF   5500.  GRAVITY 3.00000 LTE 
TITLE SDSC GRID  [-0.3]   VTURB 2.0 KM/S    L/H 1.25                            
 OPACITY IFOP 1 1 1 1 1 1 1 1 1 1 1 1 1 0 1 0 0 0 0 0
 CONVECTION ON   1.25 TURBULENCE OFF  0.00  0.00  0.00  0.00
ABUNDANCE SCALE   0.50120 ABUNDANCE CHANGE 1 0.91100 2 0.08900
 ABUNDANCE CHANGE  3 -10.88  4 -10.89  5  -9.44  6  -3.48  7  -3.99  8  -3.11
 ABUNDANCE CHANGE  9  -7.48 10  -3.95 11  -5.71 12  -4.46 13  -5.57 14  -4.49
 ABUNDANCE CHANGE 15  -6.59 16  -4.83 17  -6.54 18  -5.48 19  -6.82 20  -5.68
 ABUNDANCE CHANGE 21  -8.94 22  -7.05 23  -8.04 24  -6.37 25  -6.65 26  -4.37
 ABUNDANCE CHANGE 27  -7.12 28  -5.79 29  -7.83 30  -7.44 31  -9.16 32  -8.63
 ABUNDANCE CHANGE 33  -9.67 34  -8.69 35  -9.41 36  -8.81 37  -9.44 38  -9.14
 ABUNDANCE CHANGE 39  -9.80 40  -9.54 41 -10.62 42 -10.12 43 -20.00 44 -10.20
 ABUNDANCE CHANGE 45 -10.92 46 -10.35 47 -11.10 48 -10.18 49 -10.58 50 -10.04
 ABUNDANCE CHANGE 51 -11.04 52  -9.80 53 -10.53 54  -9.81 55 -10.92 56  -9.91
 ABUNDANCE CHANGE 57 -10.82 58 -10.49 59 -11.33 60 -10.54 61 -20.00 62 -11.04
 ABUNDANCE CHANGE 63 -11.53 64 -10.92 65 -11.94 66 -10.94 67 -11.78 68 -11.11
 ABUNDANCE CHANGE 69 -12.04 70 -10.96 71 -11.28 72 -11.16 73 -11.91 74 -10.93
 ABUNDANCE CHANGE 75 -11.77 76 -10.59 77 -10.69 78 -10.24 79 -11.03 80 -10.95
 ABUNDANCE CHANGE 81 -11.14 82 -10.19 83 -11.33 84 -20.00 85 -20.00 86 -20.00
 ABUNDANCE CHANGE 87 -20.00 88 -20.00 89 -20.00 90 -11.92 91 -20.00 92 -12.51
 ABUNDANCE CHANGE 93 -20.00 94 -20.00 95 -20.00 96 -20.00 97 -20.00 98 -20.00
 ABUNDANCE CHANGE 99 -20.00
READ DECK6 72 RHOX,T,P,XNE,ABROSS,ACCRAD,VTURB
 1.97309308E-03   3461.0 1.973E+00 2.230E+08 6.759E-05 1.344E-02 2.000E+05 0.000E+00 0.000E+00
 2.60682614E-03   3486.9 2.607E+00 2.913E+08 7.278E-05 1.389E-02 2.000E+05 0.000E+00 0.000E+00
 3.38998847E-03   3512.4 3.390E+00 3.748E+08 7.869E-05 1.403E-02 2.000E+05 0.000E+00 0.000E+00
 4.35354216E-03   3540.9 4.353E+00 4.770E+08 8.548E-05 1.382E-02 2.000E+05 0.000E+00 0.000E+00
 5.53225819E-03   3568.9 5.532E+00 6.009E+08 9.342E-05 1.363E-02 2.000E+05 0.000E+00 0.000E+00
 6.96606191E-03   3596.8 6.966E+00 7.504E+08 1.027E-04 1.348E-02 2.000E+05 0.000E+00 0.000E+00
 8.70005381E-03   3624.3 8.700E+00 9.297E+08 1.135E-04 1.344E-02 2.000E+05 0.000E+00 0.000E+00
 1.07915373E-02   3653.8 1.079E+01 1.145E+09 1.255E-04 1.313E-02 2.000E+05 0.000E+00 0.000E+00
 1.33129947E-02   3683.2 1.331E+01 1.403E+09 1.390E-04 1.271E-02 2.000E+05 0.000E+00 0.000E+00
 1.63422615E-02   3711.0 1.634E+01 1.710E+09 1.546E-04 1.241E-02 2.000E+05 0.000E+00 0.000E+00
 1.99647823E-02   3737.7 1.996E+01 2.075E+09 1.728E-04 1.223E-02 2.000E+05 0.000E+00 0.000E+00
 2.42788155E-02   3763.6 2.428E+01 2.505E+09 1.938E-04 1.215E-02 2.000E+05 0.000E+00 0.000E+00
 2.93964535E-02   3789.0 2.940E+01 3.012E+09 2.182E-04 1.218E-02 2.000E+05 0.000E+00 0.000E+00
 3.54581939E-02   3815.6 3.546E+01 3.609E+09 2.456E-04 1.215E-02 2.000E+05 0.000E+00 0.000E+00
 4.26423689E-02   3842.9 4.264E+01 4.313E+09 2.764E-04 1.203E-02 2.000E+05 0.000E+00 0.000E+00
 5.11413593E-02   3869.9 5.114E+01 5.141E+09 3.120E-04 1.194E-02 2.000E+05 0.000E+00 0.000E+00
 6.11663189E-02   3896.7 6.117E+01 6.111E+09 3.532E-04 1.189E-02 2.000E+05 0.000E+00 0.000E+00
 7.29622994E-02   3923.7 7.296E+01 7.246E+09 4.007E-04 1.187E-02 2.000E+05 0.000E+00 0.000E+00
 8.68127644E-02   3950.8 8.681E+01 8.572E+09 4.555E-04 1.187E-02 2.000E+05 0.000E+00 0.000E+00
 1.03047652E-01   3978.1 1.030E+02 1.012E+10 5.185E-04 1.190E-02 2.000E+05 0.000E+00 0.000E+00
 1.22097466E-01   4006.5 1.221E+02 1.192E+10 5.885E-04 1.187E-02 2.000E+05 0.000E+00 0.000E+00
 1.44465141E-01   4035.0 1.445E+02 1.404E+10 6.688E-04 1.185E-02 2.000E+05 0.000E+00 0.000E+00
 1.70687639E-01   4063.6 1.707E+02 1.650E+10 7.613E-04 1.185E-02 2.000E+05 0.000E+00 0.000E+00
 2.01387286E-01   4092.1 2.014E+02 1.937E+10 8.677E-04 1.187E-02 2.000E+05 0.000E+00 0.000E+00
 2.37287854E-01   4120.5 2.373E+02 2.271E+10 9.900E-04 1.193E-02 2.000E+05 0.000E+00 0.000E+00
 2.79229549E-01   4148.8 2.792E+02 2.659E+10 1.130E-03 1.203E-02 2.000E+05 0.000E+00 0.000E+00
 3.28206401E-01   4176.9 3.282E+02 3.110E+10 1.291E-03 1.218E-02 2.000E+05 0.000E+00 0.000E+00
 3.85446165E-01   4205.3 3.854E+02 3.636E+10 1.472E-03 1.238E-02 2.000E+05 0.000E+00 0.000E+00
 4.52351046E-01   4233.4 4.523E+02 4.247E+10 1.680E-03 1.262E-02 2.000E+05 0.000E+00 0.000E+00
 5.30488648E-01   4261.4 5.305E+02 4.957E+10 1.919E-03 1.292E-02 2.000E+05 0.000E+00 0.000E+00
 6.21690448E-01   4289.1 6.217E+02 5.782E+10 2.193E-03 1.329E-02 2.000E+05 0.000E+00 0.000E+00
 7.28089057E-01   4316.6 7.281E+02 6.740E+10 2.507E-03 1.374E-02 2.000E+05 0.000E+00 0.000E+00
 8.52167790E-01   4343.9 8.522E+02 7.852E+10 2.868E-03 1.428E-02 2.000E+05 0.000E+00 0.000E+00
 9.96821743E-01   4371.0 9.968E+02 9.141E+10 3.280E-03 1.493E-02 2.000E+05 0.000E+00 0.000E+00
 1.16551784E+00   4398.3 1.166E+03 1.064E+11 3.750E-03 1.570E-02 2.000E+05 0.000E+00 0.000E+00
 1.36228872E+00   4425.7 1.362E+03 1.238E+11 4.288E-03 1.658E-02 2.000E+05 0.000E+00 0.000E+00
 1.59174045E+00   4453.1 1.592E+03 1.440E+11 4.904E-03 1.760E-02 2.000E+05 0.000E+00 0.000E+00
 1.85924349E+00   4480.9 1.859E+03 1.675E+11 5.610E-03 1.878E-02 2.000E+05 0.000E+00 0.000E+00
 2.17105396E+00   4508.9 2.171E+03 1.948E+11 6.418E-03 2.014E-02 2.000E+05 0.000E+00 0.000E+00
 2.53445131E+00   4537.8 2.534E+03 2.265E+11 7.344E-03 2.170E-02 2.000E+05 0.000E+00 0.000E+00
 2.95790071E+00   4567.7 2.958E+03 2.636E+11 8.406E-03 2.349E-02 2.000E+05 0.000E+00 0.000E+00
 3.45117457E+00   4599.5 3.451E+03 3.069E+11 9.624E-03 2.561E-02 2.000E+05 0.000E+00 0.000E+00
 4.02555367E+00   4633.9 4.025E+03 3.577E+11 1.102E-02 2.803E-02 2.000E+05 0.000E+00 0.000E+00
 4.69405296E+00   4671.6 4.694E+03 4.178E+11 1.264E-02 3.079E-02 2.000E+05 0.000E+00 0.000E+00
 5.47150660E+00   4713.5 5.471E+03 4.892E+11 1.450E-02 3.395E-02 2.000E+05 0.000E+00 0.000E+00
 6.37441085E+00   4760.6 6.374E+03 5.750E+11 1.666E-02 3.757E-02 2.000E+05 0.000E+00 0.000E+00
 7.42060651E+00   4814.7 7.420E+03 6.798E+11 1.921E-02 4.188E-02 2.000E+05 0.000E+00 0.000E+00
 8.62758246E+00   4877.7 8.627E+03 8.107E+11 2.226E-02 4.699E-02 2.000E+05 0.000E+00 0.000E+00
 1.00116633E+01   4951.0 1.001E+04 9.793E+11 2.599E-02 5.311E-02 2.000E+05 0.000E+00 0.000E+00
 1.15811913E+01   5037.5 1.158E+04 1.207E+12 3.083E-02 6.131E-02 2.000E+05 6.649E-11 0.000E+00
 1.33211142E+01   5143.2 1.332E+04 1.540E+12 3.761E-02 7.290E-02 2.000E+05 2.336E-10 0.000E+00
 1.52042220E+01   5258.4 1.520E+04 2.023E+12 4.689E-02 8.947E-02 2.000E+05 6.131E-08 0.000E+00
 1.71517798E+01   5421.0 1.715E+04 2.932E+12 6.313E-02 1.190E-01 2.000E+05 5.106E-05 0.000E+00
 1.89378849E+01   5658.0 1.894E+04 5.011E+12 9.743E-02 1.733E-01 2.000E+05 7.266E-03 5.951E+02
 2.05116142E+01   5859.8 2.051E+04 7.983E+12 1.428E-01 2.289E-01 2.000E+05 8.046E-02 4.689E+02
 2.20033894E+01   6019.7 2.200E+04 1.153E+13 1.942E-01 2.775E-01 2.000E+05 1.572E-01 5.849E+01
 2.34919606E+01   6169.1 2.349E+04 1.614E+13 2.573E-01 3.385E-01 2.000E+05 2.268E-01 2.848E+03
 2.49288706E+01   6378.2 2.493E+04 2.499E+13 3.740E-01 4.702E-01 2.000E+05 2.636E-01 1.376E+04
 2.62096408E+01   6630.8 2.621E+04 4.084E+13 5.733E-01 6.891E-01 2.000E+05 3.002E-01 3.866E+04
 2.72986410E+01   6921.9 2.729E+04 6.876E+13 9.177E-01 1.046E+00 2.000E+05 3.401E-01 7.448E+04
 2.81941772E+01   7243.3 2.819E+04 1.163E+14 1.506E+00 1.608E+00 2.000E+05 3.831E-01 1.001E+05
 2.89101978E+01   7597.2 2.890E+04 1.966E+14 2.543E+00 2.477E+00 2.000E+05 4.323E-01 2.090E+05
 2.94704514E+01   7958.7 2.946E+04 3.195E+14 4.271E+00 3.218E+00 2.000E+05 5.521E-01 3.168E+05
 2.99485634E+01   8231.2 2.994E+04 4.483E+14 6.247E+00 3.005E+00 2.000E+05 7.292E-01 3.431E+05
 3.04056151E+01   8445.7 3.039E+04 5.766E+14 8.375E+00 2.645E+00 2.000E+05 8.175E-01 3.432E+05
 3.08729504E+01   8627.9 3.086E+04 7.073E+14 1.069E+01 2.392E+00 2.000E+05 8.703E-01 3.417E+05
 3.13669983E+01   8797.7 3.135E+04 8.493E+14 1.335E+01 2.218E+00 2.000E+05 9.049E-01 3.405E+05
 3.18999985E+01   8956.6 3.189E+04 1.002E+15 1.636E+01 2.044E+00 2.000E+05 9.278E-01 3.362E+05
 3.24836075E+01   9110.3 3.247E+04 1.169E+15 1.982E+01 1.902E+00 2.000E+05 9.443E-01 3.324E+05
 3.31288441E+01   9261.0 3.311E+04 1.354E+15 2.381E+01 1.792E+00 2.000E+05 9.570E-01 3.306E+05
 3.38462642E+01   9413.8 3.383E+04 1.564E+15 2.849E+01 1.656E+00 2.000E+05 9.660E-01 3.227E+05
 3.46526578E+01   9557.9 3.463E+04 1.785E+15 3.354E+01 1.665E+00 2.000E+05 9.714E-01 3.227E+05
PRADK 1.2157E+00
BEGIN                    ITERATION  15 COMPLETED
