TEFF  24000.  GRAVITY 5.00000 LTE
TITLE SDSC GRID  [+0.0]   VTURB 2.0 KM/S    L/H 1.25
 OPACITY IFOP 1 1 1 1 1 1 1 1 1 1 1 1 1 0 1 0 0 0 0 0
 CONVECTION OFF  1.00 TURBULENCE OFF  0.00  0.00  0.00  0.00
ABUNDANCE SCALE   1.00000 ABUNDANCE CHANGE 1 0.91100 2 0.08900
 ABUNDANCE CHANGE  3 -10.88  4 -10.89  5  -9.44  6  -3.48  7  -3.99  8  -3.11
 ABUNDANCE CHANGE  9  -7.48 10  -3.95 11  -5.71 12  -4.46 13  -5.57 14  -4.49
 ABUNDANCE CHANGE 15  -6.59 16  -4.83 17  -6.54 18  -5.48 19  -6.82 20  -5.68
 ABUNDANCE CHANGE 21  -8.94 22  -7.05 23  -8.04 24  -6.37 25  -6.65 26  -4.37
 ABUNDANCE CHANGE 27  -7.12 28  -5.79 29  -7.83 30  -7.44 31  -9.16 32  -8.63
 ABUNDANCE CHANGE 33  -9.67 34  -8.69 35  -9.41 36  -8.81 37  -9.44 38  -9.14
 ABUNDANCE CHANGE 39  -9.80 40  -9.54 41 -10.62 42 -10.12 43 -20.00 44 -10.20
 ABUNDANCE CHANGE 45 -10.92 46 -10.35 47 -11.10 48 -10.18 49 -10.58 50 -10.04
 ABUNDANCE CHANGE 51 -11.04 52  -9.80 53 -10.53 54  -9.81 55 -10.92 56  -9.91
 ABUNDANCE CHANGE 57 -10.82 58 -10.49 59 -11.33 60 -10.54 61 -20.00 62 -11.04
 ABUNDANCE CHANGE 63 -11.53 64 -10.92 65 -11.94 66 -10.94 67 -11.78 68 -11.11
 ABUNDANCE CHANGE 69 -12.04 70 -10.96 71 -11.28 72 -11.16 73 -11.91 74 -10.93
 ABUNDANCE CHANGE 75 -11.77 76 -10.59 77 -10.69 78 -10.24 79 -11.03 80 -10.95
 ABUNDANCE CHANGE 81 -11.14 82 -10.19 83 -11.33 84 -20.00 85 -20.00 86 -20.00
 ABUNDANCE CHANGE 87 -20.00 88 -20.00 89 -20.00 90 -11.92 91 -20.00 92 -12.51
 ABUNDANCE CHANGE 93 -20.00 94 -20.00 95 -20.00 96 -20.00 97 -20.00 98 -20.00
 ABUNDANCE CHANGE 99 -20.00
READ DECK6 64 RHOX,T,P,XNE,ABROSS,ACCRAD,VTURB
 4.98494029E-06  12523.4 4.939E-01 1.424E+11 3.530E-01 9.138E+02 2.000E+05
 5.06174234E-06  12800.0 5.015E-01 1.403E+11 3.530E-01 8.322E+02 2.000E+05
 6.71176667E-06  12906.7 6.651E-01 1.862E+11 3.567E-01 8.888E+02 2.000E+05
 8.91339438E-06  12998.6 8.833E-01 2.455E+11 3.618E-01 9.233E+02 2.000E+05
 1.18040370E-05  13066.9 1.170E+00 3.232E+11 3.678E-01 9.572E+02 2.000E+05
 1.55894788E-05  13179.3 1.545E+00 4.231E+11 3.752E-01 9.746E+02 2.000E+05
 2.05313708E-05  13287.4 2.034E+00 5.525E+11 3.837E-01 9.937E+02 2.000E+05
 2.69662130E-05  13411.0 2.671E+00 7.187E+11 3.935E-01 1.010E+03 2.000E+05
 3.53169872E-05  13545.9 3.497E+00 9.316E+11 4.050E-01 1.020E+03 2.000E+05
 4.61157374E-05  13691.8 4.566E+00 1.203E+12 4.184E-01 1.022E+03 2.000E+05
 6.00302961E-05  13840.9 5.944E+00 1.549E+12 4.337E-01 1.018E+03 2.000E+05
 7.79014884E-05  13992.9 7.713E+00 1.988E+12 4.510E-01 1.009E+03 2.000E+05
 1.00777484E-04  14144.9 9.977E+00 2.544E+12 4.708E-01 9.954E+02 2.000E+05
 1.29892300E-04  14295.8 1.286E+01 3.245E+12 4.950E-01 9.760E+02 2.000E+05
 1.66718033E-04  14431.1 1.651E+01 4.125E+12 5.230E-01 9.695E+02 2.000E+05
 2.13073161E-04  14554.2 2.110E+01 5.226E+12 5.555E-01 9.756E+02 2.000E+05
 2.71129839E-04  14667.3 2.685E+01 6.597E+12 5.929E-01 9.944E+02 2.000E+05
 3.43464297E-04  14773.0 3.401E+01 8.293E+12 6.362E-01 1.027E+03 2.000E+05
 4.33084389E-04  14875.7 4.287E+01 1.038E+13 6.865E-01 1.074E+03 2.000E+05
 5.43598550E-04  14976.2 5.380E+01 1.293E+13 7.437E-01 1.131E+03 2.000E+05
 6.79398090E-04  15077.7 6.723E+01 1.604E+13 8.083E-01 1.197E+03 2.000E+05
 8.45796916E-04  15183.5 8.366E+01 1.982E+13 8.807E-01 1.271E+03 2.000E+05
 1.04923517E-03  15297.0 1.037E+02 2.438E+13 9.615E-01 1.352E+03 2.000E+05
 1.29734920E-03  15423.1 1.282E+02 2.988E+13 1.053E+00 1.441E+03 2.000E+05
 1.59952603E-03  15559.8 1.580E+02 3.648E+13 1.152E+00 1.529E+03 2.000E+05
 1.96763127E-03  15708.5 1.942E+02 4.442E+13 1.261E+00 1.613E+03 2.000E+05
 2.41627711E-03  15868.7 2.383E+02 5.396E+13 1.380E+00 1.694E+03 2.000E+05
 2.96231990E-03  16040.8 2.920E+02 6.541E+13 1.515E+00 1.782E+03 2.000E+05
 3.62518632E-03  16223.1 3.570E+02 7.909E+13 1.665E+00 1.877E+03 2.000E+05
 4.42851963E-03  16412.3 4.358E+02 9.544E+13 1.833E+00 1.979E+03 2.000E+05
 5.40160685E-03  16606.0 5.312E+02 1.150E+14 2.018E+00 2.089E+03 2.000E+05
 6.58038713E-03  16804.6 6.465E+02 1.383E+14 2.221E+00 2.212E+03 2.000E+05
 8.00886987E-03  17010.5 7.861E+02 1.662E+14 2.444E+00 2.353E+03 2.000E+05
 9.74213580E-03  17228.4 9.552E+02 1.994E+14 2.684E+00 2.515E+03 2.000E+05
 1.18464542E-02  17467.9 1.160E+03 2.389E+14 2.948E+00 2.707E+03 2.000E+05
 1.44061943E-02  17734.2 1.409E+03 2.859E+14 3.226E+00 2.917E+03 2.000E+05
 1.75280087E-02  18036.3 1.712E+03 3.416E+14 3.524E+00 3.148E+03 2.000E+05
 2.13484358E-02  18381.8 2.081E+03 4.078E+14 3.829E+00 3.390E+03 2.000E+05
 2.60537244E-02  18780.5 2.535E+03 4.865E+14 4.131E+00 3.634E+03 2.000E+05
 3.18949317E-02  19245.7 3.097E+03 5.803E+14 4.421E+00 3.878E+03 2.000E+05
 3.91934661E-02  19792.1 3.798E+03 6.924E+14 4.707E+00 4.113E+03 2.000E+05
 4.83722526E-02  20421.3 4.677E+03 8.268E+14 4.973E+00 4.303E+03 2.000E+05
 5.99867907E-02  21142.2 5.788E+03 9.886E+14 5.230E+00 4.478E+03 2.000E+05
 7.47302707E-02  21963.4 7.195E+03 1.183E+15 5.485E+00 4.642E+03 2.000E+05
 9.35565024E-02  22889.1 8.989E+03 1.419E+15 5.711E+00 4.741E+03 2.000E+05
 1.17692434E-01  23919.1 1.129E+04 1.705E+15 5.941E+00 4.799E+03 2.000E+05
 1.48520052E-01  25055.7 1.422E+04 2.051E+15 6.222E+00 4.890E+03 2.000E+05
 1.87648833E-01  26296.7 1.794E+04 2.466E+15 6.555E+00 4.952E+03 2.000E+05
 2.37195271E-01  27640.4 2.265E+04 2.962E+15 6.911E+00 5.036E+03 2.000E+05
 2.99414562E-01  29098.5 2.855E+04 3.548E+15 7.389E+00 5.206E+03 2.000E+05
 3.76639055E-01  30686.3 3.586E+04 4.226E+15 7.975E+00 5.451E+03 2.000E+05
 4.71560690E-01  32419.7 4.482E+04 5.001E+15 8.688E+00 5.795E+03 2.000E+05
 5.87166674E-01  34318.1 5.569E+04 5.874E+15 9.547E+00 6.244E+03 2.000E+05
 7.27769272E-01  36403.7 6.883E+04 6.858E+15 1.045E+01 6.729E+03 2.000E+05
 8.98547138E-01  38686.7 8.471E+04 7.974E+15 1.150E+01 7.296E+03 2.000E+05
 1.10664802E+00  41183.7 1.039E+05 9.258E+15 1.247E+01 7.813E+03 2.000E+05
 1.36656269E+00  43912.0 1.279E+05 1.078E+16 1.307E+01 8.115E+03 2.000E+05
 1.70794707E+00  46898.5 1.592E+05 1.267E+16 1.292E+01 8.006E+03 2.000E+05
 2.17921253E+00  50154.4 2.027E+05 1.515E+16 1.224E+01 7.615E+03 2.000E+05
 2.85011697E+00  53697.7 2.649E+05 1.855E+16 1.136E+01 7.055E+03 2.000E+05
 3.81867999E+00  57559.2 3.552E+05 2.323E+16 1.047E+01 6.477E+03 2.000E+05
 5.22179049E+00  61715.9 4.868E+05 2.972E+16 9.635E+00 5.911E+03 2.000E+05
 7.25275555E+00  66232.0 6.785E+05 3.861E+16 8.891E+00 5.371E+03 2.000E+05
 1.01632025E+01  71053.7 9.545E+05 5.063E+16 8.292E+00 5.001E+03 2.000E+05
PRADK 6.0104E+02
BEGIN                    ITERATION  10 COMPLETED
