TEFF  22000.  GRAVITY 5.00000 LTE
TITLE SDSC GRID  [+1.0]   VTURB 2.0 KM/S
 OPACITY IFOP 1 1 1 1 1 1 1 1 1 1 1 1 1 0 1 0 0 0 0 0
 CONVECTION OFF  1.00 TURBULENCE OFF  0.00  0.00  0.00  0.00
ABUNDANCE SCALE  10.00000 ABUNDANCE CHANGE 1 0.91100 2 0.08900
 ABUNDANCE CHANGE  3 -10.88  4 -10.89  5  -9.44  6  -3.48  7  -3.99  8  -3.11
 ABUNDANCE CHANGE  9  -7.48 10  -3.95 11  -5.71 12  -4.46 13  -5.57 14  -4.49
 ABUNDANCE CHANGE 15  -6.59 16  -4.83 17  -6.54 18  -5.48 19  -6.82 20  -5.68
 ABUNDANCE CHANGE 21  -8.94 22  -7.05 23  -8.04 24  -6.37 25  -6.65 26  -4.37
 ABUNDANCE CHANGE 27  -7.12 28  -5.79 29  -7.83 30  -7.44 31  -9.16 32  -8.63
 ABUNDANCE CHANGE 33  -9.67 34  -8.69 35  -9.41 36  -8.81 37  -9.44 38  -9.14
 ABUNDANCE CHANGE 39  -9.80 40  -9.54 41 -10.62 42 -10.12 43 -20.00 44 -10.20
 ABUNDANCE CHANGE 45 -10.92 46 -10.35 47 -11.10 48 -10.18 49 -10.58 50 -10.04
 ABUNDANCE CHANGE 51 -11.04 52  -9.80 53 -10.53 54  -9.81 55 -10.92 56  -9.91
 ABUNDANCE CHANGE 57 -10.82 58 -10.49 59 -11.33 60 -10.54 61 -20.00 62 -11.04
 ABUNDANCE CHANGE 63 -11.53 64 -10.92 65 -11.94 66 -10.94 67 -11.78 68 -11.11
 ABUNDANCE CHANGE 69 -12.04 70 -10.96 71 -11.28 72 -11.16 73 -11.91 74 -10.93
 ABUNDANCE CHANGE 75 -11.77 76 -10.59 77 -10.69 78 -10.24 79 -11.03 80 -10.95
 ABUNDANCE CHANGE 81 -11.14 82 -10.19 83 -11.33 84 -20.00 85 -20.00 86 -20.00
 ABUNDANCE CHANGE 87 -20.00 88 -20.00 89 -20.00 90 -11.92 91 -20.00 92 -12.51
 ABUNDANCE CHANGE 93 -20.00 94 -20.00 95 -20.00 96 -20.00 97 -20.00 98 -20.00
 ABUNDANCE CHANGE 99 -20.00
READ DECK6 64 RHOX,T,P,XNE,ABROSS,ACCRAD,VTURB
 4.17644269E-06  10416.7 4.056E-01 1.243E+11 3.232E-01 2.749E+03 2.000E+05
 5.46136789E-06  11928.4 5.316E-01 1.602E+11 3.402E-01 2.048E+03 2.000E+05
 7.18162147E-06  12101.2 7.002E-01 2.081E+11 3.484E-01 1.909E+03 2.000E+05
 9.42429568E-06  12269.0 9.203E-01 2.699E+11 3.572E-01 1.794E+03 2.000E+05
 1.23355792E-05  12427.5 1.206E+00 3.495E+11 3.670E-01 1.682E+03 2.000E+05
 1.61107642E-05  12571.4 1.578E+00 4.519E+11 3.779E-01 1.590E+03 2.000E+05
 2.09847778E-05  12703.5 2.058E+00 5.832E+11 3.914E-01 1.515E+03 2.000E+05
 2.72490944E-05  12823.5 2.675E+00 7.508E+11 4.067E-01 1.474E+03 2.000E+05
 3.52697688E-05  12937.2 3.465E+00 9.638E+11 4.244E-01 1.455E+03 2.000E+05
 4.54923840E-05  13047.6 4.472E+00 1.233E+12 4.452E-01 1.451E+03 2.000E+05
 5.84618683E-05  13154.2 5.751E+00 1.572E+12 4.689E-01 1.454E+03 2.000E+05
 7.48481249E-05  13257.0 7.365E+00 1.997E+12 4.959E-01 1.466E+03 2.000E+05
 9.54667003E-05  13356.9 9.397E+00 2.527E+12 5.268E-01 1.488E+03 2.000E+05
 1.21269426E-04  13457.1 1.194E+01 3.184E+12 5.631E-01 1.528E+03 2.000E+05
 1.53375350E-04  13558.5 1.510E+01 3.995E+12 6.047E-01 1.575E+03 2.000E+05
 1.93165098E-04  13662.4 1.901E+01 4.990E+12 6.518E-01 1.622E+03 2.000E+05
 2.42314291E-04  13769.5 2.385E+01 6.207E+12 7.047E-01 1.667E+03 2.000E+05
 3.02863565E-04  13880.3 2.980E+01 7.692E+12 7.640E-01 1.709E+03 2.000E+05
 3.77162953E-04  13996.2 3.710E+01 9.494E+12 8.323E-01 1.762E+03 2.000E+05
 4.67965116E-04  14117.4 4.602E+01 1.167E+13 9.090E-01 1.814E+03 2.000E+05
 5.78407268E-04  14242.8 5.686E+01 1.429E+13 9.999E-01 1.891E+03 2.000E+05
 7.12182361E-04  14373.7 6.998E+01 1.743E+13 1.101E+00 1.969E+03 2.000E+05
 8.74099466E-04  14511.1 8.585E+01 2.118E+13 1.214E+00 2.043E+03 2.000E+05
 1.06990933E-03  14656.0 1.050E+02 2.565E+13 1.339E+00 2.116E+03 2.000E+05
 1.30625129E-03  14809.7 1.281E+02 3.099E+13 1.481E+00 2.199E+03 2.000E+05
 1.59132527E-03  14971.0 1.560E+02 3.733E+13 1.637E+00 2.270E+03 2.000E+05
 1.93548701E-03  15139.3 1.896E+02 4.489E+13 1.807E+00 2.329E+03 2.000E+05
 2.35151637E-03  15313.6 2.303E+02 5.390E+13 1.992E+00 2.377E+03 2.000E+05
 2.85511773E-03  15493.2 2.794E+02 6.468E+13 2.194E+00 2.417E+03 2.000E+05
 3.46485351E-03  15678.0 3.389E+02 7.756E+13 2.417E+00 2.464E+03 2.000E+05
 4.20131869E-03  15868.5 4.107E+02 9.290E+13 2.672E+00 2.530E+03 2.000E+05
 5.08655461E-03  16064.4 4.969E+02 1.111E+14 2.975E+00 2.639E+03 2.000E+05
 6.14802459E-03  16267.0 6.002E+02 1.326E+14 3.304E+00 2.752E+03 2.000E+05
 7.42398853E-03  16477.9 7.242E+02 1.580E+14 3.660E+00 2.873E+03 2.000E+05
 8.96237988E-03  16699.9 8.736E+02 1.881E+14 4.043E+00 3.004E+03 2.000E+05
 1.08213429E-02  16938.0 1.054E+03 2.239E+14 4.458E+00 3.153E+03 2.000E+05
 1.30695949E-02  17199.0 1.271E+03 2.661E+14 4.914E+00 3.330E+03 2.000E+05
 1.57983564E-02  17486.6 1.535E+03 3.163E+14 5.383E+00 3.504E+03 2.000E+05
 1.91306856E-02  17807.1 1.856E+03 3.759E+14 5.860E+00 3.683E+03 2.000E+05
 2.32028952E-02  18172.4 2.248E+03 4.465E+14 6.409E+00 3.910E+03 2.000E+05
 2.81883625E-02  18590.8 2.726E+03 5.298E+14 6.954E+00 4.137E+03 2.000E+05
 3.43378822E-02  19074.2 3.315E+03 6.285E+14 7.488E+00 4.367E+03 2.000E+05
 4.19770775E-02  19638.2 4.045E+03 7.455E+14 8.012E+00 4.603E+03 2.000E+05
 5.15553030E-02  20291.4 4.957E+03 8.850E+14 8.480E+00 4.792E+03 2.000E+05
 6.36519449E-02  21042.9 6.108E+03 1.052E+15 8.936E+00 4.971E+03 2.000E+05
 7.89848909E-02  21906.7 7.563E+03 1.252E+15 9.377E+00 5.179E+03 2.000E+05
 9.86487014E-02  22899.1 9.427E+03 1.494E+15 9.677E+00 5.283E+03 2.000E+05
 1.24168981E-01  24014.9 1.184E+04 1.790E+15 9.925E+00 5.303E+03 2.000E+05
 1.57201727E-01  25260.1 1.497E+04 2.151E+15 1.027E+01 5.400E+03 2.000E+05
 1.99671398E-01  26629.1 1.899E+04 2.589E+15 1.067E+01 5.417E+03 2.000E+05
 2.54232084E-01  28118.6 2.415E+04 3.118E+15 1.108E+01 5.481E+03 2.000E+05
 3.22924024E-01  29741.3 3.063E+04 3.740E+15 1.196E+01 5.748E+03 2.000E+05
 4.07822466E-01  31509.5 3.862E+04 4.453E+15 1.289E+01 6.051E+03 2.000E+05
 5.10943617E-01  33435.0 4.828E+04 5.250E+15 1.439E+01 6.616E+03 2.000E+05
 6.34761047E-01  35537.5 5.980E+04 6.129E+15 1.585E+01 7.171E+03 2.000E+05
 7.85541634E-01  37823.5 7.376E+04 7.128E+15 1.726E+01 7.690E+03 2.000E+05
 9.71046832E-01  40319.2 9.083E+04 8.290E+15 1.860E+01 8.197E+03 2.000E+05
 1.20681280E+00  43035.3 1.125E+05 9.704E+15 1.900E+01 8.316E+03 2.000E+05
 1.52064926E+00  46020.9 1.412E+05 1.150E+16 1.871E+01 8.198E+03 2.000E+05
 1.95732870E+00  49276.1 1.814E+05 1.387E+16 1.755E+01 7.726E+03 2.000E+05
 2.58932586E+00  52842.5 2.400E+05 1.716E+16 1.594E+01 7.019E+03 2.000E+05
 3.52591074E+00  56680.9 3.274E+05 2.186E+16 1.437E+01 6.327E+03 2.000E+05
 4.92639313E+00  60883.5 4.592E+05 2.856E+16 1.282E+01 5.575E+03 2.000E+05
 6.99954956E+00  65342.9 6.554E+05 3.800E+16 1.159E+01 5.077E+03 2.000E+05
PRADK 3.1787E+02
BEGIN                    ITERATION  10 COMPLETED
