EFF  13000.  GRAVITY 4.00000 LTE 
ITLE SDSC GRID  [-5.0]   VTURB 2.0 KM/S                                        
OPACITY IFOP 1 1 1 1 1 1 1 1 1 1 1 1 1 0 1 0 0 0 0 0
CONVECTION OFF  1.00 TURBULENCE OFF  0.00  0.00  0.00  0.00
BUNDANCE SCALE   0.00001 ABUNDANCE CHANGE 1 0.91100 2 0.08900
ABUNDANCE CHANGE  3 -10.88  4 -10.89  5  -9.44  6  -3.48  7  -3.99  8  -3.11
ABUNDANCE CHANGE  9  -7.48 10  -3.95 11  -5.71 12  -4.46 13  -5.57 14  -4.49
ABUNDANCE CHANGE 15  -6.59 16  -4.83 17  -6.54 18  -5.48 19  -6.82 20  -5.68
ABUNDANCE CHANGE 21  -8.94 22  -7.05 23  -8.04 24  -6.37 25  -6.65 26  -4.37
ABUNDANCE CHANGE 27  -7.12 28  -5.79 29  -7.83 30  -7.44 31  -9.16 32  -8.63
ABUNDANCE CHANGE 33  -9.67 34  -8.69 35  -9.41 36  -8.81 37  -9.44 38  -9.14
ABUNDANCE CHANGE 39  -9.80 40  -9.54 41 -10.62 42 -10.12 43 -20.00 44 -10.20
ABUNDANCE CHANGE 45 -10.92 46 -10.35 47 -11.10 48 -10.18 49 -10.58 50 -10.04
ABUNDANCE CHANGE 51 -11.04 52  -9.80 53 -10.53 54  -9.81 55 -10.92 56  -9.91
ABUNDANCE CHANGE 57 -10.82 58 -10.49 59 -11.33 60 -10.54 61 -20.00 62 -11.04
ABUNDANCE CHANGE 63 -11.53 64 -10.92 65 -11.94 66 -10.94 67 -11.78 68 -11.11
ABUNDANCE CHANGE 69 -12.04 70 -10.96 71 -11.28 72 -11.16 73 -11.91 74 -10.93
ABUNDANCE CHANGE 75 -11.77 76 -10.59 77 -10.69 78 -10.24 79 -11.03 80 -10.95
ABUNDANCE CHANGE 81 -11.14 82 -10.19 83 -11.33 84 -20.00 85 -20.00 86 -20.00
ABUNDANCE CHANGE 87 -20.00 88 -20.00 89 -20.00 90 -11.92 91 -20.00 92 -12.51
ABUNDANCE CHANGE 93 -20.00 94 -20.00 95 -20.00 96 -20.00 97 -20.00 98 -20.00
ABUNDANCE CHANGE 99 -20.00
EAD DECK6 64 RHOX,T,P,XNE,ABROSS,ACCRAD,VTURB
5.57325204E-06   8017.6 5.562E-02 2.389E+10 2.987E-01 1.726E+01 2.000E+05
5.98172667E-06   8132.0 5.969E-02 2.529E+10 2.987E-01 1.712E+01 2.000E+05
7.94350288E-06   8133.0 7.927E-02 3.356E+10 3.023E-01 1.761E+01 2.000E+05
1.05416636E-05   8134.0 1.052E-01 4.449E+10 3.069E-01 1.825E+01 2.000E+05
1.39473085E-05   8164.1 1.392E-01 5.860E+10 3.124E-01 1.890E+01 2.000E+05
1.84043814E-05   8201.9 1.837E-01 7.691E+10 3.190E-01 1.962E+01 2.000E+05
2.42075303E-05   8245.9 2.416E-01 1.005E+11 3.271E-01 2.041E+01 2.000E+05
3.17428318E-05   8297.2 3.168E-01 1.309E+11 3.367E-01 2.126E+01 2.000E+05
4.14802584E-05   8354.3 4.140E-01 1.697E+11 3.480E-01 2.215E+01 2.000E+05
5.40141080E-05   8415.1 5.390E-01 2.192E+11 3.614E-01 2.314E+01 2.000E+05
7.00655268E-05   8478.0 6.992E-01 2.819E+11 3.773E-01 2.427E+01 2.000E+05
9.05168889E-05   8542.4 9.032E-01 3.611E+11 3.958E-01 2.562E+01 2.000E+05
1.16446480E-04   8609.6 1.162E+00 4.604E+11 4.173E-01 2.718E+01 2.000E+05
1.49157986E-04   8681.4 1.488E+00 5.843E+11 4.421E-01 2.895E+01 2.000E+05
1.90241737E-04   8759.6 1.898E+00 7.380E+11 4.705E-01 3.087E+01 2.000E+05
2.41621108E-04   8844.0 2.410E+00 9.276E+11 5.027E-01 3.283E+01 2.000E+05
3.05598756E-04   8929.6 3.047E+00 1.161E+12 5.396E-01 3.486E+01 2.000E+05
3.84870267E-04   9010.9 3.837E+00 1.448E+12 5.823E-01 3.696E+01 2.000E+05
4.82442766E-04   9075.9 4.809E+00 1.799E+12 6.333E-01 3.958E+01 2.000E+05
6.01535062E-04   9120.5 5.995E+00 2.228E+12 6.948E-01 4.323E+01 2.000E+05
7.45667727E-04   9146.7 7.430E+00 2.745E+12 7.685E-01 4.824E+01 2.000E+05
9.18842873E-04   9160.2 9.153E+00 3.363E+12 8.554E-01 5.479E+01 2.000E+05
1.12614374E-03   9181.0 1.121E+01 4.093E+12 9.532E-01 6.223E+01 2.000E+05
1.37406328E-03   9207.7 1.368E+01 4.957E+12 1.064E+00 7.040E+01 2.000E+05
1.66997653E-03   9236.1 1.661E+01 5.976E+12 1.190E+00 7.959E+01 2.000E+05
2.02248749E-03   9267.6 2.011E+01 7.175E+12 1.333E+00 8.986E+01 2.000E+05
2.44182983E-03   9302.5 2.426E+01 8.583E+12 1.495E+00 1.013E+02 2.000E+05
2.93985225E-03   9337.5 2.919E+01 1.023E+13 1.680E+00 1.142E+02 2.000E+05
3.53135945E-03   9383.3 3.503E+01 1.217E+13 1.885E+00 1.276E+02 2.000E+05
4.23407621E-03   9431.7 4.196E+01 1.444E+13 2.116E+00 1.423E+02 2.000E+05
5.06808350E-03   9481.2 5.018E+01 1.710E+13 2.379E+00 1.589E+02 2.000E+05
6.05734980E-03   9535.3 5.990E+01 2.021E+13 2.675E+00 1.775E+02 2.000E+05
7.23039016E-03   9594.9 7.141E+01 2.385E+13 3.008E+00 1.981E+02 2.000E+05
8.62156350E-03   9662.7 8.503E+01 2.812E+13 3.382E+00 2.209E+02 2.000E+05
1.02721685E-02   9739.0 1.012E+02 3.313E+13 3.799E+00 2.462E+02 2.000E+05
1.22348396E-02   9835.7 1.203E+02 3.903E+13 4.254E+00 2.721E+02 2.000E+05
1.45740089E-02   9945.0 1.430E+02 4.599E+13 4.756E+00 3.004E+02 2.000E+05
1.73704070E-02  10076.1 1.701E+02 5.422E+13 5.291E+00 3.294E+02 2.000E+05
2.07332139E-02  10230.0 2.025E+02 6.398E+13 5.849E+00 3.584E+02 2.000E+05
2.48064775E-02  10411.4 2.418E+02 7.560E+13 6.413E+00 3.872E+02 2.000E+05
2.97870731E-02  10625.6 2.896E+02 8.948E+13 6.955E+00 4.144E+02 2.000E+05
3.59576253E-02  10880.4 3.486E+02 1.062E+14 7.430E+00 4.377E+02 2.000E+05
4.37256524E-02  11181.4 4.228E+02 1.264E+14 7.805E+00 4.562E+02 2.000E+05
5.36998582E-02  11536.3 5.180E+02 1.512E+14 8.020E+00 4.664E+02 2.000E+05
6.67871484E-02  11953.0 6.427E+02 1.823E+14 8.072E+00 4.693E+02 2.000E+05
8.43150879E-02  12441.8 8.098E+02 2.218E+14 7.963E+00 4.652E+02 2.000E+05
1.08230669E-01  13012.1 1.038E+03 2.730E+14 7.723E+00 4.547E+02 2.000E+05
1.41300680E-01  13672.4 1.354E+03 3.402E+14 7.408E+00 4.391E+02 2.000E+05
1.87312643E-01  14423.8 1.794E+03 4.292E+14 7.112E+00 4.226E+02 2.000E+05
2.50888662E-01  15267.1 2.404E+03 5.469E+14 6.907E+00 4.077E+02 2.000E+05
3.37347692E-01  16192.9 3.233E+03 7.005E+14 6.831E+00 3.965E+02 2.000E+05
4.53044744E-01  17193.9 4.345E+03 8.960E+14 6.841E+00 3.886E+02 2.000E+05
6.07148329E-01  18273.6 5.827E+03 1.140E+15 6.846E+00 3.815E+02 2.000E+05
8.12713484E-01  19440.7 7.805E+03 1.443E+15 6.838E+00 3.756E+02 2.000E+05
1.08682374E+00  20709.2 1.044E+04 1.817E+15 6.851E+00 3.726E+02 2.000E+05
1.45037930E+00  22090.7 1.394E+04 2.277E+15 6.915E+00 3.734E+02 2.000E+05
1.92812669E+00  23596.1 1.854E+04 2.837E+15 7.053E+00 3.792E+02 2.000E+05
2.54956795E+00  25235.9 2.452E+04 3.509E+15 7.265E+00 3.894E+02 2.000E+05
3.34906837E+00  27017.4 3.219E+04 4.304E+15 7.573E+00 4.051E+02 2.000E+05
4.36682081E+00  28950.1 4.195E+04 5.235E+15 7.970E+00 4.253E+02 2.000E+05
5.65013340E+00  31044.2 5.422E+04 6.311E+15 8.465E+00 4.510E+02 2.000E+05
7.25349069E+00  33306.0 6.950E+04 7.543E+15 9.078E+00 4.835E+02 2.000E+05
9.23926976E+00  35760.0 8.836E+04 8.943E+15 9.807E+00 5.213E+02 2.000E+05
1.16740935E+01  38400.7 1.114E+05 1.054E+16 1.074E+01 5.187E+02 2.000E+05
RADK 5.0642E+01
EGIN                    ITERATION   6 COMPLETED
