TEFF   7500.  GRAVITY 1.00000 LTE
TITLE SDSC GRID  [-4.0]   VTURB 2.0 KM/S    L/H 1.25
 OPACITY IFOP 1 1 1 1 1 1 1 1 1 1 1 1 1 0 1 0 0 0 0 0
 CONVECTION OFF  1.00 TURBULENCE OFF  0.00  0.00  0.00  0.00
ABUNDANCE SCALE   0.00010 ABUNDANCE CHANGE 1 0.91100 2 0.08900
 ABUNDANCE CHANGE  3 -10.88  4 -10.89  5  -9.44  6  -3.48  7  -3.99  8  -3.11
 ABUNDANCE CHANGE  9  -7.48 10  -3.95 11  -5.71 12  -4.46 13  -5.57 14  -4.49
 ABUNDANCE CHANGE 15  -6.59 16  -4.83 17  -6.54 18  -5.48 19  -6.82 20  -5.68
 ABUNDANCE CHANGE 21  -8.94 22  -7.05 23  -8.04 24  -6.37 25  -6.65 26  -4.37
 ABUNDANCE CHANGE 27  -7.12 28  -5.79 29  -7.83 30  -7.44 31  -9.16 32  -8.63
 ABUNDANCE CHANGE 33  -9.67 34  -8.69 35  -9.41 36  -8.81 37  -9.44 38  -9.14
 ABUNDANCE CHANGE 39  -9.80 40  -9.54 41 -10.62 42 -10.12 43 -20.00 44 -10.20
 ABUNDANCE CHANGE 45 -10.92 46 -10.35 47 -11.10 48 -10.18 49 -10.58 50 -10.04
 ABUNDANCE CHANGE 51 -11.04 52  -9.80 53 -10.53 54  -9.81 55 -10.92 56  -9.91
 ABUNDANCE CHANGE 57 -10.82 58 -10.49 59 -11.33 60 -10.54 61 -20.00 62 -11.04
 ABUNDANCE CHANGE 63 -11.53 64 -10.92 65 -11.94 66 -10.94 67 -11.78 68 -11.11
 ABUNDANCE CHANGE 69 -12.04 70 -10.96 71 -11.28 72 -11.16 73 -11.91 74 -10.93
 ABUNDANCE CHANGE 75 -11.77 76 -10.59 77 -10.69 78 -10.24 79 -11.03 80 -10.95
 ABUNDANCE CHANGE 81 -11.14 82 -10.19 83 -11.33 84 -20.00 85 -20.00 86 -20.00
 ABUNDANCE CHANGE 87 -20.00 88 -20.00 89 -20.00 90 -11.92 91 -20.00 92 -12.51
 ABUNDANCE CHANGE 93 -20.00 94 -20.00 95 -20.00 96 -20.00 97 -20.00 98 -20.00
 ABUNDANCE CHANGE 99 -20.00
READ DECK6 72 RHOX,T,P,XNE,ABROSS,ACCRAD,VTURB
 4.86674083E-07   5190.1 4.066E-06 2.641E+06 2.740E-01 1.646E+00 2.000E+05 0.000E+00 0.000E+00
 6.49844751E-07   5200.9 5.430E-06 3.500E+06 2.711E-01 1.629E+00 2.000E+05 0.000E+00 0.000E+00
 8.70199175E-07   5207.7 7.278E-06 4.647E+06 2.672E-01 1.605E+00 2.000E+05 0.000E+00 0.000E+00
 1.16879483E-06   5216.9 9.788E-06 6.180E+06 2.626E-01 1.577E+00 2.000E+05 0.000E+00 0.000E+00
 1.57485868E-06   5226.4 1.322E-05 8.230E+06 2.570E-01 1.544E+00 2.000E+05 0.000E+00 0.000E+00
 2.12935641E-06   5236.5 1.792E-05 1.098E+07 2.504E-01 1.505E+00 2.000E+05 0.000E+00 0.000E+00
 2.89038998E-06   5246.9 2.440E-05 1.465E+07 2.426E-01 1.458E+00 2.000E+05 0.000E+00 0.000E+00
 3.94156508E-06   5257.1 3.341E-05 1.959E+07 2.334E-01 1.403E+00 2.000E+05 0.000E+00 0.000E+00
 5.40539834E-06   5266.6 4.604E-05 2.620E+07 2.225E-01 1.338E+00 2.000E+05 0.000E+00 0.000E+00
 7.46498922E-06   5275.0 6.396E-05 3.508E+07 2.097E-01 1.261E+00 2.000E+05 0.000E+00 0.000E+00
 1.03994070E-05   5282.4 8.974E-05 4.700E+07 1.950E-01 1.174E+00 2.000E+05 0.000E+00 0.000E+00
 1.46413618E-05   5289.1 1.274E-04 6.302E+07 1.786E-01 1.076E+00 2.000E+05 0.000E+00 0.000E+00
 2.08671767E-05   5296.0 1.833E-04 8.463E+07 1.611E-01 9.714E-01 2.000E+05 0.000E+00 0.000E+00
 3.01429953E-05   5303.3 2.676E-04 1.138E+08 1.432E-01 8.644E-01 2.000E+05 0.000E+00 0.000E+00
 4.41843144E-05   5310.4 3.967E-04 1.531E+08 1.251E-01 7.568E-01 2.000E+05 0.000E+00 0.000E+00
 6.57869418E-05   5317.4 5.975E-04 2.059E+08 1.077E-01 6.526E-01 2.000E+05 0.000E+00 0.000E+00
 9.95575369E-05   5324.0 9.150E-04 2.768E+08 9.114E-02 5.542E-01 2.000E+05 0.000E+00 0.000E+00
 1.53164634E-04   5330.1 1.424E-03 3.717E+08 7.604E-02 4.642E-01 2.000E+05 0.000E+00 0.000E+00
 2.39415823E-04   5335.9 2.250E-03 4.985E+08 6.266E-02 3.846E-01 2.000E+05 0.000E+00 0.000E+00
 3.79718480E-04   5341.7 3.604E-03 6.678E+08 5.114E-02 3.162E-01 2.000E+05 0.000E+00 0.000E+00
 6.09743908E-04   5347.8 5.839E-03 8.942E+08 4.149E-02 2.588E-01 2.000E+05 0.000E+00 0.000E+00
 9.88071760E-04   5355.1 9.534E-03 1.198E+09 3.362E-02 2.123E-01 2.000E+05 0.000E+00 0.000E+00
 1.61219725E-03   5361.7 1.566E-02 1.599E+09 2.713E-02 1.740E-01 2.000E+05 0.000E+00 0.000E+00
 2.64058233E-03   5370.9 2.578E-02 2.141E+09 2.206E-02 1.443E-01 2.000E+05 0.000E+00 0.000E+00
 4.30815779E-03   5386.7 4.223E-02 2.900E+09 1.835E-02 1.228E-01 2.000E+05 0.000E+00 0.000E+00
 6.94483044E-03   5408.9 6.830E-02 3.956E+09 1.569E-02 1.074E-01 2.000E+05 0.000E+00 0.000E+00
 1.09811240E-02   5440.1 1.083E-01 5.456E+09 1.393E-02 9.750E-02 2.000E+05 0.000E+00 0.000E+00
 1.68953757E-02   5483.0 1.668E-01 7.631E+09 1.298E-02 9.243E-02 2.000E+05 0.000E+00 0.000E+00
 2.51227708E-02   5538.9 2.484E-01 1.081E+10 1.278E-02 9.170E-02 2.000E+05 0.000E+00 0.000E+00
 3.59264948E-02   5608.5 3.554E-01 1.547E+10 1.332E-02 9.518E-02 2.000E+05 0.000E+00 0.000E+00
 4.94824540E-02   5683.8 4.896E-01 2.191E+10 1.435E-02 1.010E-01 2.000E+05 0.000E+00 0.000E+00
 6.63553599E-02   5748.4 6.566E-01 2.972E+10 1.521E-02 1.053E-01 2.000E+05 0.000E+00 0.000E+00
 8.80851447E-02   5793.1 8.716E-01 3.818E+10 1.537E-02 1.057E-01 2.000E+05 0.000E+00 0.000E+00
 1.17631582E-01   5817.0 1.164E+00 4.685E+10 1.473E-02 1.021E-01 2.000E+05 0.000E+00 0.000E+00
 1.59102891E-01   5834.1 1.575E+00 5.694E+10 1.389E-02 9.773E-02 2.000E+05 0.000E+00 0.000E+00
 2.17744108E-01   5851.7 2.155E+00 6.967E+10 1.315E-02 9.419E-02 2.000E+05 0.000E+00 0.000E+00
 2.99750889E-01   5871.4 2.968E+00 8.585E+10 1.263E-02 9.196E-02 2.000E+05 0.000E+00 0.000E+00
 4.12715992E-01   5893.0 4.087E+00 1.062E+11 1.233E-02 9.108E-02 2.000E+05 0.000E+00 0.000E+00
 5.65351168E-01   5917.7 5.600E+00 1.319E+11 1.229E-02 9.186E-02 2.000E+05 0.000E+00 0.000E+00
 7.66960349E-01   5945.6 7.597E+00 1.640E+11 1.255E-02 9.444E-02 2.000E+05 0.000E+00 0.000E+00
 1.02697294E+00   5977.2 1.017E+01 2.041E+11 1.313E-02 9.905E-02 2.000E+05 0.000E+00 0.000E+00
 1.35408730E+00   6013.4 1.341E+01 2.543E+11 1.409E-02 1.061E-01 2.000E+05 0.000E+00 0.000E+00
 1.75583931E+00   6054.3 1.738E+01 3.171E+11 1.547E-02 1.160E-01 2.000E+05 0.000E+00 0.000E+00
 2.23730833E+00   6101.9 2.214E+01 3.970E+11 1.743E-02 1.299E-01 2.000E+05 0.000E+00 0.000E+00
 2.80042096E+00   6156.6 2.769E+01 4.990E+11 2.011E-02 1.488E-01 2.000E+05 0.000E+00 0.000E+00
 3.44144466E+00   6222.6 3.400E+01 6.346E+11 2.392E-02 1.757E-01 2.000E+05 0.000E+00 0.000E+00
 4.14939796E+00   6300.4 4.094E+01 8.159E+11 2.931E-02 2.138E-01 2.000E+05 0.000E+00 0.000E+00
 4.90666347E+00   6393.6 4.833E+01 1.065E+12 3.720E-02 2.699E-01 2.000E+05 0.000E+00 0.000E+00
 5.68714964E+00   6505.1 5.589E+01 1.417E+12 4.910E-02 3.551E-01 2.000E+05 0.000E+00 0.000E+00
 6.45797546E+00   6639.0 6.328E+01 1.924E+12 6.788E-02 4.903E-01 2.000E+05 0.000E+00 0.000E+00
 7.18192211E+00   6800.4 7.009E+01 2.677E+12 9.907E-02 7.149E-01 2.000E+05 0.000E+00 0.000E+00
 7.82428596E+00   6993.1 7.594E+01 3.808E+12 1.534E-01 1.107E+00 2.000E+05 0.000E+00 0.000E+00
 8.35948081E+00   7223.6 8.054E+01 5.531E+12 2.534E-01 1.822E+00 2.000E+05 0.000E+00 0.000E+00
 8.77857227E+00   7494.2 8.372E+01 8.109E+12 4.427E-01 3.153E+00 2.000E+05 0.000E+00 0.000E+00
 9.09367660E+00   7802.8 8.555E+01 1.173E+13 7.920E-01 5.522E+00 2.000E+05 0.000E+00 0.000E+00
 9.32881605E+00   8151.9 8.618E+01 1.640E+13 1.400E+00 9.478E+00 2.000E+05 0.000E+00 0.000E+00
 9.51181859E+00   8538.9 8.579E+01 2.139E+13 2.264E+00 1.479E+01 2.000E+05 0.000E+00 0.000E+00
 9.67757413E+00   8970.2 8.460E+01 2.539E+13 3.103E+00 1.959E+01 2.000E+05 0.000E+00 0.000E+00
 9.85775396E+00   9442.3 8.271E+01 2.708E+13 3.390E+00 2.082E+01 2.000E+05 0.000E+00 0.000E+00
 1.01041710E+01   9968.0 8.036E+01 2.664E+13 3.021E+00 1.824E+01 2.000E+05 0.000E+00 0.000E+00
 1.04947059E+01  10547.4 7.793E+01 2.508E+13 2.381E+00 1.427E+01 2.000E+05 0.000E+00 0.000E+00
 1.11793048E+01  11197.8 7.635E+01 2.338E+13 1.790E+00 1.072E+01 2.000E+05 0.000E+00 0.000E+00
 1.23894645E+01  11917.7 7.722E+01 2.232E+13 1.363E+00 8.166E+00 2.000E+05 0.000E+00 0.000E+00
 1.44527259E+01  12716.0 8.288E+01 2.257E+13 1.098E+00 6.575E+00 2.000E+05 0.000E+00 0.000E+00
 1.77232833E+01  13586.7 9.563E+01 2.466E+13 9.613E-01 5.745E+00 2.000E+05 0.000E+00 0.000E+00
 2.25442662E+01  14538.5 1.173E+02 2.870E+13 8.919E-01 5.323E+00 2.000E+05 0.000E+00 0.000E+00
 2.94017860E+01  15570.6 1.505E+02 3.473E+13 8.425E-01 5.024E+00 2.000E+05 0.000E+00 0.000E+00
 3.90320967E+01  16690.7 1.996E+02 4.317E+13 8.039E-01 4.792E+00 2.000E+05 0.000E+00 0.000E+00
 5.23898619E+01  17902.1 2.704E+02 5.459E+13 7.784E-01 4.635E+00 2.000E+05 0.000E+00 0.000E+00
 7.06350093E+01  19208.6 3.691E+02 6.950E+13 7.656E-01 4.553E+00 2.000E+05 0.000E+00 0.000E+00
 9.52013196E+01  20620.0 5.033E+02 8.828E+13 7.630E-01 4.525E+00 2.000E+05 0.000E+00 0.000E+00
 1.27813237E+02  22136.3 6.827E+02 1.116E+14 7.708E-01 4.470E+00 2.000E+05 0.000E+00 0.000E+00
PRADK 4.2334E+00
BEGIN                    ITERATION  15 COMPLETED
