EFF  22000.  GRAVITY 4.50000 LTE 
ITLE SDSC GRID  [-0.5]   VTURB 2.0 KM/S                                        
OPACITY IFOP 1 1 1 1 1 1 1 1 1 1 1 1 1 0 1 0 0 0 0 0
CONVECTION OFF  1.00 TURBULENCE OFF  0.00  0.00  0.00  0.00
BUNDANCE SCALE   0.31620 ABUNDANCE CHANGE 1 0.91100 2 0.08900
ABUNDANCE CHANGE  3 -10.88  4 -10.89  5  -9.44  6  -3.48  7  -3.99  8  -3.11
ABUNDANCE CHANGE  9  -7.48 10  -3.95 11  -5.71 12  -4.46 13  -5.57 14  -4.49
ABUNDANCE CHANGE 15  -6.59 16  -4.83 17  -6.54 18  -5.48 19  -6.82 20  -5.68
ABUNDANCE CHANGE 21  -8.94 22  -7.05 23  -8.04 24  -6.37 25  -6.65 26  -4.37
ABUNDANCE CHANGE 27  -7.12 28  -5.79 29  -7.83 30  -7.44 31  -9.16 32  -8.63
ABUNDANCE CHANGE 33  -9.67 34  -8.69 35  -9.41 36  -8.81 37  -9.44 38  -9.14
ABUNDANCE CHANGE 39  -9.80 40  -9.54 41 -10.62 42 -10.12 43 -20.00 44 -10.20
ABUNDANCE CHANGE 45 -10.92 46 -10.35 47 -11.10 48 -10.18 49 -10.58 50 -10.04
ABUNDANCE CHANGE 51 -11.04 52  -9.80 53 -10.53 54  -9.81 55 -10.92 56  -9.91
ABUNDANCE CHANGE 57 -10.82 58 -10.49 59 -11.33 60 -10.54 61 -20.00 62 -11.04
ABUNDANCE CHANGE 63 -11.53 64 -10.92 65 -11.94 66 -10.94 67 -11.78 68 -11.11
ABUNDANCE CHANGE 69 -12.04 70 -10.96 71 -11.28 72 -11.16 73 -11.91 74 -10.93
ABUNDANCE CHANGE 75 -11.77 76 -10.59 77 -10.69 78 -10.24 79 -11.03 80 -10.95
ABUNDANCE CHANGE 81 -11.14 82 -10.19 83 -11.33 84 -20.00 85 -20.00 86 -20.00
ABUNDANCE CHANGE 87 -20.00 88 -20.00 89 -20.00 90 -11.92 91 -20.00 92 -12.51
ABUNDANCE CHANGE 93 -20.00 94 -20.00 95 -20.00 96 -20.00 97 -20.00 98 -20.00
ABUNDANCE CHANGE 99 -20.00
EAD DECK6 64 RHOX,T,P,XNE,ABROSS,ACCRAD,VTURB
4.98334337E-06  11616.3 1.561E-01 4.831E+10 3.307E-01 3.046E+02 2.000E+05
5.37503020E-06  11875.9 1.683E-01 5.110E+10 3.307E-01 2.921E+02 2.000E+05
7.16399534E-06  11876.9 2.244E-01 6.802E+10 3.321E-01 3.066E+02 2.000E+05
9.53830968E-06  11920.5 2.987E-01 9.013E+10 3.340E-01 3.202E+02 2.000E+05
1.26826454E-05  11988.0 3.971E-01 1.190E+11 3.368E-01 3.308E+02 2.000E+05
1.68375874E-05  12061.6 5.271E-01 1.569E+11 3.401E-01 3.419E+02 2.000E+05
2.23186676E-05  12149.7 6.985E-01 2.063E+11 3.442E-01 3.532E+02 2.000E+05
2.95316608E-05  12246.0 9.240E-01 2.706E+11 3.492E-01 3.652E+02 2.000E+05
3.89987691E-05  12370.8 1.220E+00 3.536E+11 3.552E-01 3.723E+02 2.000E+05
5.13903260E-05  12504.6 1.607E+00 4.608E+11 3.624E-01 3.763E+02 2.000E+05
6.75651549E-05  12654.9 2.113E+00 5.986E+11 3.708E-01 3.743E+02 2.000E+05
8.86063391E-05  12809.3 2.770E+00 7.756E+11 3.809E-01 3.691E+02 2.000E+05
1.15868758E-04  12955.0 3.622E+00 1.003E+12 3.927E-01 3.664E+02 2.000E+05
1.51051938E-04  13095.8 4.722E+00 1.293E+12 4.066E-01 3.646E+02 2.000E+05
1.96272777E-04  13227.3 6.135E+00 1.663E+12 4.228E-01 3.637E+02 2.000E+05
2.54131792E-04  13347.0 7.944E+00 2.134E+12 4.417E-01 3.652E+02 2.000E+05
3.27773032E-04  13452.9 1.025E+01 2.729E+12 4.639E-01 3.711E+02 2.000E+05
4.20953868E-04  13548.5 1.316E+01 3.477E+12 4.905E-01 3.837E+02 2.000E+05
5.38135337E-04  13635.8 1.682E+01 4.411E+12 5.215E-01 4.020E+02 2.000E+05
6.84723085E-04  13721.4 2.139E+01 5.571E+12 5.572E-01 4.252E+02 2.000E+05
8.67236628E-04  13810.6 2.708E+01 7.002E+12 5.980E-01 4.522E+02 2.000E+05
1.09357260E-03  13908.3 3.413E+01 8.757E+12 6.442E-01 4.822E+02 2.000E+05
1.37326026E-03  14018.5 4.284E+01 1.090E+13 6.962E-01 5.140E+02 2.000E+05
1.71799843E-03  14139.7 5.356E+01 1.350E+13 7.540E-01 5.456E+02 2.000E+05
2.14176805E-03  14272.8 6.672E+01 1.666E+13 8.192E-01 5.781E+02 2.000E+05
2.66142435E-03  14412.6 8.285E+01 2.049E+13 8.914E-01 6.103E+02 2.000E+05
3.29767604E-03  14557.5 1.026E+02 2.511E+13 9.718E-01 6.436E+02 2.000E+05
4.07469036E-03  14706.5 1.266E+02 3.069E+13 1.063E+00 6.811E+02 2.000E+05
5.02119008E-03  14855.2 1.559E+02 3.741E+13 1.164E+00 7.218E+02 2.000E+05
6.17203664E-03  15002.4 1.914E+02 4.549E+13 1.278E+00 7.679E+02 2.000E+05
7.56875081E-03  15147.6 2.345E+02 5.519E+13 1.406E+00 8.218E+02 2.000E+05
9.26130066E-03  15292.9 2.866E+02 6.680E+13 1.548E+00 8.866E+02 2.000E+05
1.13097589E-02  15444.8 3.494E+02 8.066E+13 1.706E+00 9.655E+02 2.000E+05
1.37880425E-02  15610.6 4.253E+02 9.715E+13 1.880E+00 1.057E+03 2.000E+05
1.67925153E-02  15796.0 5.170E+02 1.167E+14 2.064E+00 1.158E+03 2.000E+05
2.04456233E-02  16012.0 6.281E+02 1.400E+14 2.261E+00 1.270E+03 2.000E+05
2.49057381E-02  16265.8 7.632E+02 1.677E+14 2.462E+00 1.386E+03 2.000E+05
3.03871812E-02  16562.6 9.286E+02 2.006E+14 2.662E+00 1.503E+03 2.000E+05
3.71747275E-02  16917.2 1.133E+03 2.399E+14 2.856E+00 1.619E+03 2.000E+05
4.56482512E-02  17334.1 1.386E+03 2.871E+14 3.038E+00 1.727E+03 2.000E+05
5.63268330E-02  17819.8 1.705E+03 3.441E+14 3.200E+00 1.824E+03 2.000E+05
6.98843982E-02  18391.8 2.108E+03 4.128E+14 3.352E+00 1.912E+03 2.000E+05
8.72141099E-02  19050.9 2.623E+03 4.964E+14 3.484E+00 1.983E+03 2.000E+05
1.09523721E-01  19807.0 3.283E+03 5.982E+14 3.600E+00 2.039E+03 2.000E+05
1.38354860E-01  20663.7 4.136E+03 7.227E+14 3.712E+00 2.073E+03 2.000E+05
1.75618758E-01  21617.7 5.236E+03 8.750E+14 3.833E+00 2.101E+03 2.000E+05
2.23718643E-01  22671.2 6.656E+03 1.061E+15 3.961E+00 2.122E+03 2.000E+05
2.85860249E-01  23820.5 8.489E+03 1.288E+15 4.089E+00 2.125E+03 2.000E+05
3.65820381E-01  25072.6 1.085E+04 1.564E+15 4.254E+00 2.149E+03 2.000E+05
4.67662999E-01  26428.2 1.385E+04 1.894E+15 4.480E+00 2.188E+03 2.000E+05
5.96505847E-01  27898.6 1.764E+04 2.285E+15 4.726E+00 2.247E+03 2.000E+05
7.58089042E-01  29500.2 2.237E+04 2.742E+15 5.063E+00 2.351E+03 2.000E+05
9.59265395E-01  31252.4 2.825E+04 3.269E+15 5.422E+00 2.477E+03 2.000E+05
1.20770411E+00  33176.0 3.547E+04 3.868E+15 5.900E+00 2.660E+03 2.000E+05
1.51092298E+00  35286.1 4.422E+04 4.541E+15 6.467E+00 2.889E+03 2.000E+05
1.87928623E+00  37602.3 5.475E+04 5.298E+15 7.104E+00 3.146E+03 2.000E+05
2.32584918E+00  40133.4 6.740E+04 6.157E+15 7.813E+00 3.437E+03 2.000E+05
2.87751957E+00  42907.7 8.290E+04 7.153E+15 8.233E+00 3.597E+03 2.000E+05
3.60062335E+00  45923.5 1.032E+05 8.387E+15 8.115E+00 3.561E+03 2.000E+05
4.60814401E+00  49206.7 1.316E+05 1.003E+16 7.585E+00 3.340E+03 2.000E+05
6.06084243E+00  52745.7 1.728E+05 1.233E+16 6.961E+00 3.061E+03 2.000E+05
8.17640603E+00  56574.8 2.336E+05 1.555E+16 6.381E+00 2.796E+03 2.000E+05
1.12555445E+01  60707.0 3.228E+05 2.003E+16 5.838E+00 2.528E+03 2.000E+05
1.56942026E+01  65123.3 4.523E+05 2.617E+16 5.409E+00 2.375E+03 2.000E+05
RADK 4.2347E+02
EGIN                    ITERATION   9 COMPLETED
