EFF  25000.  GRAVITY 5.00000 LTE 
ITLE SDSC GRID  [-1.0]   VTURB 2.0 KM/S                                        
OPACITY IFOP 1 1 1 1 1 1 1 1 1 1 1 1 1 0 1 0 0 0 0 0
CONVECTION OFF  1.00 TURBULENCE OFF  0.00  0.00  0.00  0.00
BUNDANCE SCALE   0.10000 ABUNDANCE CHANGE 1 0.91100 2 0.08900
ABUNDANCE CHANGE  3 -10.88  4 -10.89  5  -9.44  6  -3.48  7  -3.99  8  -3.11
ABUNDANCE CHANGE  9  -7.48 10  -3.95 11  -5.71 12  -4.46 13  -5.57 14  -4.49
ABUNDANCE CHANGE 15  -6.59 16  -4.83 17  -6.54 18  -5.48 19  -6.82 20  -5.68
ABUNDANCE CHANGE 21  -8.94 22  -7.05 23  -8.04 24  -6.37 25  -6.65 26  -4.37
ABUNDANCE CHANGE 27  -7.12 28  -5.79 29  -7.83 30  -7.44 31  -9.16 32  -8.63
ABUNDANCE CHANGE 33  -9.67 34  -8.69 35  -9.41 36  -8.81 37  -9.44 38  -9.14
ABUNDANCE CHANGE 39  -9.80 40  -9.54 41 -10.62 42 -10.12 43 -20.00 44 -10.20
ABUNDANCE CHANGE 45 -10.92 46 -10.35 47 -11.10 48 -10.18 49 -10.58 50 -10.04
ABUNDANCE CHANGE 51 -11.04 52  -9.80 53 -10.53 54  -9.81 55 -10.92 56  -9.91
ABUNDANCE CHANGE 57 -10.82 58 -10.49 59 -11.33 60 -10.54 61 -20.00 62 -11.04
ABUNDANCE CHANGE 63 -11.53 64 -10.92 65 -11.94 66 -10.94 67 -11.78 68 -11.11
ABUNDANCE CHANGE 69 -12.04 70 -10.96 71 -11.28 72 -11.16 73 -11.91 74 -10.93
ABUNDANCE CHANGE 75 -11.77 76 -10.59 77 -10.69 78 -10.24 79 -11.03 80 -10.95
ABUNDANCE CHANGE 81 -11.14 82 -10.19 83 -11.33 84 -20.00 85 -20.00 86 -20.00
ABUNDANCE CHANGE 87 -20.00 88 -20.00 89 -20.00 90 -11.92 91 -20.00 92 -12.51
ABUNDANCE CHANGE 93 -20.00 94 -20.00 95 -20.00 96 -20.00 97 -20.00 98 -20.00
ABUNDANCE CHANGE 99 -20.00
EAD DECK6 64 RHOX,T,P,XNE,ABROSS,ACCRAD,VTURB
4.84220726E-06  13845.8 4.826E-01 1.262E+11 3.382E-01 3.728E+02 2.000E+05
5.23953450E-06  13877.9 5.222E-01 1.362E+11 3.382E-01 3.713E+02 2.000E+05
6.98146715E-06  13878.9 6.958E-01 1.814E+11 3.406E-01 3.840E+02 2.000E+05
9.28962105E-06  13879.9 9.258E-01 2.414E+11 3.435E-01 3.994E+02 2.000E+05
1.23428371E-05  13880.9 1.230E+00 3.205E+11 3.472E-01 4.172E+02 2.000E+05
1.63671624E-05  13893.3 1.631E+00 4.245E+11 3.517E-01 4.373E+02 2.000E+05
2.16571421E-05  13918.6 2.157E+00 5.604E+11 3.574E-01 4.595E+02 2.000E+05
2.85870481E-05  13958.0 2.847E+00 7.372E+11 3.645E-01 4.837E+02 2.000E+05
3.76300195E-05  14011.3 3.747E+00 9.663E+11 3.731E-01 5.095E+02 2.000E+05
4.93850156E-05  14075.5 4.916E+00 1.262E+12 3.835E-01 5.379E+02 2.000E+05
6.45998985E-05  14152.1 6.429E+00 1.640E+12 3.960E-01 5.674E+02 2.000E+05
8.42082485E-05  14246.7 8.378E+00 2.123E+12 4.106E-01 5.948E+02 2.000E+05
1.09362625E-04  14353.5 1.088E+01 2.735E+12 4.278E-01 6.209E+02 2.000E+05
1.41480568E-04  14472.0 1.407E+01 3.508E+12 4.478E-01 6.446E+02 2.000E+05
1.82295593E-04  14591.7 1.812E+01 4.480E+12 4.710E-01 6.680E+02 2.000E+05
2.33911523E-04  14709.3 2.325E+01 5.700E+12 4.978E-01 6.935E+02 2.000E+05
2.98851156E-04  14819.9 2.970E+01 7.224E+12 5.290E-01 7.249E+02 2.000E+05
3.80100110E-04  14925.8 3.776E+01 9.117E+12 5.654E-01 7.642E+02 2.000E+05
4.81190998E-04  15025.9 4.779E+01 1.146E+13 6.075E-01 8.136E+02 2.000E+05
6.06345432E-04  15123.1 6.020E+01 1.433E+13 6.558E-01 8.741E+02 2.000E+05
7.60654284E-04  15222.7 7.549E+01 1.785E+13 7.105E-01 9.452E+02 2.000E+05
9.50312226E-04  15329.0 9.427E+01 2.212E+13 7.718E-01 1.026E+03 2.000E+05
1.18284188E-03  15449.0 1.173E+02 2.730E+13 8.404E-01 1.113E+03 2.000E+05
1.46746616E-03  15583.1 1.454E+02 3.355E+13 9.159E-01 1.204E+03 2.000E+05
1.81567716E-03  15732.2 1.798E+02 4.108E+13 9.984E-01 1.296E+03 2.000E+05
2.24167201E-03  15897.0 2.218E+02 5.016E+13 1.088E+00 1.386E+03 2.000E+05
2.76252796E-03  16075.9 2.732E+02 6.108E+13 1.188E+00 1.476E+03 2.000E+05
3.39883052E-03  16266.9 3.358E+02 7.422E+13 1.297E+00 1.565E+03 2.000E+05
4.17501991E-03  16466.8 4.122E+02 9.001E+13 1.419E+00 1.658E+03 2.000E+05
5.12016720E-03  16669.7 5.051E+02 1.090E+14 1.555E+00 1.760E+03 2.000E+05
6.26941767E-03  16875.5 6.179E+02 1.317E+14 1.707E+00 1.879E+03 2.000E+05
7.66527553E-03  17086.2 7.548E+02 1.589E+14 1.874E+00 2.018E+03 2.000E+05
9.36018938E-03  17306.6 9.207E+02 1.914E+14 2.058E+00 2.183E+03 2.000E+05
1.14188128E-02  17545.7 1.122E+03 2.301E+14 2.259E+00 2.376E+03 2.000E+05
1.39225042E-02  17811.4 1.366E+03 2.761E+14 2.474E+00 2.591E+03 2.000E+05
1.69755139E-02  18112.0 1.663E+03 3.306E+14 2.701E+00 2.824E+03 2.000E+05
2.07143874E-02  18455.1 2.026E+03 3.954E+14 2.933E+00 3.067E+03 2.000E+05
2.53208643E-02  18850.8 2.472E+03 4.726E+14 3.165E+00 3.316E+03 2.000E+05
3.10368727E-02  19311.4 3.024E+03 5.646E+14 3.389E+00 3.563E+03 2.000E+05
3.81776141E-02  19851.3 3.712E+03 6.745E+14 3.607E+00 3.797E+03 2.000E+05
4.71536507E-02  20472.6 4.574E+03 8.064E+14 3.815E+00 3.998E+03 2.000E+05
5.84958880E-02  21181.6 5.662E+03 9.651E+14 4.019E+00 4.176E+03 2.000E+05
7.28728739E-02  21983.1 7.038E+03 1.156E+15 4.224E+00 4.332E+03 2.000E+05
9.11460946E-02  22879.8 8.785E+03 1.387E+15 4.426E+00 4.447E+03 2.000E+05
1.14387712E-01  23870.3 1.101E+04 1.666E+15 4.646E+00 4.538E+03 2.000E+05
1.43834934E-01  24956.1 1.381E+04 2.000E+15 4.903E+00 4.636E+03 2.000E+05
1.80945248E-01  26134.1 1.735E+04 2.399E+15 5.200E+00 4.733E+03 2.000E+05
2.27544221E-01  27407.3 2.179E+04 2.873E+15 5.530E+00 4.849E+03 2.000E+05
2.85811497E-01  28789.0 2.733E+04 3.430E+15 5.915E+00 5.008E+03 2.000E+05
3.58195165E-01  30291.0 3.420E+04 4.080E+15 6.369E+00 5.225E+03 2.000E+05
4.47655248E-01  31934.0 4.266E+04 4.829E+15 6.887E+00 5.499E+03 2.000E+05
5.57504480E-01  33733.2 5.302E+04 5.685E+15 7.508E+00 5.860E+03 2.000E+05
6.91876078E-01  35710.9 6.564E+04 6.658E+15 8.186E+00 6.281E+03 2.000E+05
8.55602795E-01  37884.9 8.095E+04 7.763E+15 8.989E+00 6.791E+03 2.000E+05
1.05417185E+00  40270.2 9.940E+04 9.020E+15 9.877E+00 7.367E+03 2.000E+05
1.29765742E+00  42886.1 1.219E+05 1.048E+16 1.058E+01 7.769E+03 2.000E+05
1.61107089E+00  45738.4 1.508E+05 1.226E+16 1.059E+01 7.734E+03 2.000E+05
2.04667010E+00  48859.6 1.911E+05 1.463E+16 9.826E+00 7.193E+03 2.000E+05
2.68294769E+00  52247.0 2.504E+05 1.799E+16 8.852E+00 6.496E+03 2.000E+05
3.62596843E+00  55948.5 3.389E+05 2.278E+16 7.995E+00 5.852E+03 2.000E+05
5.00828390E+00  59945.9 4.694E+05 2.948E+16 7.323E+00 5.307E+03 2.000E+05
7.00494332E+00  64270.0 6.590E+05 3.861E+16 6.813E+00 4.884E+03 2.000E+05
9.84929590E+00  68943.2 9.301E+05 5.082E+16 6.407E+00 4.509E+03 2.000E+05
1.38374384E+01  73956.1 1.311E+06 6.679E+16 6.118E+00 4.351E+03 2.000E+05
RADK 7.0906E+02
EGIN                    ITERATION   9 COMPLETED
