TEFF   7000.  GRAVITY 4.00000 LTE 
TITLE SDSC GRID  [+0.2]   VTURB 2.0 KM/S    L/H 1.25                            
 OPACITY IFOP 1 1 1 1 1 1 1 1 1 1 1 1 1 0 1 0 0 0 0 0
 CONVECTION ON   1.25 TURBULENCE OFF  0.00  0.00  0.00  0.00
ABUNDANCE SCALE   1.58490 ABUNDANCE CHANGE 1 0.91100 2 0.08900
 ABUNDANCE CHANGE  3 -10.88  4 -10.89  5  -9.44  6  -3.48  7  -3.99  8  -3.11
 ABUNDANCE CHANGE  9  -7.48 10  -3.95 11  -5.71 12  -4.46 13  -5.57 14  -4.49
 ABUNDANCE CHANGE 15  -6.59 16  -4.83 17  -6.54 18  -5.48 19  -6.82 20  -5.68
 ABUNDANCE CHANGE 21  -8.94 22  -7.05 23  -8.04 24  -6.37 25  -6.65 26  -4.37
 ABUNDANCE CHANGE 27  -7.12 28  -5.79 29  -7.83 30  -7.44 31  -9.16 32  -8.63
 ABUNDANCE CHANGE 33  -9.67 34  -8.69 35  -9.41 36  -8.81 37  -9.44 38  -9.14
 ABUNDANCE CHANGE 39  -9.80 40  -9.54 41 -10.62 42 -10.12 43 -20.00 44 -10.20
 ABUNDANCE CHANGE 45 -10.92 46 -10.35 47 -11.10 48 -10.18 49 -10.58 50 -10.04
 ABUNDANCE CHANGE 51 -11.04 52  -9.80 53 -10.53 54  -9.81 55 -10.92 56  -9.91
 ABUNDANCE CHANGE 57 -10.82 58 -10.49 59 -11.33 60 -10.54 61 -20.00 62 -11.04
 ABUNDANCE CHANGE 63 -11.53 64 -10.92 65 -11.94 66 -10.94 67 -11.78 68 -11.11
 ABUNDANCE CHANGE 69 -12.04 70 -10.96 71 -11.28 72 -11.16 73 -11.91 74 -10.93
 ABUNDANCE CHANGE 75 -11.77 76 -10.59 77 -10.69 78 -10.24 79 -11.03 80 -10.95
 ABUNDANCE CHANGE 81 -11.14 82 -10.19 83 -11.33 84 -20.00 85 -20.00 86 -20.00
 ABUNDANCE CHANGE 87 -20.00 88 -20.00 89 -20.00 90 -11.92 91 -20.00 92 -12.51
 ABUNDANCE CHANGE 93 -20.00 94 -20.00 95 -20.00 96 -20.00 97 -20.00 98 -20.00
 ABUNDANCE CHANGE 99 -20.00
READ DECK6 72 RHOX,T,P,XNE,ABROSS,ACCRAD,VTURB
 3.59409084E-04   4514.9 3.594E+00 2.416E+09 3.710E-04 1.984E-01 2.000E+05 0.000E+00 0.000E+00
 4.76552625E-04   4530.6 4.765E+00 3.024E+09 3.883E-04 2.052E-01 2.000E+05 0.000E+00 0.000E+00
 6.24834210E-04   4547.0 6.248E+00 3.766E+09 4.116E-04 2.088E-01 2.000E+05 0.000E+00 0.000E+00
 8.09988072E-04   4565.2 8.100E+00 4.680E+09 4.426E-04 2.119E-01 2.000E+05 0.000E+00 0.000E+00
 1.03803478E-03   4585.2 1.038E+01 5.797E+09 4.825E-04 2.154E-01 2.000E+05 0.000E+00 0.000E+00
 1.31519989E-03   4607.0 1.315E+01 7.154E+09 5.323E-04 2.206E-01 2.000E+05 0.000E+00 0.000E+00
 1.64878024E-03   4630.1 1.649E+01 8.788E+09 5.920E-04 2.247E-01 2.000E+05 0.000E+00 0.000E+00
 2.04732234E-03   4654.5 2.047E+01 1.075E+10 6.628E-04 2.278E-01 2.000E+05 0.000E+00 0.000E+00
 2.52081220E-03   4680.0 2.521E+01 1.310E+10 7.459E-04 2.299E-01 2.000E+05 0.000E+00 0.000E+00
 3.08057769E-03   4706.7 3.081E+01 1.592E+10 8.432E-04 2.308E-01 2.000E+05 0.000E+00 0.000E+00
 3.73920761E-03   4734.5 3.739E+01 1.928E+10 9.579E-04 2.325E-01 2.000E+05 0.000E+00 0.000E+00
 4.51129003E-03   4763.2 4.511E+01 2.327E+10 1.091E-03 2.328E-01 2.000E+05 0.000E+00 0.000E+00
 5.41432945E-03   4792.4 5.414E+01 2.801E+10 1.245E-03 2.323E-01 2.000E+05 0.000E+00 0.000E+00
 6.46755206E-03   4822.0 6.467E+01 3.360E+10 1.426E-03 2.327E-01 2.000E+05 0.000E+00 0.000E+00
 7.69356347E-03   4852.0 7.693E+01 4.022E+10 1.634E-03 2.324E-01 2.000E+05 0.000E+00 0.000E+00
 9.11980791E-03   4882.4 9.119E+01 4.802E+10 1.873E-03 2.312E-01 2.000E+05 0.000E+00 0.000E+00
 1.07778365E-02   4912.8 1.078E+02 5.720E+10 2.150E-03 2.308E-01 2.000E+05 0.000E+00 0.000E+00
 1.27038652E-02   4943.4 1.270E+02 6.799E+10 2.469E-03 2.312E-01 2.000E+05 0.000E+00 0.000E+00
 1.49402056E-02   4974.1 1.494E+02 8.067E+10 2.835E-03 2.309E-01 2.000E+05 0.000E+00 0.000E+00
 1.75384678E-02   5004.8 1.754E+02 9.554E+10 3.253E-03 2.303E-01 2.000E+05 0.000E+00 0.000E+00
 2.05556948E-02   5035.3 2.055E+02 1.129E+11 3.738E-03 2.320E-01 2.000E+05 0.000E+00 0.000E+00
 2.40567033E-02   5066.1 2.406E+02 1.334E+11 4.297E-03 2.346E-01 2.000E+05 0.000E+00 0.000E+00
 2.81178441E-02   5097.3 2.812E+02 1.574E+11 4.939E-03 2.374E-01 2.000E+05 0.000E+00 0.000E+00
 3.28276596E-02   5128.8 3.283E+02 1.856E+11 5.681E-03 2.410E-01 2.000E+05 0.000E+00 0.000E+00
 3.82840883E-02   5160.9 3.828E+02 2.188E+11 6.543E-03 2.470E-01 2.000E+05 0.000E+00 0.000E+00
 4.45999259E-02   5193.9 4.460E+02 2.582E+11 7.541E-03 2.529E-01 2.000E+05 0.000E+00 0.000E+00
 5.19060381E-02   5227.8 5.190E+02 3.048E+11 8.695E-03 2.587E-01 2.000E+05 0.000E+00 0.000E+00
 6.03541400E-02   5262.5 6.035E+02 3.599E+11 1.003E-02 2.643E-01 2.000E+05 0.000E+00 0.000E+00
 7.01205732E-02   5297.9 7.012E+02 4.251E+11 1.157E-02 2.698E-01 2.000E+05 0.000E+00 0.000E+00
 8.14106038E-02   5333.9 8.141E+02 5.022E+11 1.335E-02 2.753E-01 2.000E+05 0.000E+00 0.000E+00
 9.44629598E-02   5370.6 9.446E+02 5.933E+11 1.539E-02 2.806E-01 2.000E+05 0.000E+00 0.000E+00
 1.09533063E-01   5407.2 1.095E+03 7.002E+11 1.781E-02 2.924E-01 2.000E+05 0.000E+00 0.000E+00
 1.26895156E-01   5444.9 1.269E+03 8.271E+11 2.062E-02 3.061E-01 2.000E+05 0.000E+00 0.000E+00
 1.46887104E-01   5483.5 1.469E+03 9.774E+11 2.388E-02 3.207E-01 2.000E+05 0.000E+00 0.000E+00
 1.69907240E-01   5522.7 1.699E+03 1.155E+12 2.765E-02 3.363E-01 2.000E+05 0.000E+00 0.000E+00
 1.96424886E-01   5562.4 1.964E+03 1.365E+12 3.200E-02 3.535E-01 2.000E+05 0.000E+00 0.000E+00
 2.26989491E-01   5602.5 2.270E+03 1.612E+12 3.701E-02 3.725E-01 2.000E+05 0.000E+00 0.000E+00
 2.62241874E-01   5642.8 2.622E+03 1.903E+12 4.278E-02 3.942E-01 2.000E+05 0.000E+00 0.000E+00
 3.02922921E-01   5683.6 3.029E+03 2.247E+12 4.943E-02 4.191E-01 2.000E+05 0.000E+00 0.000E+00
 3.49857917E-01   5725.2 3.498E+03 2.654E+12 5.717E-02 4.499E-01 2.000E+05 0.000E+00 0.000E+00
 4.03919446E-01   5768.2 4.039E+03 3.141E+12 6.626E-02 4.878E-01 2.000E+05 0.000E+00 0.000E+00
 4.66009555E-01   5813.0 4.660E+03 3.724E+12 7.707E-02 5.355E-01 2.000E+05 0.000E+00 0.000E+00
 5.37085821E-01   5860.9 5.371E+03 4.435E+12 8.991E-02 5.923E-01 2.000E+05 0.000E+00 0.000E+00
 6.18166702E-01   5912.6 6.181E+03 5.309E+12 1.053E-01 6.605E-01 2.000E+05 0.000E+00 0.000E+00
 7.10225968E-01   5969.1 7.102E+03 6.400E+12 1.241E-01 7.439E-01 2.000E+05 0.000E+00 0.000E+00
 8.14087066E-01   6032.1 8.140E+03 7.790E+12 1.472E-01 8.477E-01 2.000E+05 0.000E+00 0.000E+00
 9.30287837E-01   6103.5 9.302E+03 9.599E+12 1.763E-01 9.795E-01 2.000E+05 0.000E+00 0.000E+00
 1.05873425E+00   6186.2 1.059E+04 1.203E+13 2.144E-01 1.156E+00 2.000E+05 3.846E-10 0.000E+00
 1.19804259E+00   6284.3 1.198E+04 1.541E+13 2.667E-01 1.408E+00 2.000E+05 1.757E-09 0.000E+00
 1.34558902E+00   6401.8 1.345E+04 2.029E+13 3.396E-01 1.761E+00 2.000E+05 2.340E-08 0.000E+00
 1.49888742E+00   6537.5 1.499E+04 2.733E+13 4.415E-01 2.314E+00 2.000E+05 5.421E-06 0.000E+00
 1.64400031E+00   6786.3 1.644E+04 4.387E+13 6.766E-01 3.511E+00 2.000E+05 6.608E-04 1.123E+03
 1.76642727E+00   7057.9 1.766E+04 7.057E+13 1.053E+00 5.011E+00 2.000E+05 3.476E-02 1.623E+03
 1.88030402E+00   7241.8 1.880E+04 9.647E+13 1.421E+00 6.020E+00 2.000E+05 9.793E-02 1.276E+03
 1.99631640E+00   7393.7 1.996E+04 1.243E+14 1.819E+00 6.983E+00 2.000E+05 1.616E-01 2.166E+03
 2.11506002E+00   7582.2 2.115E+04 1.667E+14 2.440E+00 8.657E+00 2.000E+05 2.245E-01 5.993E+03
 2.23046942E+00   7804.6 2.230E+04 2.303E+14 3.417E+00 1.116E+01 2.000E+05 2.836E-01 1.474E+04
 2.33911826E+00   8052.2 2.338E+04 3.219E+14 4.908E+00 1.497E+01 2.000E+05 3.354E-01 3.821E+04
 2.43593805E+00   8365.5 2.435E+04 4.737E+14 7.621E+00 2.164E+01 2.000E+05 3.812E-01 8.145E+04
 2.51939933E+00   8689.0 2.518E+04 6.817E+14 1.178E+01 3.165E+01 2.000E+05 4.166E-01 1.396E+05
 2.58775031E+00   9105.1 2.586E+04 1.036E+15 1.997E+01 5.018E+01 2.000E+05 4.514E-01 2.594E+05
 2.64253568E+00   9501.2 2.641E+04 1.476E+15 3.175E+01 5.957E+01 2.000E+05 5.755E-01 3.974E+05
 2.69226862E+00   9798.3 2.690E+04 1.879E+15 4.367E+01 5.333E+01 2.000E+05 7.339E-01 4.353E+05
 2.74268050E+00  10039.3 2.740E+04 2.254E+15 5.549E+01 4.559E+01 2.000E+05 8.144E-01 4.419E+05
 2.79699309E+00  10251.2 2.795E+04 2.621E+15 6.734E+01 4.086E+01 2.000E+05 8.655E-01 4.509E+05
 2.85709228E+00  10463.4 2.854E+04 3.019E+15 8.066E+01 3.758E+01 2.000E+05 8.980E-01 4.570E+05
 2.92483891E+00  10662.5 2.922E+04 3.424E+15 9.441E+01 3.460E+01 2.000E+05 9.186E-01 4.586E+05
 3.00221200E+00  10872.5 2.999E+04 3.876E+15 1.100E+02 3.308E+01 2.000E+05 9.344E-01 4.652E+05
 3.09127814E+00  11084.5 3.088E+04 4.358E+15 1.266E+02 3.129E+01 2.000E+05 9.451E-01 4.662E+05
 3.19496154E+00  11309.5 3.191E+04 4.893E+15 1.444E+02 3.060E+01 2.000E+05 9.537E-01 4.731E+05
 3.31686257E+00  11555.5 3.313E+04 5.494E+15 1.629E+02 2.962E+01 2.000E+05 9.596E-01 4.738E+05
 3.46196884E+00  11815.0 3.457E+04 6.147E+15 1.818E+02 3.047E+01 2.000E+05 9.633E-01 4.816E+05
PRADK 3.1834E+00
BEGIN                    ITERATION  15 COMPLETED
