EFF   3750.  GRAVITY 2.00000 LTE 
ITLE SDSC GRID  [-1.5]   VTURB 2.0 KM/S    L/H 1.25                            
OPACITY IFOP 1 1 1 1 1 1 1 1 1 1 1 1 1 0 1 0 0 0 0 0
CONVECTION ON   1.25 TURBULENCE OFF  0.00  0.00  0.00  0.00
BUNDANCE SCALE   0.03162 ABUNDANCE CHANGE 1 0.91100 2 0.08900
ABUNDANCE CHANGE  3 -10.88  4 -10.89  5  -9.44  6  -3.48  7  -3.99  8  -3.11
ABUNDANCE CHANGE  9  -7.48 10  -3.95 11  -5.71 12  -4.46 13  -5.57 14  -4.49
ABUNDANCE CHANGE 15  -6.59 16  -4.83 17  -6.54 18  -5.48 19  -6.82 20  -5.68
ABUNDANCE CHANGE 21  -8.94 22  -7.05 23  -8.04 24  -6.37 25  -6.65 26  -4.37
ABUNDANCE CHANGE 27  -7.12 28  -5.79 29  -7.83 30  -7.44 31  -9.16 32  -8.63
ABUNDANCE CHANGE 33  -9.67 34  -8.69 35  -9.41 36  -8.81 37  -9.44 38  -9.14
ABUNDANCE CHANGE 39  -9.80 40  -9.54 41 -10.62 42 -10.12 43 -20.00 44 -10.20
ABUNDANCE CHANGE 45 -10.92 46 -10.35 47 -11.10 48 -10.18 49 -10.58 50 -10.04
ABUNDANCE CHANGE 51 -11.04 52  -9.80 53 -10.53 54  -9.81 55 -10.92 56  -9.91
ABUNDANCE CHANGE 57 -10.82 58 -10.49 59 -11.33 60 -10.54 61 -20.00 62 -11.04
ABUNDANCE CHANGE 63 -11.53 64 -10.92 65 -11.94 66 -10.94 67 -11.78 68 -11.11
ABUNDANCE CHANGE 69 -12.04 70 -10.96 71 -11.28 72 -11.16 73 -11.91 74 -10.93
ABUNDANCE CHANGE 75 -11.77 76 -10.59 77 -10.69 78 -10.24 79 -11.03 80 -10.95
ABUNDANCE CHANGE 81 -11.14 82 -10.19 83 -11.33 84 -20.00 85 -20.00 86 -20.00
ABUNDANCE CHANGE 87 -20.00 88 -20.00 89 -20.00 90 -11.92 91 -20.00 92 -12.51
ABUNDANCE CHANGE 93 -20.00 94 -20.00 95 -20.00 96 -20.00 97 -20.00 98 -20.00
ABUNDANCE CHANGE 99 -20.00
EAD DECK6 72 RHOX,T,P,XNE,ABROSS,ACCRAD,VTURB
6.52821155E-02   2278.4 6.528E+00 3.956E+06 2.043E-06 2.695E-04 2.000E+05 0.000E+00 0.000E+00
8.60621258E-02   2299.8 8.606E+00 5.254E+06 2.237E-06 2.507E-04 2.000E+05 0.000E+00 0.000E+00
1.11598822E-01   2320.6 1.116E+01 6.783E+06 2.407E-06 2.390E-04 2.000E+05 0.000E+00 0.000E+00
1.43255490E-01   2340.9 1.432E+01 8.678E+06 2.598E-06 2.254E-04 2.000E+05 0.000E+00 0.000E+00
1.82143902E-01   2362.8 1.821E+01 1.106E+07 2.831E-06 2.116E-04 2.000E+05 0.000E+00 0.000E+00
2.29548390E-01   2387.0 2.294E+01 1.404E+07 3.109E-06 1.991E-04 2.000E+05 0.000E+00 0.000E+00
2.87103006E-01   2410.3 2.869E+01 1.767E+07 3.414E-06 1.865E-04 2.000E+05 0.000E+00 0.000E+00
3.57250015E-01   2430.1 3.568E+01 2.203E+07 3.732E-06 1.730E-04 2.000E+05 0.000E+00 0.000E+00
4.42483007E-01   2450.2 4.421E+01 2.737E+07 4.090E-06 1.608E-04 2.000E+05 0.000E+00 0.000E+00
5.45910798E-01   2472.1 5.455E+01 3.397E+07 4.507E-06 1.507E-04 2.000E+05 0.000E+00 0.000E+00
6.70753798E-01   2495.4 6.704E+01 4.208E+07 4.990E-06 1.426E-04 2.000E+05 0.000E+00 0.000E+00
8.20875314E-01   2519.2 8.205E+01 5.198E+07 5.539E-06 1.354E-04 2.000E+05 0.000E+00 0.000E+00
1.00130647E+00   2541.5 1.001E+02 6.390E+07 6.142E-06 1.278E-04 2.000E+05 0.000E+00 0.000E+00
1.21844183E+00   2562.3 1.218E+02 7.823E+07 6.807E-06 1.204E-04 2.000E+05 0.000E+00 0.000E+00
1.47902456E+00   2584.5 1.479E+02 9.577E+07 7.584E-06 1.148E-04 2.000E+05 0.000E+00 0.000E+00
1.79015004E+00   2607.9 1.790E+02 1.172E+08 8.490E-06 1.106E-04 2.000E+05 0.000E+00 0.000E+00
2.15980865E+00   2632.2 2.160E+02 1.432E+08 9.550E-06 1.074E-04 2.000E+05 0.000E+00 0.000E+00
2.59777992E+00   2655.9 2.598E+02 1.745E+08 1.076E-05 1.041E-04 2.000E+05 0.000E+00 0.000E+00
3.11534218E+00   2680.0 3.115E+02 2.123E+08 1.216E-05 1.015E-04 2.000E+05 0.000E+00 0.000E+00
3.72545863E+00   2703.4 3.725E+02 2.574E+08 1.377E-05 9.941E-05 2.000E+05 0.000E+00 0.000E+00
4.44206406E+00   2727.5 4.442E+02 3.119E+08 1.567E-05 9.846E-05 2.000E+05 0.000E+00 0.000E+00
5.27941680E+00   2752.5 5.279E+02 3.777E+08 1.793E-05 9.850E-05 2.000E+05 0.000E+00 0.000E+00
6.25337524E+00   2777.7 6.253E+02 4.566E+08 2.059E-05 9.902E-05 2.000E+05 0.000E+00 0.000E+00
7.38253332E+00   2802.8 7.382E+02 5.508E+08 2.371E-05 1.002E-04 2.000E+05 0.000E+00 0.000E+00
8.68861085E+00   2827.7 8.688E+02 6.625E+08 2.737E-05 1.021E-04 2.000E+05 0.000E+00 0.000E+00
1.01964545E+01   2852.1 1.020E+03 7.947E+08 3.163E-05 1.047E-04 2.000E+05 0.000E+00 0.000E+00
1.19370645E+01   2875.3 1.194E+03 9.488E+08 3.652E-05 1.081E-04 2.000E+05 0.000E+00 0.000E+00
1.39451670E+01   2898.2 1.395E+03 1.131E+09 4.225E-05 1.125E-04 2.000E+05 0.000E+00 0.000E+00
1.62600502E+01   2920.5 1.626E+03 1.343E+09 4.887E-05 1.177E-04 2.000E+05 0.000E+00 0.000E+00
1.89306326E+01   2941.8 1.893E+03 1.589E+09 5.645E-05 1.239E-04 2.000E+05 0.000E+00 0.000E+00
2.20160693E+01   2962.2 2.202E+03 1.874E+09 6.511E-05 1.309E-04 2.000E+05 0.000E+00 0.000E+00
2.55863805E+01   2981.8 2.559E+03 2.204E+09 7.497E-05 1.390E-04 2.000E+05 0.000E+00 0.000E+00
2.97243108E+01   3000.5 2.972E+03 2.585E+09 8.620E-05 1.483E-04 2.000E+05 0.000E+00 0.000E+00
3.45254689E+01   3018.8 3.453E+03 3.026E+09 9.907E-05 1.589E-04 2.000E+05 0.000E+00 0.000E+00
4.00927679E+01   3037.1 4.009E+03 3.542E+09 1.140E-04 1.713E-04 2.000E+05 0.000E+00 0.000E+00
4.65460655E+01   3055.1 4.655E+03 4.140E+09 1.311E-04 1.854E-04 2.000E+05 0.000E+00 0.000E+00
5.40250257E+01   3073.3 5.402E+03 4.838E+09 1.509E-04 2.016E-04 2.000E+05 0.000E+00 0.000E+00
6.26666564E+01   3093.1 6.266E+03 5.671E+09 1.746E-04 2.205E-04 2.000E+05 0.000E+00 0.000E+00
7.26586764E+01   3111.0 7.266E+03 6.611E+09 2.007E-04 2.414E-04 2.000E+05 2.259E-08 0.000E+00
8.41646809E+01   3132.9 8.417E+03 7.776E+09 2.339E-04 2.668E-04 2.000E+05 9.055E-06 0.000E+00
9.74234515E+01   3151.4 9.743E+03 9.061E+09 2.691E-04 2.949E-04 2.000E+05 3.997E-05 0.000E+00
1.12551793E+02   3180.8 1.126E+04 1.082E+10 3.211E-04 3.337E-04 2.000E+05 6.706E-05 0.000E+00
1.29148258E+02   3220.7 1.292E+04 1.321E+10 3.958E-04 3.837E-04 2.000E+05 3.325E-04 3.078E+03
1.47081453E+02   3262.2 1.471E+04 1.611E+10 4.882E-04 4.411E-04 2.000E+05 1.287E-03 1.196E+04
1.66485139E+02   3304.3 1.665E+04 1.958E+10 6.004E-04 5.065E-04 2.000E+05 2.580E-03 5.382E+03
1.87653581E+02   3344.5 1.877E+04 2.360E+10 7.306E-04 5.800E-04 2.000E+05 4.033E-03 1.240E+04
2.10687949E+02   3391.5 2.107E+04 2.884E+10 9.043E-04 6.734E-04 2.000E+05 5.577E-03 2.754E+04
2.35274913E+02   3446.1 2.353E+04 3.575E+10 1.138E-03 7.906E-04 2.000E+05 8.913E-03 3.191E+04
2.61312592E+02   3504.5 2.613E+04 4.443E+10 1.434E-03 9.309E-04 2.000E+05 1.021E-02 3.323E+04
2.88712508E+02   3571.6 2.887E+04 5.590E+10 1.829E-03 1.109E-03 2.000E+05 1.184E-02 3.504E+04
3.17212990E+02   3649.6 3.172E+04 7.124E+10 2.356E-03 1.334E-03 2.000E+05 1.197E-02 3.565E+04
3.46564293E+02   3742.0 3.466E+04 9.194E+10 3.060E-03 1.616E-03 2.000E+05 9.659E-03 3.401E+04
3.76799633E+02   3847.7 3.768E+04 1.186E+11 3.941E-03 1.948E-03 2.000E+05 7.694E-03 3.257E+04
4.08291870E+02   3971.0 4.083E+04 1.524E+11 5.008E-03 2.320E-03 2.000E+05 6.722E-03 3.233E+04
4.41740809E+02   4115.9 4.417E+04 1.944E+11 6.224E-03 2.679E-03 2.000E+05 1.306E-02 3.313E+04
4.77748099E+02   4287.0 4.777E+04 2.498E+11 7.674E-03 2.914E-03 2.000E+05 5.605E-02 2.176E+04
5.17106855E+02   4420.3 5.171E+04 3.145E+11 9.282E-03 3.085E-03 2.000E+05 1.261E-01 1.329E+04
5.59232718E+02   4570.9 5.592E+04 4.300E+11 1.204E-02 3.476E-03 2.000E+05 2.062E-01 1.515E+04
6.01629565E+02   4712.0 6.016E+04 6.159E+11 1.630E-02 4.144E-03 2.000E+05 2.838E-01 2.786E+04
6.41779956E+02   4875.3 6.418E+04 9.733E+11 2.390E-02 5.565E-03 2.000E+05 3.418E-01 6.062E+04
6.77235137E+02   5058.3 6.772E+04 1.657E+12 3.712E-02 8.191E-03 2.000E+05 3.879E-01 9.982E+04
7.06326834E+02   5279.7 7.063E+04 3.112E+12 6.213E-02 1.229E-02 2.000E+05 4.551E-01 1.442E+05
7.30205000E+02   5480.8 7.302E+04 5.391E+12 9.699E-02 1.410E-02 2.000E+05 6.027E-01 1.592E+05
7.51645014E+02   5648.8 7.516E+04 8.358E+12 1.383E-01 1.466E-02 2.000E+05 7.116E-01 1.680E+05
7.71989294E+02   5810.6 7.720E+04 1.250E+13 1.915E-01 1.520E-02 2.000E+05 7.875E-01 1.741E+05
7.92059562E+02   5955.9 7.920E+04 1.767E+13 2.538E-01 1.547E-02 2.000E+05 8.363E-01 1.769E+05
8.12349987E+02   6102.3 8.123E+04 2.467E+13 3.332E-01 1.595E-02 2.000E+05 8.723E-01 1.792E+05
8.33215453E+02   6240.7 8.332E+04 3.341E+13 4.276E-01 1.620E-02 2.000E+05 8.986E-01 1.800E+05
8.54894845E+02   6383.6 8.549E+04 4.510E+13 5.487E-01 1.669E-02 2.000E+05 9.187E-01 1.805E+05
8.77610211E+02   6521.6 8.776E+04 5.963E+13 6.934E-01 1.694E-02 2.000E+05 9.348E-01 1.805E+05
9.01521070E+02   6666.3 9.015E+04 7.895E+13 8.800E-01 1.734E-02 2.000E+05 9.472E-01 1.796E+05
9.26756113E+02   6805.8 9.267E+04 1.025E+14 1.102E+00 1.897E-02 2.000E+05 9.542E-01 1.788E+05
RADK 2.6194E-01
EGIN                    ITERATION  15 COMPLETED
