EFF  12500.  GRAVITY 3.50000 LTE 
ITLE SDSC GRID  [-5.0]   VTURB 2.0 KM/S                                        
OPACITY IFOP 1 1 1 1 1 1 1 1 1 1 1 1 1 0 1 0 0 0 0 0
CONVECTION OFF  1.00 TURBULENCE OFF  0.00  0.00  0.00  0.00
BUNDANCE SCALE   0.00001 ABUNDANCE CHANGE 1 0.91100 2 0.08900
ABUNDANCE CHANGE  3 -10.88  4 -10.89  5  -9.44  6  -3.48  7  -3.99  8  -3.11
ABUNDANCE CHANGE  9  -7.48 10  -3.95 11  -5.71 12  -4.46 13  -5.57 14  -4.49
ABUNDANCE CHANGE 15  -6.59 16  -4.83 17  -6.54 18  -5.48 19  -6.82 20  -5.68
ABUNDANCE CHANGE 21  -8.94 22  -7.05 23  -8.04 24  -6.37 25  -6.65 26  -4.37
ABUNDANCE CHANGE 27  -7.12 28  -5.79 29  -7.83 30  -7.44 31  -9.16 32  -8.63
ABUNDANCE CHANGE 33  -9.67 34  -8.69 35  -9.41 36  -8.81 37  -9.44 38  -9.14
ABUNDANCE CHANGE 39  -9.80 40  -9.54 41 -10.62 42 -10.12 43 -20.00 44 -10.20
ABUNDANCE CHANGE 45 -10.92 46 -10.35 47 -11.10 48 -10.18 49 -10.58 50 -10.04
ABUNDANCE CHANGE 51 -11.04 52  -9.80 53 -10.53 54  -9.81 55 -10.92 56  -9.91
ABUNDANCE CHANGE 57 -10.82 58 -10.49 59 -11.33 60 -10.54 61 -20.00 62 -11.04
ABUNDANCE CHANGE 63 -11.53 64 -10.92 65 -11.94 66 -10.94 67 -11.78 68 -11.11
ABUNDANCE CHANGE 69 -12.04 70 -10.96 71 -11.28 72 -11.16 73 -11.91 74 -10.93
ABUNDANCE CHANGE 75 -11.77 76 -10.59 77 -10.69 78 -10.24 79 -11.03 80 -10.95
ABUNDANCE CHANGE 81 -11.14 82 -10.19 83 -11.33 84 -20.00 85 -20.00 86 -20.00
ABUNDANCE CHANGE 87 -20.00 88 -20.00 89 -20.00 90 -11.92 91 -20.00 92 -12.51
ABUNDANCE CHANGE 93 -20.00 94 -20.00 95 -20.00 96 -20.00 97 -20.00 98 -20.00
ABUNDANCE CHANGE 99 -20.00
EAD DECK6 64 RHOX,T,P,XNE,ABROSS,ACCRAD,VTURB
5.74973742E-06   7836.2 1.809E-02 7.960E+09 2.913E-01 1.388E+01 2.000E+05
6.13706952E-06   7920.8 1.931E-02 8.408E+09 2.913E-01 1.383E+01 2.000E+05
8.15907156E-06   7921.8 2.568E-02 1.117E+10 2.927E-01 1.401E+01 2.000E+05
1.08559602E-05   7922.8 3.416E-02 1.486E+10 2.945E-01 1.425E+01 2.000E+05
1.44231836E-05   7944.4 4.539E-02 1.967E+10 2.968E-01 1.450E+01 2.000E+05
1.91402004E-05   7972.9 6.024E-02 2.600E+10 2.997E-01 1.480E+01 2.000E+05
2.53591122E-05   8007.1 7.981E-02 3.428E+10 3.033E-01 1.513E+01 2.000E+05
3.35445622E-05   8049.2 1.056E-01 4.508E+10 3.077E-01 1.549E+01 2.000E+05
4.42858877E-05   8097.1 1.394E-01 5.911E+10 3.132E-01 1.589E+01 2.000E+05
5.83385310E-05   8150.2 1.836E-01 7.730E+10 3.198E-01 1.632E+01 2.000E+05
7.66562195E-05   8206.0 2.412E-01 1.008E+11 3.277E-01 1.681E+01 2.000E+05
1.00438463E-04   8263.4 3.160E-01 1.310E+11 3.373E-01 1.739E+01 2.000E+05
1.31181173E-04   8322.1 4.127E-01 1.697E+11 3.487E-01 1.806E+01 2.000E+05
1.70737568E-04   8382.2 5.370E-01 2.191E+11 3.622E-01 1.889E+01 2.000E+05
2.21387494E-04   8446.4 6.962E-01 2.816E+11 3.781E-01 1.986E+01 2.000E+05
2.85943460E-04   8518.8 8.991E-01 3.603E+11 3.964E-01 2.094E+01 2.000E+05
3.67877785E-04   8600.4 1.156E+00 4.587E+11 4.173E-01 2.204E+01 2.000E+05
4.71450776E-04   8689.1 1.482E+00 5.815E+11 4.412E-01 2.314E+01 2.000E+05
6.01770384E-04   8775.6 1.891E+00 7.343E+11 4.688E-01 2.427E+01 2.000E+05
7.64740752E-04   8849.0 2.402E+00 9.243E+11 5.017E-01 2.563E+01 2.000E+05
9.66865043E-04   8898.6 3.036E+00 1.160E+12 5.418E-01 2.756E+01 2.000E+05
1.21536516E-03   8928.9 3.814E+00 1.449E+12 5.899E-01 3.024E+01 2.000E+05
1.51856682E-03   8947.5 4.763E+00 1.799E+12 6.468E-01 3.376E+01 2.000E+05
1.88637394E-03   8963.5 5.913E+00 2.221E+12 7.126E-01 3.803E+01 2.000E+05
2.33093476E-03   8985.3 7.301E+00 2.724E+12 7.872E-01 4.291E+01 2.000E+05
2.86663801E-03   9008.6 8.971E+00 3.322E+12 8.724E-01 4.846E+01 2.000E+05
3.51087747E-03   9043.1 1.097E+01 4.032E+12 9.678E-01 5.439E+01 2.000E+05
4.28464066E-03   9082.8 1.338E+01 4.873E+12 1.076E+00 6.077E+01 2.000E+05
5.21167895E-03   9122.6 1.625E+01 5.866E+12 1.199E+00 6.799E+01 2.000E+05
6.31959235E-03   9164.3 1.967E+01 7.038E+12 1.339E+00 7.614E+01 2.000E+05
7.64109206E-03   9207.9 2.374E+01 8.415E+12 1.498E+00 8.536E+01 2.000E+05
9.21485882E-03   9255.2 2.858E+01 1.003E+13 1.679E+00 9.576E+01 2.000E+05
1.10876719E-02   9310.3 3.431E+01 1.193E+13 1.881E+00 1.071E+02 2.000E+05
1.33177521E-02   9377.9 4.111E+01 1.415E+13 2.105E+00 1.189E+02 2.000E+05
1.59745965E-02   9452.9 4.918E+01 1.677E+13 2.357E+00 1.319E+02 2.000E+05
1.91405237E-02   9539.9 5.875E+01 1.984E+13 2.636E+00 1.460E+02 2.000E+05
2.29168958E-02   9641.1 7.011E+01 2.346E+13 2.945E+00 1.611E+02 2.000E+05
2.74316559E-02   9761.8 8.362E+01 2.773E+13 3.280E+00 1.771E+02 2.000E+05
3.28496790E-02   9904.6 9.975E+01 3.277E+13 3.635E+00 1.935E+02 2.000E+05
3.94009455E-02  10079.0 1.192E+02 3.874E+13 3.988E+00 2.084E+02 2.000E+05
4.74062365E-02  10281.7 1.427E+02 4.584E+13 4.330E+00 2.219E+02 2.000E+05
5.73032937E-02  10520.2 1.718E+02 5.435E+13 4.640E+00 2.339E+02 2.000E+05
6.97165874E-02  10800.7 2.081E+02 6.462E+13 4.895E+00 2.434E+02 2.000E+05
8.55557597E-02  11131.0 2.542E+02 7.716E+13 5.069E+00 2.498E+02 2.000E+05
1.06190183E-01  11520.1 3.143E+02 9.271E+13 5.135E+00 2.518E+02 2.000E+05
1.33661618E-01  11976.8 3.943E+02 1.124E+14 5.095E+00 2.496E+02 2.000E+05
1.70920005E-01  12507.3 5.029E+02 1.378E+14 4.970E+00 2.445E+02 2.000E+05
2.22185288E-01  13121.9 6.527E+02 1.710E+14 4.787E+00 2.373E+02 2.000E+05
2.93488933E-01  13831.1 8.616E+02 2.149E+14 4.578E+00 2.285E+02 2.000E+05
3.92570933E-01  14631.3 1.153E+03 2.735E+14 4.417E+00 2.202E+02 2.000E+05
5.28326155E-01  15519.5 1.553E+03 3.506E+14 4.334E+00 2.139E+02 2.000E+05
7.11532069E-01  16488.4 2.093E+03 4.499E+14 4.303E+00 2.087E+02 2.000E+05
9.57539832E-01  17533.9 2.820E+03 5.752E+14 4.272E+00 2.036E+02 2.000E+05
1.28842295E+00  18665.1 3.800E+03 7.319E+14 4.230E+00 1.987E+02 2.000E+05
1.73365610E+00  19890.5 5.121E+03 9.280E+14 4.200E+00 1.952E+02 2.000E+05
2.32903226E+00  21224.4 6.888E+03 1.171E+15 4.207E+00 1.940E+02 2.000E+05
3.11779446E+00  22674.7 9.229E+03 1.470E+15 4.255E+00 1.950E+02 2.000E+05
4.15142134E+00  24255.0 1.229E+04 1.831E+15 4.354E+00 1.983E+02 2.000E+05
5.49024442E+00  25968.7 1.626E+04 2.262E+15 4.508E+00 2.038E+02 2.000E+05
7.20557356E+00  27830.4 2.133E+04 2.769E+15 4.715E+00 2.110E+02 2.000E+05
9.37913830E+00  29842.2 2.773E+04 3.359E+15 4.989E+00 2.203E+02 2.000E+05
1.21053783E+01  32020.2 3.574E+04 4.035E+15 5.330E+00 2.311E+02 2.000E+05
1.54844244E+01  34373.7 4.562E+04 4.804E+15 5.776E+00 2.440E+02 2.000E+05
1.95973143E+01  36907.8 5.762E+04 5.669E+15 6.387E+00 2.435E+02 2.000E+05
RADK 4.3297E+01
EGIN                    ITERATION   6 COMPLETED
