TEFF   5500.  GRAVITY 1.50000 LTE 
TITLE SDSC GRID  [+0.1]   VTURB 2.0 KM/S    L/H 1.25                            
 OPACITY IFOP 1 1 1 1 1 1 1 1 1 1 1 1 1 0 1 0 0 0 0 0
 CONVECTION ON   1.25 TURBULENCE OFF  0.00  0.00  0.00  0.00
ABUNDANCE SCALE   1.25890 ABUNDANCE CHANGE 1 0.91100 2 0.08900
 ABUNDANCE CHANGE  3 -10.88  4 -10.89  5  -9.44  6  -3.48  7  -3.99  8  -3.11
 ABUNDANCE CHANGE  9  -7.48 10  -3.95 11  -5.71 12  -4.46 13  -5.57 14  -4.49
 ABUNDANCE CHANGE 15  -6.59 16  -4.83 17  -6.54 18  -5.48 19  -6.82 20  -5.68
 ABUNDANCE CHANGE 21  -8.94 22  -7.05 23  -8.04 24  -6.37 25  -6.65 26  -4.37
 ABUNDANCE CHANGE 27  -7.12 28  -5.79 29  -7.83 30  -7.44 31  -9.16 32  -8.63
 ABUNDANCE CHANGE 33  -9.67 34  -8.69 35  -9.41 36  -8.81 37  -9.44 38  -9.14
 ABUNDANCE CHANGE 39  -9.80 40  -9.54 41 -10.62 42 -10.12 43 -20.00 44 -10.20
 ABUNDANCE CHANGE 45 -10.92 46 -10.35 47 -11.10 48 -10.18 49 -10.58 50 -10.04
 ABUNDANCE CHANGE 51 -11.04 52  -9.80 53 -10.53 54  -9.81 55 -10.92 56  -9.91
 ABUNDANCE CHANGE 57 -10.82 58 -10.49 59 -11.33 60 -10.54 61 -20.00 62 -11.04
 ABUNDANCE CHANGE 63 -11.53 64 -10.92 65 -11.94 66 -10.94 67 -11.78 68 -11.11
 ABUNDANCE CHANGE 69 -12.04 70 -10.96 71 -11.28 72 -11.16 73 -11.91 74 -10.93
 ABUNDANCE CHANGE 75 -11.77 76 -10.59 77 -10.69 78 -10.24 79 -11.03 80 -10.95
 ABUNDANCE CHANGE 81 -11.14 82 -10.19 83 -11.33 84 -20.00 85 -20.00 86 -20.00
 ABUNDANCE CHANGE 87 -20.00 88 -20.00 89 -20.00 90 -11.92 91 -20.00 92 -12.51
 ABUNDANCE CHANGE 93 -20.00 94 -20.00 95 -20.00 96 -20.00 97 -20.00 98 -20.00
 ABUNDANCE CHANGE 99 -20.00
READ DECK6 72 RHOX,T,P,XNE,ABROSS,ACCRAD,VTURB
 1.70093092E-03   3078.7 5.376E-02 1.579E+07 7.840E-05 1.837E-02 2.000E+05 0.000E+00 0.000E+00
 2.25846883E-03   3117.2 7.138E-02 2.097E+07 8.114E-05 1.817E-02 2.000E+05 0.000E+00 0.000E+00
 2.97624748E-03   3154.8 9.406E-02 2.760E+07 8.411E-05 1.824E-02 2.000E+05 0.000E+00 0.000E+00
 3.89574444E-03   3207.1 1.231E-01 3.637E+07 8.792E-05 1.617E-02 2.000E+05 0.000E+00 0.000E+00
 5.07021195E-03   3254.3 1.602E-01 4.739E+07 9.155E-05 1.465E-02 2.000E+05 0.000E+00 0.000E+00
 6.57432136E-03   3297.2 2.078E-01 6.130E+07 9.534E-05 1.389E-02 2.000E+05 0.000E+00 0.000E+00
 8.49949023E-03   3346.3 2.686E-01 7.910E+07 9.936E-05 1.251E-02 2.000E+05 0.000E+00 0.000E+00
 1.09650805E-02   3391.8 3.466E-01 1.016E+08 1.034E-04 1.131E-02 2.000E+05 0.000E+00 0.000E+00
 1.41219472E-02   3434.3 4.464E-01 1.301E+08 1.078E-04 1.044E-02 2.000E+05 0.000E+00 0.000E+00
 1.81524413E-02   3473.3 5.738E-01 1.660E+08 1.128E-04 9.945E-03 2.000E+05 0.000E+00 0.000E+00
 2.32922703E-02   3516.4 7.363E-01 2.116E+08 1.179E-04 9.169E-03 2.000E+05 0.000E+00 0.000E+00
 2.98302719E-02   3552.9 9.430E-01 2.689E+08 1.239E-04 8.695E-03 2.000E+05 0.000E+00 0.000E+00
 3.81083486E-02   3590.0 1.205E+00 3.408E+08 1.308E-04 8.307E-03 2.000E+05 0.000E+00 0.000E+00
 4.85327978E-02   3625.2 1.534E+00 4.306E+08 1.389E-04 8.066E-03 2.000E+05 0.000E+00 0.000E+00
 6.16068372E-02   3662.2 1.948E+00 5.423E+08 1.479E-04 7.783E-03 2.000E+05 0.000E+00 0.000E+00
 7.79428752E-02   3698.2 2.464E+00 6.807E+08 1.582E-04 7.509E-03 2.000E+05 0.000E+00 0.000E+00
 9.82319877E-02   3733.3 3.105E+00 8.512E+08 1.704E-04 7.282E-03 2.000E+05 0.000E+00 0.000E+00
 1.23303811E-01   3768.8 3.898E+00 1.060E+09 1.843E-04 7.089E-03 2.000E+05 0.000E+00 0.000E+00
 1.54118365E-01   3803.8 4.872E+00 1.315E+09 2.005E-04 6.939E-03 2.000E+05 0.000E+00 0.000E+00
 1.91834649E-01   3839.5 6.065E+00 1.625E+09 2.187E-04 6.791E-03 2.000E+05 0.000E+00 0.000E+00
 2.37830415E-01   3874.6 7.519E+00 2.000E+09 2.397E-04 6.632E-03 2.000E+05 0.000E+00 0.000E+00
 2.93637339E-01   3909.3 9.283E+00 2.452E+09 2.641E-04 6.474E-03 2.000E+05 0.000E+00 0.000E+00
 3.61072098E-01   3943.6 1.142E+01 2.995E+09 2.919E-04 6.350E-03 2.000E+05 0.000E+00 0.000E+00
 4.42230733E-01   3977.5 1.398E+01 3.644E+09 3.241E-04 6.266E-03 2.000E+05 0.000E+00 0.000E+00
 5.39568164E-01   4011.2 1.706E+01 4.418E+09 3.609E-04 6.236E-03 2.000E+05 0.000E+00 0.000E+00
 6.55980380E-01   4044.9 2.074E+01 5.338E+09 4.030E-04 6.200E-03 2.000E+05 0.000E+00 0.000E+00
 7.94778568E-01   4078.6 2.513E+01 6.429E+09 4.514E-04 6.158E-03 2.000E+05 0.000E+00 0.000E+00
 9.59785993E-01   4111.9 3.034E+01 7.720E+09 5.069E-04 6.118E-03 2.000E+05 0.000E+00 0.000E+00
 1.15549963E+00   4144.9 3.653E+01 9.244E+09 5.705E-04 6.127E-03 2.000E+05 0.000E+00 0.000E+00
 1.38709128E+00   4177.8 4.385E+01 1.104E+10 6.437E-04 6.184E-03 2.000E+05 0.000E+00 0.000E+00
 1.66051976E+00   4210.8 5.250E+01 1.315E+10 7.277E-04 6.287E-03 2.000E+05 0.000E+00 0.000E+00
 1.98282048E+00   4244.4 6.269E+01 1.564E+10 8.238E-04 6.388E-03 2.000E+05 0.000E+00 0.000E+00
 2.36221429E+00   4278.1 7.468E+01 1.855E+10 9.339E-04 6.492E-03 2.000E+05 0.000E+00 0.000E+00
 2.80826066E+00   4312.1 8.879E+01 2.198E+10 1.060E-03 6.602E-03 2.000E+05 0.000E+00 0.000E+00
 3.33210475E+00   4346.2 1.053E+02 2.599E+10 1.204E-03 6.738E-03 2.000E+05 0.000E+00 0.000E+00
 3.94638748E+00   4380.4 1.248E+02 3.070E+10 1.370E-03 6.970E-03 2.000E+05 0.000E+00 0.000E+00
 4.66557616E+00   4415.2 1.475E+02 3.621E+10 1.562E-03 7.255E-03 2.000E+05 0.000E+00 0.000E+00
 5.50689356E+00   4451.0 1.741E+02 4.269E+10 1.781E-03 7.552E-03 2.000E+05 0.000E+00 0.000E+00
 6.49064539E+00   4487.4 2.052E+02 5.029E+10 2.031E-03 7.874E-03 2.000E+05 0.000E+00 0.000E+00
 7.64034363E+00   4524.5 2.416E+02 5.921E+10 2.319E-03 8.234E-03 2.000E+05 0.000E+00 0.000E+00
 8.98347908E+00   4562.2 2.840E+02 6.971E+10 2.648E-03 8.644E-03 2.000E+05 0.000E+00 0.000E+00
 1.05497247E+01   4600.9 3.335E+02 8.208E+10 3.031E-03 9.215E-03 2.000E+05 0.000E+00 0.000E+00
 1.23724520E+01   4641.8 3.912E+02 9.672E+10 3.476E-03 9.922E-03 2.000E+05 0.000E+00 0.000E+00
 1.44913722E+01   4685.8 4.581E+02 1.142E+11 3.989E-03 1.071E-02 2.000E+05 0.000E+00 0.000E+00
 1.69513195E+01   4733.3 5.359E+02 1.352E+11 4.586E-03 1.162E-02 2.000E+05 0.000E+00 0.000E+00
 1.98016739E+01   4785.2 6.260E+02 1.607E+11 5.285E-03 1.267E-02 2.000E+05 0.000E+00 0.000E+00
 2.30869308E+01   4843.2 7.298E+02 1.925E+11 6.142E-03 1.408E-02 2.000E+05 0.000E+00 0.000E+00
 2.68439847E+01   4909.3 8.486E+02 2.330E+11 7.186E-03 1.576E-02 2.000E+05 0.000E+00 0.000E+00
 3.11061808E+01   4984.3 9.833E+02 2.864E+11 8.494E-03 1.786E-02 2.000E+05 0.000E+00 0.000E+00
 3.58600183E+01   5073.2 1.134E+03 3.611E+11 1.029E-02 2.100E-02 2.000E+05 4.648E-17 0.000E+00
 4.10175218E+01   5179.5 1.297E+03 4.723E+11 1.285E-02 2.563E-02 2.000E+05 9.651E-14 0.000E+00
 4.64129754E+01   5312.2 1.467E+03 6.555E+11 1.681E-02 3.294E-02 2.000E+05 1.023E-09 0.000E+00
 5.16081386E+01   5503.4 1.631E+03 1.032E+12 2.455E-02 4.588E-02 2.000E+05 1.165E-05 0.000E+00
 5.62949004E+01   5691.5 1.779E+03 1.622E+12 3.601E-02 6.122E-02 2.000E+05 4.508E-02 9.941E+00
 6.07089314E+01   5844.3 1.918E+03 2.343E+12 4.951E-02 7.618E-02 2.000E+05 1.247E-01 2.208E+00
 6.50512884E+01   5987.4 2.055E+03 3.284E+12 6.666E-02 9.533E-02 2.000E+05 1.517E-01 1.613E+02
 6.92639146E+01   6163.3 2.188E+03 4.857E+12 9.451E-02 1.304E-01 2.000E+05 1.813E-01 9.527E+02
 7.30258465E+01   6399.9 2.306E+03 7.909E+12 1.485E-01 1.999E-01 2.000E+05 2.152E-01 3.531E+03
 7.61301154E+01   6673.2 2.404E+03 1.330E+13 2.453E-01 3.153E-01 2.000E+05 2.551E-01 1.110E+04
 7.85898931E+01   6975.1 2.481E+03 2.249E+13 4.204E-01 5.107E-01 2.000E+05 2.998E-01 3.499E+04
 8.04553609E+01   7312.3 2.538E+03 3.827E+13 7.559E-01 8.601E-01 2.000E+05 3.467E-01 8.206E+04
 8.18176054E+01   7675.4 2.580E+03 6.400E+13 1.400E+00 1.488E+00 2.000E+05 3.935E-01 1.266E+05
 8.27724649E+01   8072.9 2.608E+03 1.056E+14 2.690E+00 2.466E+00 2.000E+05 4.550E-01 3.814E+05
 8.34628060E+01   8421.2 2.628E+03 1.558E+14 4.637E+00 2.838E+00 2.000E+05 6.408E-01 6.053E+05
 8.40578393E+01   8657.8 2.645E+03 1.980E+14 6.580E+00 2.394E+00 2.000E+05 7.937E-01 6.516E+05
 8.46465699E+01   8843.4 2.663E+03 2.358E+14 8.531E+00 2.000E+00 2.000E+05 8.615E-01 6.548E+05
 8.52693920E+01   9000.6 2.681E+03 2.710E+14 1.051E+01 1.800E+00 2.000E+05 9.018E-01 6.700E+05
 8.59462645E+01   9159.7 2.701E+03 3.093E+14 1.285E+01 1.652E+00 2.000E+05 9.261E-01 6.755E+05
 8.66976602E+01   9301.6 2.724E+03 3.457E+14 1.522E+01 1.506E+00 2.000E+05 9.421E-01 6.781E+05
 8.75432483E+01   9455.7 2.749E+03 3.868E+14 1.804E+01 1.455E+00 2.000E+05 9.542E-01 6.921E+05
 8.85021545E+01   9607.0 2.778E+03 4.288E+14 2.105E+01 1.338E+00 2.000E+05 9.627E-01 6.856E+05
 8.96033524E+01   9762.3 2.812E+03 4.730E+14 2.437E+01 1.381E+00 2.000E+05 9.673E-01 7.035E+05
PRADK 1.2153E+00
BEGIN                    ITERATION  15 COMPLETED
