TEFF   8250.  GRAVITY 3.00000 LTE 
TITLE SDSC GRID  [-3.0]   VTURB 2.0 KM/S    L/H 1.25                            
 OPACITY IFOP 1 1 1 1 1 1 1 1 1 1 1 1 1 0 1 0 0 0 0 0
 CONVECTION ON   1.25 TURBULENCE OFF  0.00  0.00  0.00  0.00
ABUNDANCE SCALE   0.00100 ABUNDANCE CHANGE 1 0.91100 2 0.08900
 ABUNDANCE CHANGE  3 -10.88  4 -10.89  5  -9.44  6  -3.48  7  -3.99  8  -3.11
 ABUNDANCE CHANGE  9  -7.48 10  -3.95 11  -5.71 12  -4.46 13  -5.57 14  -4.49
 ABUNDANCE CHANGE 15  -6.59 16  -4.83 17  -6.54 18  -5.48 19  -6.82 20  -5.68
 ABUNDANCE CHANGE 21  -8.94 22  -7.05 23  -8.04 24  -6.37 25  -6.65 26  -4.37
 ABUNDANCE CHANGE 27  -7.12 28  -5.79 29  -7.83 30  -7.44 31  -9.16 32  -8.63
 ABUNDANCE CHANGE 33  -9.67 34  -8.69 35  -9.41 36  -8.81 37  -9.44 38  -9.14
 ABUNDANCE CHANGE 39  -9.80 40  -9.54 41 -10.62 42 -10.12 43 -20.00 44 -10.20
 ABUNDANCE CHANGE 45 -10.92 46 -10.35 47 -11.10 48 -10.18 49 -10.58 50 -10.04
 ABUNDANCE CHANGE 51 -11.04 52  -9.80 53 -10.53 54  -9.81 55 -10.92 56  -9.91
 ABUNDANCE CHANGE 57 -10.82 58 -10.49 59 -11.33 60 -10.54 61 -20.00 62 -11.04
 ABUNDANCE CHANGE 63 -11.53 64 -10.92 65 -11.94 66 -10.94 67 -11.78 68 -11.11
 ABUNDANCE CHANGE 69 -12.04 70 -10.96 71 -11.28 72 -11.16 73 -11.91 74 -10.93
 ABUNDANCE CHANGE 75 -11.77 76 -10.59 77 -10.69 78 -10.24 79 -11.03 80 -10.95
 ABUNDANCE CHANGE 81 -11.14 82 -10.19 83 -11.33 84 -20.00 85 -20.00 86 -20.00
 ABUNDANCE CHANGE 87 -20.00 88 -20.00 89 -20.00 90 -11.92 91 -20.00 92 -12.51
 ABUNDANCE CHANGE 93 -20.00 94 -20.00 95 -20.00 96 -20.00 97 -20.00 98 -20.00
 ABUNDANCE CHANGE 99 -20.00
READ DECK6 72 RHOX,T,P,XNE,ABROSS,ACCRAD,VTURB
 5.39172055E-07   5812.1 5.379E-04 2.936E+08 2.473E-01 2.279E+00 2.000E+05 0.000E+00 0.000E+00
 7.22261730E-07   5819.3 7.206E-04 3.846E+08 2.385E-01 2.202E+00 2.000E+05 0.000E+00 0.000E+00
 9.76539617E-07   5826.0 9.744E-04 5.056E+08 2.280E-01 2.111E+00 2.000E+05 0.000E+00 0.000E+00
 1.33241042E-06   5835.7 1.329E-03 6.673E+08 2.165E-01 2.010E+00 2.000E+05 0.000E+00 0.000E+00
 1.83456429E-06   5847.6 1.831E-03 8.836E+08 2.041E-01 1.901E+00 2.000E+05 0.000E+00 0.000E+00
 2.54772537E-06   5861.1 2.543E-03 1.172E+09 1.909E-01 1.785E+00 2.000E+05 0.000E+00 0.000E+00
 3.56932075E-06   5875.1 3.562E-03 1.557E+09 1.769E-01 1.661E+00 2.000E+05 0.000E+00 0.000E+00
 5.04815074E-06   5888.5 5.039E-03 2.068E+09 1.621E-01 1.531E+00 2.000E+05 0.000E+00 0.000E+00
 7.21411098E-06   5901.3 7.202E-03 2.745E+09 1.468E-01 1.398E+00 2.000E+05 0.000E+00 0.000E+00
 1.04175407E-05   5914.9 1.040E-02 3.644E+09 1.317E-01 1.268E+00 2.000E+05 0.000E+00 0.000E+00
 1.52467984E-05   5920.2 1.522E-02 4.790E+09 1.150E-01 1.129E+00 2.000E+05 0.000E+00 0.000E+00
 2.26567402E-05   5927.7 2.263E-02 6.317E+09 9.959E-02 1.005E+00 2.000E+05 0.000E+00 0.000E+00
 3.42051316E-05   5929.5 3.416E-02 8.260E+09 8.430E-02 8.824E-01 2.000E+05 0.000E+00 0.000E+00
 5.23471995E-05   5937.9 5.229E-02 1.091E+10 7.180E-02 7.825E-01 2.000E+05 0.000E+00 0.000E+00
 8.09505242E-05   5942.7 8.087E-02 1.429E+10 6.033E-02 6.923E-01 2.000E+05 0.000E+00 0.000E+00
 1.26335973E-04   5949.7 1.262E-01 1.875E+10 5.078E-02 6.187E-01 2.000E+05 0.000E+00 0.000E+00
 1.97957178E-04   5959.6 1.978E-01 2.466E+10 4.308E-02 5.608E-01 2.000E+05 0.000E+00 0.000E+00
 3.10085861E-04   5971.5 3.099E-01 3.239E+10 3.687E-02 5.165E-01 2.000E+05 0.000E+00 0.000E+00
 4.82791858E-04   5989.4 4.825E-01 4.277E+10 3.230E-02 4.860E-01 2.000E+05 0.000E+00 0.000E+00
 7.42285022E-04   6012.8 7.419E-01 5.656E+10 2.904E-02 4.678E-01 2.000E+05 0.000E+00 0.000E+00
 1.12018821E-03   6044.2 1.120E+00 7.514E+10 2.708E-02 4.616E-01 2.000E+05 0.000E+00 0.000E+00
 1.64749452E-03   6086.6 1.647E+00 1.005E+11 2.647E-02 4.675E-01 2.000E+05 0.000E+00 0.000E+00
 2.35121774E-03   6137.4 2.350E+00 1.344E+11 2.699E-02 4.834E-01 2.000E+05 0.000E+00 0.000E+00
 3.25139804E-03   6196.7 3.250E+00 1.795E+11 2.867E-02 5.082E-01 2.000E+05 0.000E+00 0.000E+00
 4.36554447E-03   6259.1 4.363E+00 2.368E+11 3.120E-02 5.370E-01 2.000E+05 0.000E+00 0.000E+00
 5.72881520E-03   6316.0 5.726E+00 3.047E+11 3.396E-02 5.635E-01 2.000E+05 0.000E+00 0.000E+00
 7.41160980E-03   6361.8 7.408E+00 3.805E+11 3.635E-02 5.844E-01 2.000E+05 0.000E+00 0.000E+00
 9.53804415E-03   6393.1 9.533E+00 4.605E+11 3.787E-02 5.982E-01 2.000E+05 0.000E+00 0.000E+00
 1.22880034E-02   6413.8 1.228E+01 5.464E+11 3.875E-02 6.087E-01 2.000E+05 0.000E+00 0.000E+00
 1.58848227E-02   6428.9 1.588E+01 6.424E+11 3.945E-02 6.192E-01 2.000E+05 0.000E+00 0.000E+00
 2.05825322E-02   6442.8 2.057E+01 7.541E+11 4.041E-02 6.327E-01 2.000E+05 0.000E+00 0.000E+00
 2.66722001E-02   6456.4 2.666E+01 8.843E+11 4.175E-02 6.496E-01 2.000E+05 0.000E+00 0.000E+00
 3.44846376E-02   6471.1 3.446E+01 1.038E+12 4.365E-02 6.716E-01 2.000E+05 0.000E+00 0.000E+00
 4.43845595E-02   6487.5 4.436E+01 1.218E+12 4.621E-02 6.994E-01 2.000E+05 0.000E+00 0.000E+00
 5.67867429E-02   6505.5 5.675E+01 1.429E+12 4.944E-02 7.329E-01 2.000E+05 0.000E+00 0.000E+00
 7.21631353E-02   6525.2 7.211E+01 1.675E+12 5.343E-02 7.727E-01 2.000E+05 0.000E+00 0.000E+00
 9.10546699E-02   6546.5 9.099E+01 1.962E+12 5.823E-02 8.193E-01 2.000E+05 0.000E+00 0.000E+00
 1.14050395E-01   6570.7 1.140E+02 2.300E+12 6.409E-02 8.762E-01 2.000E+05 0.000E+00 0.000E+00
 1.41802223E-01   6597.1 1.417E+02 2.697E+12 7.106E-02 9.433E-01 2.000E+05 0.000E+00 0.000E+00
 1.75054839E-01   6626.2 1.749E+02 3.164E+12 7.936E-02 1.023E+00 2.000E+05 0.000E+00 0.000E+00
 2.14625954E-01   6658.0 2.144E+02 3.715E+12 8.921E-02 1.118E+00 2.000E+05 0.000E+00 0.000E+00
 2.61385693E-01   6693.6 2.611E+02 4.375E+12 1.011E-01 1.233E+00 2.000E+05 0.000E+00 0.000E+00
 3.16183534E-01   6733.7 3.159E+02 5.171E+12 1.155E-01 1.375E+00 2.000E+05 0.000E+00 0.000E+00
 3.79614830E-01   6782.5 3.792E+02 6.175E+12 1.342E-01 1.563E+00 2.000E+05 0.000E+00 0.000E+00
 4.51948608E-01   6839.1 4.514E+02 7.432E+12 1.580E-01 1.804E+00 2.000E+05 0.000E+00 0.000E+00
 5.33180102E-01   6906.5 5.325E+02 9.049E+12 1.893E-01 2.125E+00 2.000E+05 0.000E+00 0.000E+00
 6.22616954E-01   6987.1 6.217E+02 1.118E+13 2.318E-01 2.563E+00 2.000E+05 0.000E+00 0.000E+00
 7.18788825E-01   7083.9 7.176E+02 1.403E+13 2.913E-01 3.180E+00 2.000E+05 2.274E-18 0.000E+00
 8.19194016E-01   7201.9 8.177E+02 1.800E+13 3.784E-01 4.080E+00 2.000E+05 5.344E-15 1.244E+01
 9.20494315E-01   7343.0 9.185E+02 2.355E+13 5.092E-01 5.432E+00 2.000E+05 2.624E-13 1.150E+02
 1.01878914E+00   7512.4 1.016E+03 3.153E+13 7.153E-01 7.556E+00 2.000E+05 3.365E-12 2.558E+02
 1.10987519E+00   7715.7 1.106E+03 4.322E+13 1.055E+00 1.101E+01 2.000E+05 3.629E-11 5.386E+02
 1.19031632E+00   7955.1 1.186E+03 6.033E+13 1.630E+00 1.675E+01 2.000E+05 8.078E-10 1.342E+03
 1.25812926E+00   8234.9 1.252E+03 8.532E+13 2.634E+00 2.651E+01 2.000E+05 3.130E-08 4.091E+03
 1.31313264E+00   8557.4 1.305E+03 1.210E+14 4.388E+00 4.298E+01 2.000E+05 1.376E-06 1.396E+04
 1.35701346E+00   8921.9 1.347E+03 1.695E+14 7.326E+00 6.949E+01 2.000E+05 4.640E-05 4.728E+04
 1.39234381E+00   9333.8 1.379E+03 2.307E+14 1.190E+01 1.092E+02 2.000E+05 5.681E-04 1.224E+05
 1.42254962E+00   9785.9 1.405E+03 2.974E+14 1.755E+01 1.565E+02 2.000E+05 1.854E-03 1.926E+05
 1.45205318E+00  10299.0 1.429E+03 3.589E+14 2.249E+01 1.972E+02 2.000E+05 2.206E-03 2.204E+05
 1.48577653E+00  10872.5 1.456E+03 4.003E+14 2.383E+01 2.086E+02 2.000E+05 6.673E-04 1.527E+05
 1.53295644E+00  11532.5 1.494E+03 4.194E+14 2.088E+01 1.845E+02 2.000E+05 4.439E-05 4.123E+04
 1.60898080E+00  12262.8 1.558E+03 4.263E+14 1.612E+01 1.433E+02 2.000E+05 4.726E-07 7.809E+03
 1.74525578E+00  13087.4 1.677E+03 4.369E+14 1.188E+01 1.061E+02 2.000E+05 1.937E-09 1.664E+03
 1.98901576E+00  13981.8 1.899E+03 4.666E+14 9.023E+00 8.004E+01 2.000E+05 1.631E-11 5.565E+02
 2.40169264E+00  14954.3 2.282E+03 5.283E+14 7.380E+00 6.503E+01 2.000E+05 7.440E-12 4.286E+02
 3.04523495E+00  16000.2 2.886E+03 6.319E+14 6.563E+00 5.750E+01 2.000E+05 1.323E-11 5.211E+02
 3.98145992E+00  17138.3 3.771E+03 7.809E+14 6.157E+00 5.377E+01 2.000E+05 7.626E-12 3.970E+02
 5.29728934E+00  18365.1 5.018E+03 9.787E+14 5.891E+00 5.133E+01 2.000E+05 5.354E-13 1.597E+00
 7.12156460E+00  19697.4 6.750E+03 1.233E+15 5.695E+00 4.958E+01 2.000E+05 3.067E-18 0.000E+00
 9.61641770E+00  21132.7 9.123E+03 1.557E+15 5.599E+00 4.865E+01 2.000E+05 0.000E+00 0.000E+00
 1.29700858E+01  22683.6 1.231E+04 1.960E+15 5.601E+00 4.844E+01 2.000E+05 0.000E+00 0.000E+00
 1.73960714E+01  24350.7 1.653E+04 2.451E+15 5.701E+00 4.765E+01 2.000E+05 0.000E+00 0.000E+00
PRADK 6.2115E+00
BEGIN                    ITERATION  15 COMPLETED
