TEFF   8500.  GRAVITY 4.00000 LTE 
TITLE SDSC GRID  [-3.0]   VTURB 2.0 KM/S    L/H 1.25                            
 OPACITY IFOP 1 1 1 1 1 1 1 1 1 1 1 1 1 0 1 0 0 0 0 0
 CONVECTION ON   1.25 TURBULENCE OFF  0.00  0.00  0.00  0.00
ABUNDANCE SCALE   0.00100 ABUNDANCE CHANGE 1 0.91100 2 0.08900
 ABUNDANCE CHANGE  3 -10.88  4 -10.89  5  -9.44  6  -3.48  7  -3.99  8  -3.11
 ABUNDANCE CHANGE  9  -7.48 10  -3.95 11  -5.71 12  -4.46 13  -5.57 14  -4.49
 ABUNDANCE CHANGE 15  -6.59 16  -4.83 17  -6.54 18  -5.48 19  -6.82 20  -5.68
 ABUNDANCE CHANGE 21  -8.94 22  -7.05 23  -8.04 24  -6.37 25  -6.65 26  -4.37
 ABUNDANCE CHANGE 27  -7.12 28  -5.79 29  -7.83 30  -7.44 31  -9.16 32  -8.63
 ABUNDANCE CHANGE 33  -9.67 34  -8.69 35  -9.41 36  -8.81 37  -9.44 38  -9.14
 ABUNDANCE CHANGE 39  -9.80 40  -9.54 41 -10.62 42 -10.12 43 -20.00 44 -10.20
 ABUNDANCE CHANGE 45 -10.92 46 -10.35 47 -11.10 48 -10.18 49 -10.58 50 -10.04
 ABUNDANCE CHANGE 51 -11.04 52  -9.80 53 -10.53 54  -9.81 55 -10.92 56  -9.91
 ABUNDANCE CHANGE 57 -10.82 58 -10.49 59 -11.33 60 -10.54 61 -20.00 62 -11.04
 ABUNDANCE CHANGE 63 -11.53 64 -10.92 65 -11.94 66 -10.94 67 -11.78 68 -11.11
 ABUNDANCE CHANGE 69 -12.04 70 -10.96 71 -11.28 72 -11.16 73 -11.91 74 -10.93
 ABUNDANCE CHANGE 75 -11.77 76 -10.59 77 -10.69 78 -10.24 79 -11.03 80 -10.95
 ABUNDANCE CHANGE 81 -11.14 82 -10.19 83 -11.33 84 -20.00 85 -20.00 86 -20.00
 ABUNDANCE CHANGE 87 -20.00 88 -20.00 89 -20.00 90 -11.92 91 -20.00 92 -12.51
 ABUNDANCE CHANGE 93 -20.00 94 -20.00 95 -20.00 96 -20.00 97 -20.00 98 -20.00
 ABUNDANCE CHANGE 99 -20.00
READ DECK6 72 RHOX,T,P,XNE,ABROSS,ACCRAD,VTURB
 7.41309142E-07   6028.8 7.412E-03 3.168E+09 1.799E-01 1.959E+00 2.000E+05 0.000E+00 0.000E+00
 9.98088609E-07   6037.5 9.979E-03 4.031E+09 1.665E-01 1.827E+00 2.000E+05 0.000E+00 0.000E+00
 1.37264545E-06   6038.5 1.372E-02 5.138E+09 1.502E-01 1.676E+00 2.000E+05 0.000E+00 0.000E+00
 1.92969108E-06   6041.3 1.929E-02 6.606E+09 1.338E-01 1.526E+00 2.000E+05 0.000E+00 0.000E+00
 2.77340355E-06   6044.0 2.773E-02 8.540E+09 1.174E-01 1.379E+00 2.000E+05 0.000E+00 0.000E+00
 4.05896354E-06   6050.7 4.059E-02 1.113E+10 1.026E-01 1.247E+00 2.000E+05 0.000E+00 0.000E+00
 6.02258284E-06   6060.5 6.022E-02 1.458E+10 8.945E-02 1.131E+00 2.000E+05 0.000E+00 0.000E+00
 9.03312357E-06   6070.8 9.034E-02 1.909E+10 7.765E-02 1.033E+00 2.000E+05 0.000E+00 0.000E+00
 1.36472176E-05   6084.7 1.365E-01 2.509E+10 6.776E-02 9.538E-01 2.000E+05 0.000E+00 0.000E+00
 2.06836003E-05   6100.0 2.068E-01 3.292E+10 5.935E-02 8.903E-01 2.000E+05 0.000E+00 0.000E+00
 3.13816159E-05   6114.6 3.138E-01 4.295E+10 5.204E-02 8.387E-01 2.000E+05 0.000E+00 0.000E+00
 4.78231406E-05   6119.9 4.782E-01 5.498E+10 4.475E-02 7.818E-01 2.000E+05 0.000E+00 0.000E+00
 7.32169697E-05   6127.7 7.322E-01 7.059E+10 3.887E-02 7.403E-01 2.000E+05 0.000E+00 0.000E+00
 1.11981739E-04   6136.9 1.120E+00 9.050E+10 3.418E-02 7.102E-01 2.000E+05 0.000E+00 0.000E+00
 1.69898583E-04   6152.4 1.699E+00 1.166E+11 3.094E-02 6.943E-01 2.000E+05 0.000E+00 0.000E+00
 2.54121766E-04   6171.0 2.541E+00 1.498E+11 2.873E-02 6.890E-01 2.000E+05 0.000E+00 0.000E+00
 3.72994440E-04   6195.3 3.730E+00 1.924E+11 2.759E-02 6.960E-01 2.000E+05 0.000E+00 0.000E+00
 5.35303029E-04   6224.3 5.353E+00 2.461E+11 2.738E-02 7.137E-01 2.000E+05 0.000E+00 0.000E+00
 7.49287542E-04   6260.0 7.492E+00 3.147E+11 2.818E-02 7.441E-01 2.000E+05 0.000E+00 0.000E+00
 1.02182352E-03   6301.8 1.022E+01 4.011E+11 2.997E-02 7.858E-01 2.000E+05 0.000E+00 0.000E+00
 1.35745407E-03   6350.8 1.357E+01 5.109E+11 3.293E-02 8.402E-01 2.000E+05 0.000E+00 0.000E+00
 1.76151639E-03   6401.4 1.761E+01 6.438E+11 3.671E-02 8.997E-01 2.000E+05 0.000E+00 0.000E+00
 2.24206322E-03   6452.7 2.242E+01 8.031E+11 4.134E-02 9.640E-01 2.000E+05 0.000E+00 0.000E+00
 2.81211162E-03   6499.0 2.812E+01 9.837E+11 4.629E-02 1.024E+00 2.000E+05 0.000E+00 0.000E+00
 3.49506156E-03   6538.0 3.495E+01 1.182E+12 5.118E-02 1.078E+00 2.000E+05 0.000E+00 0.000E+00
 4.32707333E-03   6566.5 4.327E+01 1.389E+12 5.549E-02 1.122E+00 2.000E+05 0.000E+00 0.000E+00
 5.35915931E-03   6586.2 5.359E+01 1.607E+12 5.923E-02 1.160E+00 2.000E+05 0.000E+00 0.000E+00
 6.65620377E-03   6599.2 6.656E+01 1.839E+12 6.261E-02 1.197E+00 2.000E+05 0.000E+00 0.000E+00
 8.29266607E-03   6610.2 8.292E+01 2.100E+12 6.624E-02 1.237E+00 2.000E+05 0.000E+00 0.000E+00
 1.03493742E-02   6621.6 1.035E+02 2.401E+12 7.053E-02 1.284E+00 2.000E+05 0.000E+00 0.000E+00
 1.29117397E-02   6635.5 1.291E+02 2.756E+12 7.586E-02 1.342E+00 2.000E+05 0.000E+00 0.000E+00
 1.60788818E-02   6650.0 1.608E+02 3.163E+12 8.201E-02 1.407E+00 2.000E+05 0.000E+00 0.000E+00
 1.99746509E-02   6665.6 1.997E+02 3.633E+12 8.915E-02 1.482E+00 2.000E+05 0.000E+00 0.000E+00
 2.47407675E-02   6682.5 2.474E+02 4.174E+12 9.741E-02 1.566E+00 2.000E+05 0.000E+00 0.000E+00
 3.05485635E-02   6700.3 3.054E+02 4.794E+12 1.068E-01 1.660E+00 2.000E+05 0.000E+00 0.000E+00
 3.75807038E-02   6721.5 3.758E+02 5.528E+12 1.181E-01 1.775E+00 2.000E+05 0.000E+00 0.000E+00
 4.60456968E-02   6744.0 4.604E+02 6.374E+12 1.310E-01 1.905E+00 2.000E+05 0.000E+00 0.000E+00
 5.62078506E-02   6767.9 5.620E+02 7.351E+12 1.457E-01 2.053E+00 2.000E+05 0.000E+00 0.000E+00
 6.83693400E-02   6793.5 6.836E+02 8.486E+12 1.626E-01 2.222E+00 2.000E+05 0.000E+00 0.000E+00
 8.28745380E-02   6821.0 8.286E+02 9.808E+12 1.821E-01 2.419E+00 2.000E+05 0.000E+00 0.000E+00
 1.00120439E-01   6850.7 1.001E+03 1.135E+13 2.047E-01 2.648E+00 2.000E+05 0.000E+00 0.000E+00
 1.20476998E-01   6886.7 1.205E+03 1.325E+13 2.324E-01 2.939E+00 2.000E+05 0.000E+00 0.000E+00
 1.44301166E-01   6926.9 1.443E+03 1.552E+13 2.656E-01 3.291E+00 2.000E+05 0.000E+00 0.000E+00
 1.71969375E-01   6973.6 1.719E+03 1.832E+13 3.066E-01 3.731E+00 2.000E+05 0.000E+00 0.000E+00
 2.03748298E-01   7028.6 2.037E+03 2.182E+13 3.581E-01 4.292E+00 2.000E+05 0.000E+00 0.000E+00
 2.39752334E-01   7094.2 2.397E+03 2.632E+13 4.249E-01 5.024E+00 2.000E+05 0.000E+00 0.000E+00
 2.79800028E-01   7174.5 2.797E+03 3.227E+13 5.149E-01 6.012E+00 2.000E+05 0.000E+00 0.000E+00
 3.23405267E-01   7270.5 3.233E+03 4.021E+13 6.376E-01 7.368E+00 2.000E+05 0.000E+00 0.000E+00
 3.69687260E-01   7387.7 3.695E+03 5.118E+13 8.132E-01 9.323E+00 2.000E+05 9.467E-15 0.000E+00
 4.17342238E-01   7527.9 4.171E+03 6.650E+13 1.070E+00 1.219E+01 2.000E+05 3.872E-12 6.003E+01
 4.64731831E-01   7697.6 4.645E+03 8.856E+13 1.463E+00 1.656E+01 2.000E+05 8.867E-11 3.954E+02
 5.10007275E-01   7899.9 5.096E+03 1.207E+14 2.086E+00 2.343E+01 2.000E+05 1.646E-09 9.364E+02
 5.51395375E-01   8140.2 5.509E+03 1.682E+14 3.115E+00 3.473E+01 2.000E+05 4.705E-08 2.280E+03
 5.87461891E-01   8425.5 5.868E+03 2.395E+14 4.880E+00 5.373E+01 2.000E+05 3.906E-06 6.514E+03
 6.17501314E-01   8757.9 6.167E+03 3.454E+14 7.973E+00 8.652E+01 2.000E+05 2.524E-04 2.163E+04
 6.41527966E-01   9150.1 6.404E+03 5.032E+14 1.349E+01 1.432E+02 2.000E+05 2.113E-03 7.283E+04
 6.60494723E-01   9588.9 6.590E+03 7.189E+14 2.253E+01 2.297E+02 2.000E+05 1.695E-02 1.510E+05
 6.76152688E-01  10051.4 6.742E+03 9.782E+14 3.514E+01 3.461E+02 2.000E+05 3.856E-02 2.172E+05
 6.89920349E-01  10595.2 6.874E+03 1.285E+15 5.105E+01 4.693E+02 2.000E+05 7.192E-02 4.202E+05
 7.03685853E-01  11090.4 7.005E+03 1.529E+15 6.297E+01 5.464E+02 2.000E+05 1.114E-01 5.140E+05
 7.19659095E-01  11700.9 7.156E+03 1.738E+15 6.751E+01 6.234E+02 2.000E+05 5.794E-02 4.452E+05
 7.41678606E-01  12488.2 7.362E+03 1.864E+15 5.997E+01 5.890E+02 2.000E+05 2.941E-02 2.014E+05
 7.77015941E-01  13330.5 7.697E+03 1.916E+15 4.618E+01 4.597E+02 2.000E+05 2.638E-03 4.671E+04
 8.40967242E-01  14302.6 8.312E+03 1.971E+15 3.348E+01 3.357E+02 2.000E+05 4.909E-06 8.673E+03
 9.55979416E-01  15308.3 9.429E+03 2.111E+15 2.560E+01 2.532E+02 2.000E+05 1.946E-08 2.847E+03
 1.14928470E+00  16415.6 1.132E+04 2.388E+15 2.109E+01 2.085E+02 2.000E+05 3.542E-09 2.178E+03
 1.44757022E+00  17594.4 1.424E+04 2.839E+15 1.900E+01 1.867E+02 2.000E+05 3.732E-09 2.169E+03
 1.87695426E+00  18876.4 1.846E+04 3.473E+15 1.798E+01 1.764E+02 2.000E+05 1.171E-09 1.321E+03
 2.47450157E+00  20253.6 2.433E+04 4.302E+15 1.740E+01 1.704E+02 2.000E+05 6.124E-11 0.000E+00
 3.29058856E+00  21742.8 3.235E+04 5.351E+15 1.713E+01 1.674E+02 2.000E+05 0.000E+00 0.000E+00
 4.38563233E+00  23345.4 4.312E+04 6.656E+15 1.717E+01 1.669E+02 2.000E+05 0.000E+00 0.000E+00
 5.82731257E+00  25069.0 5.730E+04 8.245E+15 1.752E+01 1.633E+02 2.000E+05 0.000E+00 0.000E+00
PRADK 7.0117E+00
BEGIN                    ITERATION  15 COMPLETED
