TEFF   8250.  GRAVITY 5.00000 LTE 
TITLE SDSC GRID  [+0.3]   VTURB 2.0 KM/S    L/H 1.25                            
 OPACITY IFOP 1 1 1 1 1 1 1 1 1 1 1 1 1 0 1 0 0 0 0 0
 CONVECTION ON   1.25 TURBULENCE OFF  0.00  0.00  0.00  0.00
ABUNDANCE SCALE   1.99526 ABUNDANCE CHANGE 1 0.91100 2 0.08900
 ABUNDANCE CHANGE  3 -10.88  4 -10.89  5  -9.44  6  -3.48  7  -3.99  8  -3.11
 ABUNDANCE CHANGE  9  -7.48 10  -3.95 11  -5.71 12  -4.46 13  -5.57 14  -4.49
 ABUNDANCE CHANGE 15  -6.59 16  -4.83 17  -6.54 18  -5.48 19  -6.82 20  -5.68
 ABUNDANCE CHANGE 21  -8.94 22  -7.05 23  -8.04 24  -6.37 25  -6.65 26  -4.37
 ABUNDANCE CHANGE 27  -7.12 28  -5.79 29  -7.83 30  -7.44 31  -9.16 32  -8.63
 ABUNDANCE CHANGE 33  -9.67 34  -8.69 35  -9.41 36  -8.81 37  -9.44 38  -9.14
 ABUNDANCE CHANGE 39  -9.80 40  -9.54 41 -10.62 42 -10.12 43 -20.00 44 -10.20
 ABUNDANCE CHANGE 45 -10.92 46 -10.35 47 -11.10 48 -10.18 49 -10.58 50 -10.04
 ABUNDANCE CHANGE 51 -11.04 52  -9.80 53 -10.53 54  -9.81 55 -10.92 56  -9.91
 ABUNDANCE CHANGE 57 -10.82 58 -10.49 59 -11.33 60 -10.54 61 -20.00 62 -11.04
 ABUNDANCE CHANGE 63 -11.53 64 -10.92 65 -11.94 66 -10.94 67 -11.78 68 -11.11
 ABUNDANCE CHANGE 69 -12.04 70 -10.96 71 -11.28 72 -11.16 73 -11.91 74 -10.93
 ABUNDANCE CHANGE 75 -11.77 76 -10.59 77 -10.69 78 -10.24 79 -11.03 80 -10.95
 ABUNDANCE CHANGE 81 -11.14 82 -10.19 83 -11.33 84 -20.00 85 -20.00 86 -20.00
 ABUNDANCE CHANGE 87 -20.00 88 -20.00 89 -20.00 90 -11.92 91 -20.00 92 -12.51
 ABUNDANCE CHANGE 93 -20.00 94 -20.00 95 -20.00 96 -20.00 97 -20.00 98 -20.00
 ABUNDANCE CHANGE 99 -20.00
READ DECK6 72 RHOX,T,P,XNE,ABROSS,ACCRAD,VTURB
 4.91141067E-05   5273.0 4.911E+00 2.571E+10 2.715E-03 2.936E+00 2.000E+05 0.000E+00 0.000E+00
 6.51757572E-05   5297.0 6.517E+00 3.185E+10 2.823E-03 2.991E+00 2.000E+05 0.000E+00 0.000E+00
 8.55679973E-05   5323.8 8.557E+00 3.948E+10 2.994E-03 2.931E+00 2.000E+05 0.000E+00 0.000E+00
 1.11023634E-04   5351.4 1.110E+01 4.870E+10 3.219E-03 2.861E+00 2.000E+05 0.000E+00 0.000E+00
 1.42406857E-04   5379.4 1.424E+01 5.973E+10 3.500E-03 2.809E+00 2.000E+05 0.000E+00 0.000E+00
 1.80715630E-04   5407.0 1.808E+01 7.274E+10 3.836E-03 2.766E+00 2.000E+05 0.000E+00 0.000E+00
 2.27134045E-04   5434.4 2.272E+01 8.801E+10 4.232E-03 2.735E+00 2.000E+05 0.000E+00 0.000E+00
 2.83006017E-04   5461.7 2.833E+01 1.059E+11 4.695E-03 2.714E+00 2.000E+05 0.000E+00 0.000E+00
 3.50122999E-04   5489.2 3.504E+01 1.270E+11 5.237E-03 2.703E+00 2.000E+05 0.000E+00 0.000E+00
 4.30150657E-04   5517.2 4.305E+01 1.517E+11 5.870E-03 2.701E+00 2.000E+05 0.000E+00 0.000E+00
 5.25162952E-04   5545.7 5.255E+01 1.807E+11 6.606E-03 2.703E+00 2.000E+05 0.000E+00 0.000E+00
 6.37546421E-04   5574.8 6.379E+01 2.147E+11 7.461E-03 2.708E+00 2.000E+05 0.000E+00 0.000E+00
 7.70048744E-04   5604.6 7.705E+01 2.548E+11 8.451E-03 2.714E+00 2.000E+05 0.000E+00 0.000E+00
 9.25821676E-04   5635.1 9.263E+01 3.019E+11 9.597E-03 2.721E+00 2.000E+05 0.000E+00 0.000E+00
 1.10851855E-03   5666.4 1.109E+02 3.572E+11 1.093E-02 2.736E+00 2.000E+05 0.000E+00 0.000E+00
 1.32226847E-03   5698.6 1.323E+02 4.224E+11 1.247E-02 2.757E+00 2.000E+05 0.000E+00 0.000E+00
 1.57181192E-03   5731.8 1.572E+02 4.993E+11 1.425E-02 2.777E+00 2.000E+05 0.000E+00 0.000E+00
 1.86262643E-03   5765.8 1.863E+02 5.899E+11 1.632E-02 2.798E+00 2.000E+05 0.000E+00 0.000E+00
 2.20085485E-03   5800.9 2.202E+02 6.967E+11 1.874E-02 2.825E+00 2.000E+05 0.000E+00 0.000E+00
 2.59361499E-03   5836.8 2.595E+02 8.226E+11 2.153E-02 2.853E+00 2.000E+05 0.000E+00 0.000E+00
 3.04935382E-03   5873.5 3.050E+02 9.708E+11 2.475E-02 2.884E+00 2.000E+05 0.000E+00 0.000E+00
 3.57745384E-03   5911.2 3.579E+02 1.146E+12 2.850E-02 2.925E+00 2.000E+05 0.000E+00 0.000E+00
 4.18888986E-03   5949.7 4.190E+02 1.351E+12 3.284E-02 2.971E+00 2.000E+05 0.000E+00 0.000E+00
 4.89633744E-03   5989.0 4.898E+02 1.594E+12 3.786E-02 3.020E+00 2.000E+05 0.000E+00 0.000E+00
 5.71468416E-03   6029.0 5.716E+02 1.879E+12 4.364E-02 3.072E+00 2.000E+05 0.000E+00 0.000E+00
 6.66119601E-03   6069.8 6.663E+02 2.216E+12 5.033E-02 3.127E+00 2.000E+05 0.000E+00 0.000E+00
 7.75570012E-03   6111.1 7.757E+02 2.611E+12 5.803E-02 3.186E+00 2.000E+05 0.000E+00 0.000E+00
 9.02168489E-03   6153.1 9.023E+02 3.075E+12 6.691E-02 3.250E+00 2.000E+05 0.000E+00 0.000E+00
 1.04854876E-02   6195.5 1.049E+03 3.619E+12 7.718E-02 3.334E+00 2.000E+05 0.000E+00 0.000E+00
 1.21775150E-02   6238.2 1.218E+03 4.256E+12 8.906E-02 3.443E+00 2.000E+05 0.000E+00 0.000E+00
 1.41333077E-02   6281.3 1.413E+03 5.001E+12 1.027E-01 3.566E+00 2.000E+05 0.000E+00 0.000E+00
 1.63952652E-02   6324.8 1.640E+03 5.874E+12 1.184E-01 3.703E+00 2.000E+05 0.000E+00 0.000E+00
 1.90122356E-02   6368.7 1.901E+03 6.895E+12 1.365E-01 3.859E+00 2.000E+05 0.000E+00 0.000E+00
 2.20412505E-02   6413.2 2.204E+03 8.093E+12 1.572E-01 4.036E+00 2.000E+05 0.000E+00 0.000E+00
 2.55472036E-02   6458.3 2.555E+03 9.498E+12 1.811E-01 4.237E+00 2.000E+05 0.000E+00 0.000E+00
 2.96056715E-02   6504.2 2.961E+03 1.115E+13 2.087E-01 4.465E+00 2.000E+05 0.000E+00 0.000E+00
 3.43005454E-02   6551.1 3.430E+03 1.309E+13 2.406E-01 4.733E+00 2.000E+05 0.000E+00 0.000E+00
 3.97276336E-02   6599.1 3.973E+03 1.539E+13 2.778E-01 5.044E+00 2.000E+05 0.000E+00 0.000E+00
 4.59927899E-02   6648.2 4.599E+03 1.810E+13 3.211E-01 5.412E+00 2.000E+05 0.000E+00 0.000E+00
 5.32170747E-02   6698.9 5.321E+03 2.130E+13 3.715E-01 5.840E+00 2.000E+05 0.000E+00 0.000E+00
 6.15370631E-02   6751.2 6.153E+03 2.510E+13 4.304E-01 6.338E+00 2.000E+05 0.000E+00 0.000E+00
 7.11065628E-02   6805.7 7.110E+03 2.965E+13 4.996E-01 6.931E+00 2.000E+05 0.000E+00 0.000E+00
 8.20858855E-02   6863.3 8.208E+03 3.512E+13 5.815E-01 7.645E+00 2.000E+05 0.000E+00 0.000E+00
 9.46364342E-02   6925.3 9.462E+03 4.181E+13 6.801E-01 8.516E+00 2.000E+05 0.000E+00 0.000E+00
 1.08900233E-01   6993.1 1.089E+04 5.009E+13 8.007E-01 9.610E+00 2.000E+05 0.000E+00 0.000E+00
 1.24987064E-01   7068.5 1.250E+04 6.053E+13 9.508E-01 1.100E+01 2.000E+05 0.000E+00 0.000E+00
 1.42944899E-01   7153.6 1.429E+04 7.393E+13 1.143E+00 1.283E+01 2.000E+05 1.283E-11 0.000E+00
 1.62677094E-01   7255.0 1.627E+04 9.204E+13 1.403E+00 1.537E+01 2.000E+05 1.324E-09 0.000E+00
 1.83867743E-01   7378.6 1.838E+04 1.174E+14 1.766E+00 1.902E+01 2.000E+05 3.542E-08 0.000E+00
 2.05966408E-01   7531.4 2.059E+04 1.544E+14 2.301E+00 2.455E+01 2.000E+05 8.118E-07 0.000E+00
 2.27932426E-01   7733.7 2.278E+04 2.136E+14 3.186E+00 3.376E+01 2.000E+05 4.739E-05 1.098E+03
 2.48568572E-01   7979.1 2.484E+04 3.051E+14 4.621E+00 4.790E+01 2.000E+05 1.181E-03 2.792E+03
 2.67164680E-01   8257.4 2.670E+04 4.405E+14 6.895E+00 6.781E+01 2.000E+05 2.377E-02 5.387E+03
 2.84067624E-01   8517.2 2.839E+04 6.068E+14 9.900E+00 8.934E+01 2.000E+05 8.052E-02 9.300E+03
 3.00063529E-01   8760.0 2.998E+04 8.042E+14 1.372E+01 1.114E+02 2.000E+05 1.397E-01 1.605E+04
 3.15651717E-01   8996.4 3.154E+04 1.041E+15 1.863E+01 1.371E+02 2.000E+05 1.976E-01 3.164E+04
 3.30719615E-01   9275.0 3.305E+04 1.375E+15 2.623E+01 1.793E+02 2.000E+05 2.499E-01 7.028E+04
 3.44707448E-01   9608.5 3.444E+04 1.861E+15 3.836E+01 2.440E+02 2.000E+05 2.969E-01 1.214E+05
 3.57421593E-01   9982.0 3.571E+04 2.517E+15 5.647E+01 3.365E+02 2.000E+05 3.398E-01 1.686E+05
 3.68804239E-01  10424.6 3.685E+04 3.433E+15 8.406E+01 4.526E+02 2.000E+05 3.853E-01 3.364E+05
 3.79290212E-01  10855.1 3.789E+04 4.447E+15 1.171E+02 4.839E+02 2.000E+05 5.356E-01 4.439E+05
 3.89976726E-01  11187.5 3.895E+04 5.304E+15 1.456E+02 4.492E+02 2.000E+05 6.525E-01 4.815E+05
 4.01678429E-01  11531.1 4.012E+04 6.214E+15 1.743E+02 4.078E+02 2.000E+05 7.227E-01 4.988E+05
 4.15091455E-01  11830.9 4.145E+04 7.035E+15 1.985E+02 4.050E+02 2.000E+05 7.725E-01 5.266E+05
 4.30787365E-01  12233.4 4.302E+04 8.057E+15 2.264E+02 4.131E+02 2.000E+05 7.899E-01 5.371E+05
 4.49540948E-01  12584.4 4.488E+04 8.938E+15 2.460E+02 4.409E+02 2.000E+05 7.945E-01 5.515E+05
 4.73040748E-01  13165.7 4.722E+04 1.006E+16 2.561E+02 5.627E+02 2.000E+05 7.617E-01 5.812E+05
 5.04227710E-01  13902.0 5.032E+04 1.109E+16 2.461E+02 8.903E+02 2.000E+05 6.027E-01 5.794E+05
 5.55871624E-01  15784.4 5.544E+04 1.176E+16 1.617E+02 9.879E+02 2.000E+05 2.329E-01 1.928E+05
 6.63408449E-01  17765.9 6.613E+04 1.280E+16 1.074E+02 7.768E+02 2.000E+05 1.763E-01 6.149E+04
 8.65744345E-01  20088.6 8.623E+04 1.513E+16 8.234E+01 6.816E+02 2.000E+05 6.412E-04 3.986E+04
 1.18451935E+00  22339.4 1.179E+05 1.888E+16 7.453E+01 6.162E+02 2.000E+05 6.405E-06 1.494E+04
PRADK 6.1518E+00
BEGIN                    ITERATION  15 COMPLETED
