EFF  13000.  GRAVITY 4.00000 LTE 
ITLE SDSC GRID  [-1.0]   VTURB 2.0 KM/S                                        
OPACITY IFOP 1 1 1 1 1 1 1 1 1 1 1 1 1 0 1 0 0 0 0 0
CONVECTION OFF  1.00 TURBULENCE OFF  0.00  0.00  0.00  0.00
BUNDANCE SCALE   0.10000 ABUNDANCE CHANGE 1 0.91100 2 0.08900
ABUNDANCE CHANGE  3 -10.88  4 -10.89  5  -9.44  6  -3.48  7  -3.99  8  -3.11
ABUNDANCE CHANGE  9  -7.48 10  -3.95 11  -5.71 12  -4.46 13  -5.57 14  -4.49
ABUNDANCE CHANGE 15  -6.59 16  -4.83 17  -6.54 18  -5.48 19  -6.82 20  -5.68
ABUNDANCE CHANGE 21  -8.94 22  -7.05 23  -8.04 24  -6.37 25  -6.65 26  -4.37
ABUNDANCE CHANGE 27  -7.12 28  -5.79 29  -7.83 30  -7.44 31  -9.16 32  -8.63
ABUNDANCE CHANGE 33  -9.67 34  -8.69 35  -9.41 36  -8.81 37  -9.44 38  -9.14
ABUNDANCE CHANGE 39  -9.80 40  -9.54 41 -10.62 42 -10.12 43 -20.00 44 -10.20
ABUNDANCE CHANGE 45 -10.92 46 -10.35 47 -11.10 48 -10.18 49 -10.58 50 -10.04
ABUNDANCE CHANGE 51 -11.04 52  -9.80 53 -10.53 54  -9.81 55 -10.92 56  -9.91
ABUNDANCE CHANGE 57 -10.82 58 -10.49 59 -11.33 60 -10.54 61 -20.00 62 -11.04
ABUNDANCE CHANGE 63 -11.53 64 -10.92 65 -11.94 66 -10.94 67 -11.78 68 -11.11
ABUNDANCE CHANGE 69 -12.04 70 -10.96 71 -11.28 72 -11.16 73 -11.91 74 -10.93
ABUNDANCE CHANGE 75 -11.77 76 -10.59 77 -10.69 78 -10.24 79 -11.03 80 -10.95
ABUNDANCE CHANGE 81 -11.14 82 -10.19 83 -11.33 84 -20.00 85 -20.00 86 -20.00
ABUNDANCE CHANGE 87 -20.00 88 -20.00 89 -20.00 90 -11.92 91 -20.00 92 -12.51
ABUNDANCE CHANGE 93 -20.00 94 -20.00 95 -20.00 96 -20.00 97 -20.00 98 -20.00
ABUNDANCE CHANGE 99 -20.00
EAD DECK6 64 RHOX,T,P,XNE,ABROSS,ACCRAD,VTURB
5.52522876E-06   7969.6 5.506E-02 2.378E+10 3.105E-01 3.410E+01 2.000E+05
5.73068372E-06   8033.1 5.711E-02 2.448E+10 3.105E-01 3.375E+01 2.000E+05
7.62296114E-06   8041.5 7.597E-02 3.250E+10 3.151E-01 3.715E+01 2.000E+05
1.01112161E-05   8065.5 1.008E-01 4.295E+10 3.206E-01 4.063E+01 2.000E+05
1.33678913E-05   8089.7 1.332E-01 5.655E+10 3.270E-01 4.372E+01 2.000E+05
1.76180828E-05   8122.3 1.755E-01 7.413E+10 3.347E-01 4.703E+01 2.000E+05
2.31449834E-05   8156.6 2.305E-01 9.684E+10 3.438E-01 5.032E+01 2.000E+05
3.03046125E-05   8197.9 3.017E-01 1.260E+11 3.546E-01 5.352E+01 2.000E+05
3.95452278E-05   8245.8 3.936E-01 1.632E+11 3.670E-01 5.540E+01 2.000E+05
5.14244751E-05   8299.6 5.117E-01 2.105E+11 3.816E-01 5.714E+01 2.000E+05
6.66240104E-05   8358.7 6.629E-01 2.704E+11 3.986E-01 5.916E+01 2.000E+05
8.59759326E-05   8422.8 8.552E-01 3.458E+11 4.185E-01 6.157E+01 2.000E+05
1.10497164E-04   8492.3 1.099E+00 4.403E+11 4.414E-01 6.376E+01 2.000E+05
1.41434358E-04   8567.7 1.406E+00 5.579E+11 4.675E-01 6.526E+01 2.000E+05
1.80280542E-04   8645.7 1.792E+00 7.040E+11 4.977E-01 6.735E+01 2.000E+05
2.28813419E-04   8727.0 2.274E+00 8.844E+11 5.324E-01 6.956E+01 2.000E+05
2.89209053E-04   8813.4 2.874E+00 1.106E+12 5.715E-01 7.043E+01 2.000E+05
3.64071359E-04   8898.5 3.617E+00 1.378E+12 6.162E-01 7.116E+01 2.000E+05
4.56416468E-04   8979.4 4.534E+00 1.710E+12 6.679E-01 7.239E+01 2.000E+05
5.69670133E-04   9051.8 5.658E+00 2.115E+12 7.284E-01 7.509E+01 2.000E+05
7.07720102E-04   9116.2 7.028E+00 2.604E+12 7.991E-01 7.936E+01 2.000E+05
8.75046403E-04   9174.0 8.688E+00 3.193E+12 8.814E-01 8.526E+01 2.000E+05
1.07693416E-03   9229.5 1.069E+01 3.897E+12 9.758E-01 9.215E+01 2.000E+05
1.31979778E-03   9286.1 1.309E+01 4.734E+12 1.083E+00 9.921E+01 2.000E+05
1.61100951E-03   9339.2 1.598E+01 5.729E+12 1.207E+00 1.075E+02 2.000E+05
1.95921536E-03   9392.8 1.942E+01 6.907E+12 1.347E+00 1.164E+02 2.000E+05
2.37456851E-03   9444.4 2.352E+01 8.298E+12 1.508E+00 1.269E+02 2.000E+05
2.86871376E-03   9495.0 2.840E+01 9.935E+12 1.692E+00 1.390E+02 2.000E+05
3.45575090E-03   9548.0 3.418E+01 1.186E+13 1.900E+00 1.523E+02 2.000E+05
4.15289663E-03   9604.2 4.104E+01 1.411E+13 2.134E+00 1.664E+02 2.000E+05
4.97997423E-03   9659.9 4.917E+01 1.676E+13 2.400E+00 1.827E+02 2.000E+05
5.96009849E-03   9718.1 5.878E+01 1.986E+13 2.701E+00 2.012E+02 2.000E+05
7.12113450E-03   9780.3 7.015E+01 2.348E+13 3.041E+00 2.222E+02 2.000E+05
8.49671283E-03   9849.1 8.358E+01 2.772E+13 3.422E+00 2.457E+02 2.000E+05
1.01273609E-02   9926.0 9.946E+01 3.268E+13 3.847E+00 2.720E+02 2.000E+05
1.20660866E-02  10021.8 1.183E+02 3.850E+13 4.304E+00 2.982E+02 2.000E+05
1.43816016E-02  10130.4 1.407E+02 4.536E+13 4.797E+00 3.245E+02 2.000E+05
1.71574547E-02  10257.7 1.676E+02 5.346E+13 5.326E+00 3.522E+02 2.000E+05
2.05000844E-02  10407.3 1.998E+02 6.305E+13 5.882E+00 3.808E+02 2.000E+05
2.45512484E-02  10584.6 2.387E+02 7.444E+13 6.447E+00 4.092E+02 2.000E+05
2.95043919E-02  10794.9 2.861E+02 8.801E+13 6.996E+00 4.362E+02 2.000E+05
3.56322959E-02  11046.0 3.446E+02 1.043E+14 7.490E+00 4.598E+02 2.000E+05
4.33328511E-02  11342.1 4.180E+02 1.240E+14 7.880E+00 4.766E+02 2.000E+05
5.31931303E-02  11687.2 5.119E+02 1.482E+14 8.130E+00 4.849E+02 2.000E+05
6.60579374E-02  12092.3 6.343E+02 1.784E+14 8.240E+00 4.877E+02 2.000E+05
8.31428541E-02  12567.2 7.968E+02 2.165E+14 8.204E+00 4.843E+02 2.000E+05
1.06259598E-01  13119.5 1.017E+03 2.656E+14 8.020E+00 4.732E+02 2.000E+05
1.37966843E-01  13757.8 1.319E+03 3.297E+14 7.756E+00 4.577E+02 2.000E+05
1.81747440E-01  14487.2 1.737E+03 4.141E+14 7.499E+00 4.419E+02 2.000E+05
2.41913442E-01  15306.8 2.313E+03 5.254E+14 7.308E+00 4.276E+02 2.000E+05
3.23703801E-01  16215.4 3.096E+03 6.704E+14 7.215E+00 4.160E+02 2.000E+05
4.33234839E-01  17204.1 4.146E+03 8.551E+14 7.227E+00 4.088E+02 2.000E+05
5.79202071E-01  18277.8 5.547E+03 1.086E+15 7.223E+00 4.017E+02 2.000E+05
7.74022470E-01  19441.8 7.418E+03 1.371E+15 7.215E+00 3.961E+02 2.000E+05
1.03404109E+00  20710.1 9.915E+03 1.725E+15 7.215E+00 3.926E+02 2.000E+05
1.37862252E+00  22091.9 1.323E+04 2.160E+15 7.303E+00 3.949E+02 2.000E+05
1.83162410E+00  23598.4 1.758E+04 2.689E+15 7.424E+00 3.994E+02 2.000E+05
2.42286440E+00  25238.0 2.325E+04 3.327E+15 7.623E+00 4.091E+02 2.000E+05
3.18781123E+00  27020.9 3.058E+04 4.088E+15 7.886E+00 4.221E+02 2.000E+05
4.16578907E+00  28952.3 3.994E+04 4.984E+15 8.291E+00 4.427E+02 2.000E+05
5.39945874E+00  31047.6 5.171E+04 6.019E+15 8.810E+00 4.695E+02 2.000E+05
6.93796571E+00  33308.0 6.635E+04 7.201E+15 9.475E+00 5.048E+02 2.000E+05
8.84045812E+00  35764.4 8.437E+04 8.540E+15 1.024E+01 5.446E+02 2.000E+05
1.11716913E+01  38403.1 1.064E+05 1.007E+16 1.122E+01 5.428E+02 2.000E+05
RADK 5.0786E+01
EGIN                    ITERATION   6 COMPLETED
