TEFF  15000.  GRAVITY 4.50000 LTE 
TITLE SDSC GRID  [+0.2]   VTURB 2.0 KM/S                                        
 OPACITY IFOP 1 1 1 1 1 1 1 1 1 1 1 1 1 0 1 0 0 0 0 0
 CONVECTION OFF  1.00 TURBULENCE OFF  0.00  0.00  0.00  0.00
ABUNDANCE SCALE   1.58490 ABUNDANCE CHANGE 1 0.91100 2 0.08900
 ABUNDANCE CHANGE  3 -10.88  4 -10.89  5  -9.44  6  -3.48  7  -3.99  8  -3.11
 ABUNDANCE CHANGE  9  -7.48 10  -3.95 11  -5.71 12  -4.46 13  -5.57 14  -4.49
 ABUNDANCE CHANGE 15  -6.59 16  -4.83 17  -6.54 18  -5.48 19  -6.82 20  -5.68
 ABUNDANCE CHANGE 21  -8.94 22  -7.05 23  -8.04 24  -6.37 25  -6.65 26  -4.37
 ABUNDANCE CHANGE 27  -7.12 28  -5.79 29  -7.83 30  -7.44 31  -9.16 32  -8.63
 ABUNDANCE CHANGE 33  -9.67 34  -8.69 35  -9.41 36  -8.81 37  -9.44 38  -9.14
 ABUNDANCE CHANGE 39  -9.80 40  -9.54 41 -10.62 42 -10.12 43 -20.00 44 -10.20
 ABUNDANCE CHANGE 45 -10.92 46 -10.35 47 -11.10 48 -10.18 49 -10.58 50 -10.04
 ABUNDANCE CHANGE 51 -11.04 52  -9.80 53 -10.53 54  -9.81 55 -10.92 56  -9.91
 ABUNDANCE CHANGE 57 -10.82 58 -10.49 59 -11.33 60 -10.54 61 -20.00 62 -11.04
 ABUNDANCE CHANGE 63 -11.53 64 -10.92 65 -11.94 66 -10.94 67 -11.78 68 -11.11
 ABUNDANCE CHANGE 69 -12.04 70 -10.96 71 -11.28 72 -11.16 73 -11.91 74 -10.93
 ABUNDANCE CHANGE 75 -11.77 76 -10.59 77 -10.69 78 -10.24 79 -11.03 80 -10.95
 ABUNDANCE CHANGE 81 -11.14 82 -10.19 83 -11.33 84 -20.00 85 -20.00 86 -20.00
 ABUNDANCE CHANGE 87 -20.00 88 -20.00 89 -20.00 90 -11.92 91 -20.00 92 -12.51
 ABUNDANCE CHANGE 93 -20.00 94 -20.00 95 -20.00 96 -20.00 97 -20.00 98 -20.00
 ABUNDANCE CHANGE 99 -20.00
READ DECK6 64 RHOX,T,P,XNE,ABROSS,ACCRAD,VTURB
 5.22339751E-06   8298.9 1.636E-01 6.785E+10 3.422E-01 2.986E+02 2.000E+05
 5.28920016E-06   8583.9 1.657E-01 6.654E+10 3.422E-01 2.733E+02 2.000E+05
 6.90874378E-06   8636.2 2.164E-01 8.637E+10 3.509E-01 2.938E+02 2.000E+05
 9.12853906E-06   8701.9 2.860E-01 1.132E+11 3.616E-01 3.143E+02 2.000E+05
 1.19974479E-05   8775.3 3.758E-01 1.475E+11 3.733E-01 3.208E+02 2.000E+05
 1.56974483E-05   8853.8 4.916E-01 1.912E+11 3.866E-01 3.214E+02 2.000E+05
 2.04508395E-05   8933.7 6.404E-01 2.468E+11 4.022E-01 3.232E+02 2.000E+05
 2.65294110E-05   9014.1 8.306E-01 3.171E+11 4.204E-01 3.278E+02 2.000E+05
 3.42663431E-05   9095.0 1.073E+00 4.058E+11 4.414E-01 3.330E+02 2.000E+05
 4.40739565E-05   9179.0 1.380E+00 5.170E+11 4.652E-01 3.348E+02 2.000E+05
 5.64489063E-05   9265.3 1.767E+00 6.557E+11 4.929E-01 3.409E+02 2.000E+05
 7.19850329E-05   9355.5 2.253E+00 8.278E+11 5.246E-01 3.479E+02 2.000E+05
 9.14173096E-05   9450.8 2.860E+00 1.040E+12 5.602E-01 3.477E+02 2.000E+05
 1.15646814E-04   9548.6 3.618E+00 1.302E+12 6.001E-01 3.429E+02 2.000E+05
 1.45745233E-04   9647.7 4.560E+00 1.624E+12 6.455E-01 3.378E+02 2.000E+05
 1.82960760E-04   9747.1 5.724E+00 2.017E+12 6.979E-01 3.366E+02 2.000E+05
 2.28759526E-04   9847.8 7.157E+00 2.496E+12 7.578E-01 3.386E+02 2.000E+05
 2.84867998E-04   9949.4 8.912E+00 3.076E+12 8.265E-01 3.440E+02 2.000E+05
 3.53400840E-04  10053.8 1.106E+01 3.775E+12 9.031E-01 3.434E+02 2.000E+05
 4.36960391E-04  10157.4 1.367E+01 4.620E+12 9.891E-01 3.377E+02 2.000E+05
 5.38445400E-04  10255.2 1.684E+01 5.637E+12 1.089E+00 3.376E+02 2.000E+05
 6.61099144E-04  10349.1 2.068E+01 6.856E+12 1.203E+00 3.422E+02 2.000E+05
 8.08809389E-04  10440.5 2.530E+01 8.312E+12 1.335E+00 3.507E+02 2.000E+05
 9.86121443E-04  10529.9 3.085E+01 1.004E+13 1.485E+00 3.630E+02 2.000E+05
 1.19859834E-03  10620.1 3.749E+01 1.210E+13 1.653E+00 3.737E+02 2.000E+05
 1.45277134E-03  10708.2 4.543E+01 1.453E+13 1.845E+00 3.883E+02 2.000E+05
 1.75601514E-03  10795.2 5.490E+01 1.742E+13 2.065E+00 4.074E+02 2.000E+05
 2.11709108E-03  10881.9 6.616E+01 2.081E+13 2.314E+00 4.307E+02 2.000E+05
 2.54636447E-03  10969.4 7.955E+01 2.481E+13 2.597E+00 4.583E+02 2.000E+05
 3.05617121E-03  11057.8 9.543E+01 2.952E+13 2.917E+00 4.908E+02 2.000E+05
 3.66169291E-03  11149.9 1.143E+02 3.504E+13 3.273E+00 5.243E+02 2.000E+05
 4.38131639E-03  11243.2 1.366E+02 4.153E+13 3.672E+00 5.611E+02 2.000E+05
 5.23733411E-03  11337.4 1.632E+02 4.917E+13 4.115E+00 6.003E+02 2.000E+05
 6.25635913E-03  11434.6 1.948E+02 5.817E+13 4.609E+00 6.467E+02 2.000E+05
 7.47083542E-03  11539.3 2.324E+02 6.874E+13 5.150E+00 6.992E+02 2.000E+05
 8.92262914E-03  11656.4 2.772E+02 8.117E+13 5.734E+00 7.561E+02 2.000E+05
 1.06666123E-02  11790.5 3.310E+02 9.581E+13 6.346E+00 8.145E+02 2.000E+05
 1.27758681E-02  11946.8 3.959E+02 1.131E+14 6.972E+00 8.710E+02 2.000E+05
 1.53444755E-02  12128.3 4.748E+02 1.337E+14 7.611E+00 9.289E+02 2.000E+05
 1.84953422E-02  12341.7 5.715E+02 1.583E+14 8.240E+00 9.861E+02 2.000E+05
 2.23957139E-02  12594.9 6.908E+02 1.877E+14 8.831E+00 1.040E+03 2.000E+05
 2.72833536E-02  12890.8 8.402E+02 2.233E+14 9.333E+00 1.081E+03 2.000E+05
 3.34973761E-02  13240.0 1.030E+03 2.669E+14 9.722E+00 1.110E+03 2.000E+05
 4.15106811E-02  13652.3 1.274E+03 3.209E+14 9.990E+00 1.125E+03 2.000E+05
 5.19730928E-02  14134.1 1.593E+03 3.885E+14 1.016E+01 1.130E+03 2.000E+05
 6.57219475E-02  14696.4 2.013E+03 4.736E+14 1.029E+01 1.132E+03 2.000E+05
 8.39172665E-02  15339.9 2.567E+03 5.818E+14 1.032E+01 1.121E+03 2.000E+05
 1.08106560E-01  16074.5 3.305E+03 7.202E+14 1.036E+01 1.107E+03 2.000E+05
 1.40043013E-01  16896.0 4.280E+03 8.951E+14 1.053E+01 1.107E+03 2.000E+05
 1.82213940E-01  17814.3 5.567E+03 1.114E+15 1.056E+01 1.089E+03 2.000E+05
 2.37966976E-01  18822.7 7.270E+03 1.385E+15 1.071E+01 1.085E+03 2.000E+05
 3.11754950E-01  19932.7 9.524E+03 1.719E+15 1.072E+01 1.072E+03 2.000E+05
 4.09211959E-01  21150.9 1.250E+04 2.132E+15 1.092E+01 1.077E+03 2.000E+05
 5.36758944E-01  22486.4 1.640E+04 2.633E+15 1.113E+01 1.089E+03 2.000E+05
 7.04016866E-01  23947.7 2.150E+04 3.244E+15 1.130E+01 1.093E+03 2.000E+05
 9.22489193E-01  25541.1 2.817E+04 3.986E+15 1.160E+01 1.117E+03 2.000E+05
 1.20578447E+00  27275.9 3.681E+04 4.878E+15 1.195E+01 1.140E+03 2.000E+05
 1.56803365E+00  29160.9 4.784E+04 5.931E+15 1.261E+01 1.198E+03 2.000E+05
 2.02405924E+00  31213.1 6.170E+04 7.147E+15 1.341E+01 1.270E+03 2.000E+05
 2.58926709E+00  33437.5 7.882E+04 8.527E+15 1.458E+01 1.379E+03 2.000E+05
 3.28227038E+00  35860.0 9.974E+04 1.007E+16 1.586E+01 1.499E+03 2.000E+05
 4.12554622E+00  38467.6 1.251E+05 1.181E+16 1.750E+01 1.654E+03 2.000E+05
 5.15298626E+00  41315.9 1.558E+05 1.379E+16 1.890E+01 1.780E+03 2.000E+05
 6.44823797E+00  44375.7 1.945E+05 1.619E+16 1.973E+01 1.734E+03 2.000E+05
PRADK 9.0568E+01
BEGIN                    ITERATION   6 COMPLETED
