TEFF  34000.  GRAVITY 4.50000 LTE 
TITLE SDSC GRID  [-0.2]   VTURB 2.0 KM/S                                        
 OPACITY IFOP 1 1 1 1 1 1 1 1 1 1 1 1 1 0 1 0 0 0 0 0
 CONVECTION OFF  1.00 TURBULENCE OFF  0.00  0.00  0.00  0.00
ABUNDANCE SCALE   0.63100 ABUNDANCE CHANGE 1 0.91100 2 0.08900
 ABUNDANCE CHANGE  3 -10.88  4 -10.89  5  -9.44  6  -3.48  7  -3.99  8  -3.11
 ABUNDANCE CHANGE  9  -7.48 10  -3.95 11  -5.71 12  -4.46 13  -5.57 14  -4.49
 ABUNDANCE CHANGE 15  -6.59 16  -4.83 17  -6.54 18  -5.48 19  -6.82 20  -5.68
 ABUNDANCE CHANGE 21  -8.94 22  -7.05 23  -8.04 24  -6.37 25  -6.65 26  -4.37
 ABUNDANCE CHANGE 27  -7.12 28  -5.79 29  -7.83 30  -7.44 31  -9.16 32  -8.63
 ABUNDANCE CHANGE 33  -9.67 34  -8.69 35  -9.41 36  -8.81 37  -9.44 38  -9.14
 ABUNDANCE CHANGE 39  -9.80 40  -9.54 41 -10.62 42 -10.12 43 -20.00 44 -10.20
 ABUNDANCE CHANGE 45 -10.92 46 -10.35 47 -11.10 48 -10.18 49 -10.58 50 -10.04
 ABUNDANCE CHANGE 51 -11.04 52  -9.80 53 -10.53 54  -9.81 55 -10.92 56  -9.91
 ABUNDANCE CHANGE 57 -10.82 58 -10.49 59 -11.33 60 -10.54 61 -20.00 62 -11.04
 ABUNDANCE CHANGE 63 -11.53 64 -10.92 65 -11.94 66 -10.94 67 -11.78 68 -11.11
 ABUNDANCE CHANGE 69 -12.04 70 -10.96 71 -11.28 72 -11.16 73 -11.91 74 -10.93
 ABUNDANCE CHANGE 75 -11.77 76 -10.59 77 -10.69 78 -10.24 79 -11.03 80 -10.95
 ABUNDANCE CHANGE 81 -11.14 82 -10.19 83 -11.33 84 -20.00 85 -20.00 86 -20.00
 ABUNDANCE CHANGE 87 -20.00 88 -20.00 89 -20.00 90 -11.92 91 -20.00 92 -12.51
 ABUNDANCE CHANGE 93 -20.00 94 -20.00 95 -20.00 96 -20.00 97 -20.00 98 -20.00
 ABUNDANCE CHANGE 99 -20.00
READ DECK6 64 RHOX,T,P,XNE,ABROSS,ACCRAD,VTURB
 4.90031547E-06  17226.9 1.301E-01 2.735E+10 3.374E-01 5.081E+03 2.000E+05
 5.27057098E-06  18386.0 1.400E-01 2.759E+10 3.374E-01 4.342E+03 2.000E+05
 7.02248918E-06  18551.3 1.879E-01 3.668E+10 3.394E-01 4.259E+03 2.000E+05
 9.34501675E-06  18743.8 2.515E-01 4.860E+10 3.416E-01 4.204E+03 2.000E+05
 1.24212764E-05  18945.8 3.359E-01 6.422E+10 3.440E-01 4.168E+03 2.000E+05
 1.64938791E-05  19171.8 4.478E-01 8.460E+10 3.466E-01 4.118E+03 2.000E+05
 2.18832192E-05  19417.3 5.963E-01 1.112E+11 3.493E-01 4.039E+03 2.000E+05
 2.90147467E-05  19685.1 7.934E-01 1.460E+11 3.520E-01 3.929E+03 2.000E+05
 3.84507165E-05  19978.5 1.055E+00 1.913E+11 3.549E-01 3.758E+03 2.000E+05
 5.09081845E-05  20290.2 1.404E+00 2.507E+11 3.591E-01 3.457E+03 2.000E+05
 6.73148417E-05  20573.2 1.869E+00 3.290E+11 3.637E-01 3.197E+03 2.000E+05
 8.89097960E-05  20833.4 2.485E+00 4.320E+11 3.686E-01 2.992E+03 2.000E+05
 1.17308025E-04  21072.9 3.301E+00 5.673E+11 3.740E-01 2.827E+03 2.000E+05
 1.54599891E-04  21290.9 4.377E+00 7.446E+11 3.801E-01 2.699E+03 2.000E+05
 2.03507183E-04  21487.9 5.794E+00 9.765E+11 3.866E-01 2.620E+03 2.000E+05
 2.67593590E-04  21673.1 7.654E+00 1.279E+12 3.937E-01 2.585E+03 2.000E+05
 3.51485267E-04  21856.4 1.009E+01 1.672E+12 4.013E-01 2.578E+03 2.000E+05
 4.61093106E-04  22042.8 1.327E+01 2.180E+12 4.100E-01 2.607E+03 2.000E+05
 6.04045960E-04  22242.5 1.742E+01 2.836E+12 4.195E-01 2.638E+03 2.000E+05
 7.90199828E-04  22457.6 2.281E+01 3.678E+12 4.300E-01 2.670E+03 2.000E+05
 1.03188266E-03  22685.3 2.980E+01 4.757E+12 4.425E-01 2.720E+03 2.000E+05
 1.34448634E-03  22931.3 3.883E+01 6.131E+12 4.570E-01 2.782E+03 2.000E+05
 1.74758930E-03  23195.4 5.044E+01 7.874E+12 4.732E-01 2.832E+03 2.000E+05
 2.26619986E-03  23472.9 6.536E+01 1.008E+13 4.909E-01 2.865E+03 2.000E+05
 2.93198863E-03  23755.3 8.450E+01 1.288E+13 5.105E-01 2.888E+03 2.000E+05
 3.78447229E-03  24032.9 1.090E+02 1.642E+13 5.325E-01 2.924E+03 2.000E+05
 4.87213653E-03  24302.8 1.402E+02 2.088E+13 5.576E-01 2.991E+03 2.000E+05
 6.25547859E-03  24566.2 1.797E+02 2.648E+13 5.853E-01 3.083E+03 2.000E+05
 8.01058612E-03  24826.1 2.297E+02 3.349E+13 6.159E-01 3.203E+03 2.000E+05
 1.02328075E-02  25087.3 2.927E+02 4.223E+13 6.497E-01 3.352E+03 2.000E+05
 1.30301321E-02  25356.2 3.715E+02 5.303E+13 6.910E-01 3.562E+03 2.000E+05
 1.65292257E-02  25641.7 4.692E+02 6.624E+13 7.377E-01 3.806E+03 2.000E+05
 2.08944689E-02  25951.1 5.901E+02 8.230E+13 7.893E-01 4.071E+03 2.000E+05
 2.63309347E-02  26292.8 7.391E+02 1.017E+14 8.457E-01 4.351E+03 2.000E+05
 3.30931879E-02  26675.6 9.225E+02 1.252E+14 9.072E-01 4.638E+03 2.000E+05
 4.14873815E-02  27109.2 1.148E+03 1.532E+14 9.759E-01 4.934E+03 2.000E+05
 5.18869185E-02  27601.3 1.424E+03 1.867E+14 1.051E+00 5.221E+03 2.000E+05
 6.47758855E-02  28159.3 1.762E+03 2.265E+14 1.131E+00 5.485E+03 2.000E+05
 8.07015423E-02  28787.3 2.176E+03 2.737E+14 1.224E+00 5.762E+03 2.000E+05
 1.00305835E-01  29492.6 2.680E+03 3.291E+14 1.326E+00 6.031E+03 2.000E+05
 1.24399987E-01  30280.5 3.294E+03 3.941E+14 1.441E+00 6.297E+03 2.000E+05
 1.53926483E-01  31156.4 4.037E+03 4.698E+14 1.570E+00 6.570E+03 2.000E+05
 1.90092765E-01  32125.4 4.939E+03 5.579E+14 1.708E+00 6.818E+03 2.000E+05
 2.34388419E-01  33193.5 6.032E+03 6.606E+14 1.862E+00 7.073E+03 2.000E+05
 2.88386937E-01  34365.3 7.350E+03 7.797E+14 2.043E+00 7.361E+03 2.000E+05
 3.53879633E-01  35642.1 8.928E+03 9.169E+14 2.249E+00 7.656E+03 2.000E+05
 4.33691954E-01  37023.9 1.084E+04 1.077E+15 2.446E+00 7.798E+03 2.000E+05
 5.31651803E-01  38508.7 1.316E+04 1.265E+15 2.654E+00 7.929E+03 2.000E+05
 6.52644950E-01  40105.1 1.602E+04 1.487E+15 2.847E+00 8.026E+03 2.000E+05
 8.04783056E-01  41867.2 1.961E+04 1.751E+15 2.986E+00 7.999E+03 2.000E+05
 1.00035450E+00  43817.3 2.424E+04 2.075E+15 3.067E+00 7.965E+03 2.000E+05
 1.25706269E+00  46039.7 3.032E+04 2.477E+15 3.088E+00 7.858E+03 2.000E+05
 1.59927751E+00  48528.8 3.848E+04 2.986E+15 3.069E+00 7.727E+03 2.000E+05
 2.06335023E+00  51340.8 4.962E+04 3.642E+15 2.990E+00 7.494E+03 2.000E+05
 2.70394105E+00  54474.9 6.518E+04 4.511E+15 2.866E+00 7.187E+03 2.000E+05
 3.60137396E+00  57994.1 8.728E+04 5.675E+15 2.713E+00 6.826E+03 2.000E+05
 4.87090705E+00  61876.6 1.190E+05 7.255E+15 2.551E+00 6.416E+03 2.000E+05
 6.66663555E+00  66151.0 1.646E+05 9.387E+15 2.412E+00 6.066E+03 2.000E+05
 9.20004792E+00  70803.7 2.299E+05 1.224E+16 2.281E+00 5.717E+03 2.000E+05
 1.27418822E+01  75859.3 3.221E+05 1.601E+16 2.195E+00 5.485E+03 2.000E+05
 1.76094074E+01  81322.1 4.497E+05 2.086E+16 2.145E+00 5.324E+03 2.000E+05
 2.42091102E+01  87225.0 6.236E+05 2.697E+16 2.123E+00 5.227E+03 2.000E+05
 3.30445816E+01  93607.0 8.572E+05 3.454E+16 2.126E+00 5.149E+03 2.000E+05
 4.47348123E+01 100470.4 1.168E+06 4.383E+16 2.153E+00 5.004E+03 2.000E+05
PRADK 2.4948E+03
BEGIN                    ITERATION   9 COMPLETED
