TEFF  10000.  GRAVITY 2.50000 LTE 
TITLE SDSC GRID  [-0.3]   VTURB 2.0 KM/S                                        
 OPACITY IFOP 1 1 1 1 1 1 1 1 1 1 1 1 1 0 1 0 0 0 0 0
 CONVECTION OFF  1.00 TURBULENCE OFF  0.00  0.00  0.00  0.00
ABUNDANCE SCALE   0.50120 ABUNDANCE CHANGE 1 0.91100 2 0.08900
 ABUNDANCE CHANGE  3 -10.88  4 -10.89  5  -9.44  6  -3.48  7  -3.99  8  -3.11
 ABUNDANCE CHANGE  9  -7.48 10  -3.95 11  -5.71 12  -4.46 13  -5.57 14  -4.49
 ABUNDANCE CHANGE 15  -6.59 16  -4.83 17  -6.54 18  -5.48 19  -6.82 20  -5.68
 ABUNDANCE CHANGE 21  -8.94 22  -7.05 23  -8.04 24  -6.37 25  -6.65 26  -4.37
 ABUNDANCE CHANGE 27  -7.12 28  -5.79 29  -7.83 30  -7.44 31  -9.16 32  -8.63
 ABUNDANCE CHANGE 33  -9.67 34  -8.69 35  -9.41 36  -8.81 37  -9.44 38  -9.14
 ABUNDANCE CHANGE 39  -9.80 40  -9.54 41 -10.62 42 -10.12 43 -20.00 44 -10.20
 ABUNDANCE CHANGE 45 -10.92 46 -10.35 47 -11.10 48 -10.18 49 -10.58 50 -10.04
 ABUNDANCE CHANGE 51 -11.04 52  -9.80 53 -10.53 54  -9.81 55 -10.92 56  -9.91
 ABUNDANCE CHANGE 57 -10.82 58 -10.49 59 -11.33 60 -10.54 61 -20.00 62 -11.04
 ABUNDANCE CHANGE 63 -11.53 64 -10.92 65 -11.94 66 -10.94 67 -11.78 68 -11.11
 ABUNDANCE CHANGE 69 -12.04 70 -10.96 71 -11.28 72 -11.16 73 -11.91 74 -10.93
 ABUNDANCE CHANGE 75 -11.77 76 -10.59 77 -10.69 78 -10.24 79 -11.03 80 -10.95
 ABUNDANCE CHANGE 81 -11.14 82 -10.19 83 -11.33 84 -20.00 85 -20.00 86 -20.00
 ABUNDANCE CHANGE 87 -20.00 88 -20.00 89 -20.00 90 -11.92 91 -20.00 92 -12.51
 ABUNDANCE CHANGE 93 -20.00 94 -20.00 95 -20.00 96 -20.00 97 -20.00 98 -20.00
 ABUNDANCE CHANGE 99 -20.00
READ DECK6 64 RHOX,T,P,XNE,ABROSS,ACCRAD,VTURB
 7.08238371E-06   5804.9 2.070E-03 9.501E+08 2.404E-01 2.397E+01 2.000E+05
 7.39912577E-06   6004.5 2.163E-03 1.099E+09 2.404E-01 2.206E+01 2.000E+05
 9.88890501E-06   6039.3 2.896E-03 1.443E+09 2.357E-01 2.147E+01 2.000E+05
 1.32642274E-05   6084.8 3.892E-03 1.906E+09 2.330E-01 2.083E+01 2.000E+05
 1.78158610E-05   6133.3 5.238E-03 2.523E+09 2.307E-01 2.009E+01 2.000E+05
 2.39321245E-05   6186.3 7.052E-03 3.344E+09 2.294E-01 1.922E+01 2.000E+05
 3.21293498E-05   6241.6 9.491E-03 4.431E+09 2.285E-01 1.820E+01 2.000E+05
 4.30824055E-05   6299.6 1.276E-02 5.870E+09 2.284E-01 1.738E+01 2.000E+05
 5.76764175E-05   6358.6 1.713E-02 7.764E+09 2.288E-01 1.669E+01 2.000E+05
 7.70909114E-05   6417.9 2.295E-02 1.025E+10 2.295E-01 1.612E+01 2.000E+05
 1.02880512E-04   6477.5 3.069E-02 1.350E+10 2.305E-01 1.569E+01 2.000E+05
 1.37082358E-04   6537.7 4.098E-02 1.774E+10 2.320E-01 1.525E+01 2.000E+05
 1.82340302E-04   6598.6 5.461E-02 2.328E+10 2.341E-01 1.488E+01 2.000E+05
 2.42078761E-04   6660.5 7.263E-02 3.048E+10 2.368E-01 1.444E+01 2.000E+05
 3.20718317E-04   6722.8 9.637E-02 3.981E+10 2.402E-01 1.413E+01 2.000E+05
 4.23938656E-04   6785.6 1.276E-01 5.186E+10 2.444E-01 1.384E+01 2.000E+05
 5.58925586E-04   6849.6 1.684E-01 6.739E+10 2.497E-01 1.367E+01 2.000E+05
 7.34589971E-04   6915.4 2.216E-01 8.735E+10 2.566E-01 1.362E+01 2.000E+05
 9.61770415E-04   6983.8 2.903E-01 1.129E+11 2.655E-01 1.367E+01 2.000E+05
 1.25344530E-03   7055.5 3.785E-01 1.454E+11 2.767E-01 1.372E+01 2.000E+05
 1.62533387E-03   7129.6 4.911E-01 1.866E+11 2.902E-01 1.364E+01 2.000E+05
 2.09723194E-03   7202.7 6.339E-01 2.383E+11 3.055E-01 1.359E+01 2.000E+05
 2.69422790E-03   7273.3 8.145E-01 3.024E+11 3.224E-01 1.366E+01 2.000E+05
 3.44756281E-03   7341.0 1.042E+00 3.819E+11 3.412E-01 1.386E+01 2.000E+05
 4.39554870E-03   7406.7 1.329E+00 4.799E+11 3.621E-01 1.411E+01 2.000E+05
 5.58494174E-03   7469.6 1.688E+00 6.001E+11 3.854E-01 1.450E+01 2.000E+05
 7.07221550E-03   7530.4 2.136E+00 7.470E+11 4.117E-01 1.505E+01 2.000E+05
 8.92506625E-03   7589.4 2.694E+00 9.256E+11 4.416E-01 1.577E+01 2.000E+05
 1.12221029E-02   7650.2 3.383E+00 1.144E+12 4.763E-01 1.654E+01 2.000E+05
 1.40547603E-02   7711.4 4.231E+00 1.407E+12 5.162E-01 1.738E+01 2.000E+05
 1.75322996E-02   7771.7 5.268E+00 1.724E+12 5.619E-01 1.841E+01 2.000E+05
 2.17816074E-02   7832.3 6.531E+00 2.104E+12 6.148E-01 1.966E+01 2.000E+05
 2.69470124E-02   7893.9 8.059E+00 2.557E+12 6.763E-01 2.117E+01 2.000E+05
 3.31895179E-02   7958.1 9.895E+00 3.099E+12 7.487E-01 2.302E+01 2.000E+05
 4.06763234E-02   8028.8 1.208E+01 3.748E+12 8.358E-01 2.518E+01 2.000E+05
 4.95795934E-02   8106.8 1.466E+01 4.523E+12 9.414E-01 2.782E+01 2.000E+05
 6.00679305E-02   8196.9 1.767E+01 5.455E+12 1.071E+00 3.088E+01 2.000E+05
 7.23047473E-02   8300.5 2.114E+01 6.568E+12 1.229E+00 3.452E+01 2.000E+05
 8.64510909E-02   8420.7 2.509E+01 7.891E+12 1.424E+00 3.886E+01 2.000E+05
 1.02679319E-01   8561.1 2.955E+01 9.450E+12 1.659E+00 4.394E+01 2.000E+05
 1.21244462E-01   8726.0 3.456E+01 1.126E+13 1.934E+00 4.952E+01 2.000E+05
 1.42607955E-01   8918.4 4.020E+01 1.334E+13 2.225E+00 5.467E+01 2.000E+05
 1.67536190E-01   9138.5 4.665E+01 1.569E+13 2.525E+00 5.964E+01 2.000E+05
 1.97142714E-01   9392.2 5.418E+01 1.832E+13 2.804E+00 6.379E+01 2.000E+05
 2.33230367E-01   9682.5 6.325E+01 2.130E+13 3.025E+00 6.613E+01 2.000E+05
 2.78380740E-01  10014.7 7.450E+01 2.473E+13 3.187E+00 6.751E+01 2.000E+05
 3.36486741E-01  10391.4 8.898E+01 2.886E+13 3.256E+00 6.652E+01 2.000E+05
 4.13053545E-01  10818.6 1.082E+02 3.399E+13 3.268E+00 6.514E+01 2.000E+05
 5.15658464E-01  11308.1 1.340E+02 4.053E+13 3.226E+00 6.322E+01 2.000E+05
 6.55690935E-01  11860.3 1.696E+02 4.909E+13 3.126E+00 6.048E+01 2.000E+05
 8.49615819E-01  12493.0 2.195E+02 6.049E+13 2.993E+00 5.768E+01 2.000E+05
 1.11977406E+00  13206.3 2.897E+02 7.579E+13 2.869E+00 5.533E+01 2.000E+05
 1.49585985E+00  14014.4 3.883E+02 9.637E+13 2.751E+00 5.295E+01 2.000E+05
 2.01145196E+00  14907.4 5.243E+02 1.237E+14 2.707E+00 5.189E+01 2.000E+05
 2.71131050E+00  15889.5 7.098E+02 1.590E+14 2.655E+00 5.057E+01 2.000E+05
 3.65974856E+00  16960.4 9.622E+02 2.037E+14 2.619E+00 4.966E+01 2.000E+05
 4.94485710E+00  18126.5 1.305E+03 2.596E+14 2.573E+00 4.861E+01 2.000E+05
 6.68073662E+00  19394.0 1.770E+03 3.297E+14 2.552E+00 4.817E+01 2.000E+05
 9.01690899E+00  20770.2 2.397E+03 4.172E+14 2.526E+00 4.745E+01 2.000E+05
 1.21455039E+01  22259.1 3.238E+03 5.260E+14 2.530E+00 4.756E+01 2.000E+05
 1.63114289E+01  23872.3 4.358E+03 6.602E+14 2.533E+00 4.720E+01 2.000E+05
 2.18140739E+01  25613.4 5.837E+03 8.241E+14 2.583E+00 4.792E+01 2.000E+05
 2.89494179E+01  27496.0 7.747E+03 1.019E+15 2.679E+00 4.911E+01 2.000E+05
 3.80111300E+01  29520.0 1.017E+04 1.246E+15 2.841E+00 4.863E+01 2.000E+05
PRADK 1.8094E+01
BEGIN                    ITERATION   6 COMPLETED
