TEFF   8750.  GRAVITY 3.50000 LTE
TITLE SDSC GRID  [-4.0]   VTURB 2.0 KM/S    L/H 1.25
 OPACITY IFOP 1 1 1 1 1 1 1 1 1 1 1 1 1 0 1 0 0 0 0 0
 CONVECTION ON   1.25 TURBULENCE OFF  0.00  0.00  0.00  0.00
ABUNDANCE SCALE   0.00010 ABUNDANCE CHANGE 1 0.91100 2 0.08900
 ABUNDANCE CHANGE  3 -10.88  4 -10.89  5  -9.44  6  -3.48  7  -3.99  8  -3.11
 ABUNDANCE CHANGE  9  -7.48 10  -3.95 11  -5.71 12  -4.46 13  -5.57 14  -4.49
 ABUNDANCE CHANGE 15  -6.59 16  -4.83 17  -6.54 18  -5.48 19  -6.82 20  -5.68
 ABUNDANCE CHANGE 21  -8.94 22  -7.05 23  -8.04 24  -6.37 25  -6.65 26  -4.37
 ABUNDANCE CHANGE 27  -7.12 28  -5.79 29  -7.83 30  -7.44 31  -9.16 32  -8.63
 ABUNDANCE CHANGE 33  -9.67 34  -8.69 35  -9.41 36  -8.81 37  -9.44 38  -9.14
 ABUNDANCE CHANGE 39  -9.80 40  -9.54 41 -10.62 42 -10.12 43 -20.00 44 -10.20
 ABUNDANCE CHANGE 45 -10.92 46 -10.35 47 -11.10 48 -10.18 49 -10.58 50 -10.04
 ABUNDANCE CHANGE 51 -11.04 52  -9.80 53 -10.53 54  -9.81 55 -10.92 56  -9.91
 ABUNDANCE CHANGE 57 -10.82 58 -10.49 59 -11.33 60 -10.54 61 -20.00 62 -11.04
 ABUNDANCE CHANGE 63 -11.53 64 -10.92 65 -11.94 66 -10.94 67 -11.78 68 -11.11
 ABUNDANCE CHANGE 69 -12.04 70 -10.96 71 -11.28 72 -11.16 73 -11.91 74 -10.93
 ABUNDANCE CHANGE 75 -11.77 76 -10.59 77 -10.69 78 -10.24 79 -11.03 80 -10.95
 ABUNDANCE CHANGE 81 -11.14 82 -10.19 83 -11.33 84 -20.00 85 -20.00 86 -20.00
 ABUNDANCE CHANGE 87 -20.00 88 -20.00 89 -20.00 90 -11.92 91 -20.00 92 -12.51
 ABUNDANCE CHANGE 93 -20.00 94 -20.00 95 -20.00 96 -20.00 97 -20.00 98 -20.00
 ABUNDANCE CHANGE 99 -20.00
READ DECK6 72 RHOX,T,P,XNE,ABROSS,ACCRAD,VTURB
 5.13571239E-07   6122.2 1.622E-03 8.626E+08 2.597E-01 3.052E+00 2.000E+05 0.000E+00 0.000E+00
 6.87099261E-07   6128.9 2.171E-03 1.135E+09 2.529E-01 2.981E+00 2.000E+05 0.000E+00 0.000E+00
 9.25213718E-07   6137.9 2.923E-03 1.497E+09 2.452E-01 2.899E+00 2.000E+05 0.000E+00 0.000E+00
 1.25326945E-06   6151.7 3.959E-03 1.980E+09 2.370E-01 2.809E+00 2.000E+05 0.000E+00 0.000E+00
 1.70684590E-06   6170.8 5.393E-03 2.626E+09 2.285E-01 2.715E+00 2.000E+05 0.000E+00 0.000E+00
 2.33355202E-06   6196.9 7.373E-03 3.491E+09 2.207E-01 2.620E+00 2.000E+05 0.000E+00 0.000E+00
 3.19840006E-06   6226.0 1.011E-02 4.642E+09 2.130E-01 2.523E+00 2.000E+05 0.000E+00 0.000E+00
 4.40723679E-06   6238.6 1.393E-02 6.122E+09 2.008E-01 2.400E+00 2.000E+05 0.000E+00 0.000E+00
 6.12903654E-06   6249.5 1.937E-02 8.071E+09 1.872E-01 2.268E+00 2.000E+05 0.000E+00 0.000E+00
 8.60881572E-06   6258.8 2.720E-02 1.063E+10 1.723E-01 2.132E+00 2.000E+05 0.000E+00 0.000E+00
 1.22048161E-05   6272.8 3.857E-02 1.403E+10 1.583E-01 2.005E+00 2.000E+05 0.000E+00 0.000E+00
 1.74465003E-05   6285.7 5.513E-02 1.847E+10 1.441E-01 1.876E+00 2.000E+05 0.000E+00 0.000E+00
 2.52306860E-05   6289.1 7.973E-02 2.405E+10 1.278E-01 1.735E+00 2.000E+05 0.000E+00 0.000E+00
 3.69920483E-05   6293.9 1.169E-01 3.133E+10 1.125E-01 1.607E+00 2.000E+05 0.000E+00 0.000E+00
 5.47882125E-05   6302.5 1.732E-01 4.092E+10 9.926E-02 1.499E+00 2.000E+05 0.000E+00 0.000E+00
 8.17946147E-05   6309.7 2.585E-01 5.315E+10 8.699E-02 1.405E+00 2.000E+05 0.000E+00 0.000E+00
 1.22690153E-04   6321.9 3.878E-01 6.928E+10 7.707E-02 1.337E+00 2.000E+05 0.000E+00 0.000E+00
 1.83645145E-04   6340.7 5.805E-01 9.062E+10 6.961E-02 1.295E+00 2.000E+05 0.000E+00 0.000E+00
 2.72763111E-04   6364.5 8.622E-01 1.185E+11 6.417E-02 1.278E+00 2.000E+05 0.000E+00 0.000E+00
 3.99173202E-04   6399.6 1.262E+00 1.561E+11 6.150E-02 1.294E+00 2.000E+05 0.000E+00 0.000E+00
 5.71379286E-04   6445.1 1.806E+00 2.062E+11 6.137E-02 1.339E+00 2.000E+05 0.000E+00 0.000E+00
 7.97092751E-04   6499.0 2.520E+00 2.719E+11 6.352E-02 1.412E+00 2.000E+05 0.000E+00 0.000E+00
 1.08282456E-03   6559.9 3.423E+00 3.567E+11 6.792E-02 1.508E+00 2.000E+05 0.000E+00 0.000E+00
 1.43466027E-03   6624.5 4.535E+00 4.633E+11 7.425E-02 1.614E+00 2.000E+05 0.000E+00 0.000E+00
 1.86319046E-03   6684.3 5.889E+00 5.896E+11 8.120E-02 1.708E+00 2.000E+05 0.000E+00 0.000E+00
 2.39152242E-03   6729.5 7.559E+00 7.271E+11 8.665E-02 1.776E+00 2.000E+05 0.000E+00 0.000E+00
 3.06318073E-03   6757.4 9.682E+00 8.706E+11 8.953E-02 1.817E+00 2.000E+05 0.000E+00 0.000E+00
 3.94048752E-03   6773.3 1.245E+01 1.024E+12 9.057E-02 1.845E+00 2.000E+05 0.000E+00 0.000E+00
 5.10383861E-03   6782.0 1.613E+01 1.195E+12 9.075E-02 1.868E+00 2.000E+05 0.000E+00 0.000E+00
 6.64872039E-03   6789.7 2.101E+01 1.395E+12 9.141E-02 1.900E+00 2.000E+05 0.000E+00 0.000E+00
 8.68364223E-03   6798.5 2.744E+01 1.631E+12 9.305E-02 1.943E+00 2.000E+05 0.000E+00 0.000E+00
 1.13287366E-02   6810.3 3.580E+01 1.914E+12 9.617E-02 2.002E+00 2.000E+05 0.000E+00 0.000E+00
 1.47144282E-02   6825.2 4.650E+01 2.251E+12 1.009E-01 2.079E+00 2.000E+05 0.000E+00 0.000E+00
 1.89918817E-02   6842.3 6.002E+01 2.646E+12 1.071E-01 2.170E+00 2.000E+05 0.000E+00 0.000E+00
 2.43364006E-02   6861.6 7.691E+01 3.108E+12 1.149E-01 2.278E+00 2.000E+05 0.000E+00 0.000E+00
 3.09515513E-02   6882.6 9.781E+01 3.645E+12 1.243E-01 2.402E+00 2.000E+05 0.000E+00 0.000E+00
 3.90542701E-02   6907.8 1.234E+02 4.284E+12 1.361E-01 2.558E+00 2.000E+05 0.000E+00 0.000E+00
 4.88902273E-02   6934.2 1.545E+02 5.023E+12 1.498E-01 2.735E+00 2.000E+05 0.000E+00 0.000E+00
 6.07743302E-02   6962.3 1.920E+02 5.880E+12 1.658E-01 2.940E+00 2.000E+05 0.000E+00 0.000E+00
 7.50487522E-02   6993.0 2.371E+02 6.887E+12 1.846E-01 3.182E+00 2.000E+05 0.000E+00 0.000E+00
 9.20776944E-02   7027.0 2.909E+02 8.075E+12 2.071E-01 3.472E+00 2.000E+05 0.000E+00 0.000E+00
 1.12212705E-01   7066.9 3.545E+02 9.519E+12 2.350E-01 3.839E+00 2.000E+05 0.000E+00 0.000E+00
 1.35702869E-01   7114.6 4.287E+02 1.131E+13 2.705E-01 4.309E+00 2.000E+05 0.000E+00 0.000E+00
 1.62763520E-01   7169.3 5.142E+02 1.350E+13 3.148E-01 4.897E+00 2.000E+05 0.000E+00 0.000E+00
 1.93542026E-01   7233.1 6.113E+02 1.625E+13 3.719E-01 5.658E+00 2.000E+05 0.000E+00 0.000E+00
 2.27980141E-01   7308.4 7.200E+02 1.976E+13 4.473E-01 6.667E+00 2.000E+05 0.000E+00 0.000E+00
 2.65739592E-01   7398.0 8.392E+02 2.433E+13 5.503E-01 8.044E+00 2.000E+05 0.000E+00 0.000E+00
 3.06159705E-01   7504.7 9.666E+02 3.040E+13 6.946E-01 9.971E+00 2.000E+05 9.165E-15 0.000E+00
 3.48157912E-01   7634.2 1.099E+03 3.871E+13 9.068E-01 1.279E+01 2.000E+05 5.019E-13 1.414E+02
 3.90315692E-01   7789.0 1.232E+03 5.020E+13 1.226E+00 1.695E+01 2.000E+05 5.801E-12 3.047E+02
 4.31165127E-01   7971.0 1.360E+03 6.611E+13 1.718E+00 2.328E+01 2.000E+05 3.713E-11 5.411E+02
 4.69280451E-01   8185.4 1.479E+03 8.846E+13 2.504E+00 3.317E+01 2.000E+05 2.974E-10 1.041E+03
 5.03523942E-01   8436.5 1.586E+03 1.199E+14 3.781E+00 4.874E+01 2.000E+05 4.009E-09 2.404E+03
 5.33285123E-01   8726.7 1.679E+03 1.633E+14 5.879E+00 7.360E+01 2.000E+05 9.178E-08 6.564E+03
 5.58663243E-01   9060.4 1.757E+03 2.215E+14 9.211E+00 1.115E+02 2.000E+05 2.190E-06 1.901E+04
 5.80383420E-01   9438.1 1.822E+03 2.948E+14 1.418E+01 1.664E+02 2.000E+05 5.130E-05 5.078E+04
 5.99592517E-01   9865.2 1.879E+03 3.787E+14 2.055E+01 2.349E+02 2.000E+05 3.255E-04 1.020E+05
 6.18443150E-01  10347.6 1.934E+03 4.616E+14 2.656E+01 2.977E+02 2.000E+05 5.042E-04 1.304E+05
 6.39372088E-01  10895.7 1.993E+03 5.277E+14 2.947E+01 3.285E+02 2.000E+05 1.711E-04 8.987E+04
 6.66980734E-01  11517.5 2.072E+03 5.692E+14 2.751E+01 3.080E+02 2.000E+05 1.052E-05 2.999E+04
 7.09220358E-01  12222.5 2.194E+03 5.952E+14 2.242E+01 2.530E+02 2.000E+05 2.051E-07 6.668E+03
 7.80928940E-01  13012.7 2.404E+03 6.260E+14 1.728E+01 1.958E+02 2.000E+05 1.391E-09 1.410E+03
 9.04860553E-01  13888.3 2.775E+03 6.837E+14 1.346E+01 1.520E+02 2.000E+05 8.488E-12 3.689E+02
 1.11068754E+00  14835.2 3.398E+03 7.893E+14 1.116E+01 1.252E+02 2.000E+05 1.220E-12 1.978E+02
 1.42951157E+00  15865.6 4.369E+03 9.577E+14 9.946E+00 1.109E+02 2.000E+05 4.092E-12 3.045E+02
 1.89057071E+00  16976.3 5.777E+03 1.198E+15 9.423E+00 1.044E+02 2.000E+05 9.862E-12 4.147E+02
 2.53036632E+00  18178.4 7.735E+03 1.516E+15 9.146E+00 1.009E+02 2.000E+05 2.764E-12 1.997E+02
 3.40613447E+00  19481.6 1.042E+04 1.918E+15 8.938E+00 9.851E+01 2.000E+05 2.364E-14 0.000E+00
 4.59591915E+00  20891.9 1.406E+04 2.424E+15 8.813E+00 9.690E+01 2.000E+05 0.000E+00 0.000E+00
 6.19386506E+00  22414.4 1.896E+04 3.051E+15 8.811E+00 9.659E+01 2.000E+05 0.000E+00 0.000E+00
 8.30716615E+00  24058.8 2.544E+04 3.817E+15 8.954E+00 9.762E+01 2.000E+05 0.000E+00 0.000E+00
 1.10575719E+01  25827.4 3.387E+04 4.736E+15 9.233E+00 9.612E+01 2.000E+05 0.000E+00 0.000E+00
PRADK 7.8756E+00
BEGIN                    ITERATION  15 COMPLETED
