TEFF  18000.  GRAVITY 3.00000 LTE
TITLE SDSC GRID  [-4.0]   VTURB 2.0 KM/S
 OPACITY IFOP 1 1 1 1 1 1 1 1 1 1 1 1 1 0 1 0 0 0 0 0
 CONVECTION OFF  1.00 TURBULENCE OFF  0.00  0.00  0.00  0.00
ABUNDANCE SCALE   0.00010 ABUNDANCE CHANGE 1 0.91100 2 0.08900
 ABUNDANCE CHANGE  3 -10.88  4 -10.89  5  -9.44  6  -3.48  7  -3.99  8  -3.11
 ABUNDANCE CHANGE  9  -7.48 10  -3.95 11  -5.71 12  -4.46 13  -5.57 14  -4.49
 ABUNDANCE CHANGE 15  -6.59 16  -4.83 17  -6.54 18  -5.48 19  -6.82 20  -5.68
 ABUNDANCE CHANGE 21  -8.94 22  -7.05 23  -8.04 24  -6.37 25  -6.65 26  -4.37
 ABUNDANCE CHANGE 27  -7.12 28  -5.79 29  -7.83 30  -7.44 31  -9.16 32  -8.63
 ABUNDANCE CHANGE 33  -9.67 34  -8.69 35  -9.41 36  -8.81 37  -9.44 38  -9.14
 ABUNDANCE CHANGE 39  -9.80 40  -9.54 41 -10.62 42 -10.12 43 -20.00 44 -10.20
 ABUNDANCE CHANGE 45 -10.92 46 -10.35 47 -11.10 48 -10.18 49 -10.58 50 -10.04
 ABUNDANCE CHANGE 51 -11.04 52  -9.80 53 -10.53 54  -9.81 55 -10.92 56  -9.91
 ABUNDANCE CHANGE 57 -10.82 58 -10.49 59 -11.33 60 -10.54 61 -20.00 62 -11.04
 ABUNDANCE CHANGE 63 -11.53 64 -10.92 65 -11.94 66 -10.94 67 -11.78 68 -11.11
 ABUNDANCE CHANGE 69 -12.04 70 -10.96 71 -11.28 72 -11.16 73 -11.91 74 -10.93
 ABUNDANCE CHANGE 75 -11.77 76 -10.59 77 -10.69 78 -10.24 79 -11.03 80 -10.95
 ABUNDANCE CHANGE 81 -11.14 82 -10.19 83 -11.33 84 -20.00 85 -20.00 86 -20.00
 ABUNDANCE CHANGE 87 -20.00 88 -20.00 89 -20.00 90 -11.92 91 -20.00 92 -12.51
 ABUNDANCE CHANGE 93 -20.00 94 -20.00 95 -20.00 96 -20.00 97 -20.00 98 -20.00
 ABUNDANCE CHANGE 99 -20.00
READ DECK6 64 RHOX,T,P,XNE,ABROSS,ACCRAD,VTURB
 5.34025323E-06  10601.1 5.021E-03 1.709E+09 3.131E-01 6.235E+01 2.000E+05
 5.58334190E-06  10602.1 5.249E-03 1.787E+09 3.131E-01 6.235E+01 2.000E+05
 7.44499024E-06  10603.1 7.000E-03 2.380E+09 3.126E-01 6.226E+01 2.000E+05
 9.92819884E-06  10604.1 9.336E-03 3.170E+09 3.119E-01 6.214E+01 2.000E+05
 1.32486689E-05  10605.1 1.246E-02 4.224E+09 3.111E-01 6.204E+01 2.000E+05
 1.77111654E-05  10606.1 1.666E-02 5.634E+09 3.102E-01 6.193E+01 2.000E+05
 2.37099950E-05  10607.1 2.229E-02 7.523E+09 3.091E-01 6.181E+01 2.000E+05
 3.17761591E-05  10608.1 2.987E-02 1.005E+10 3.078E-01 6.171E+01 2.000E+05
 4.26144720E-05  10609.1 4.004E-02 1.343E+10 3.065E-01 6.162E+01 2.000E+05
 5.71462668E-05  10610.1 5.368E-02 1.795E+10 3.053E-01 6.158E+01 2.000E+05
 7.66015825E-05  10614.7 7.193E-02 2.396E+10 3.042E-01 6.164E+01 2.000E+05
 1.02618125E-04  10626.0 9.634E-02 3.196E+10 3.035E-01 6.183E+01 2.000E+05
 1.37360453E-04  10644.6 1.289E-01 4.257E+10 3.034E-01 6.217E+01 2.000E+05
 1.83670160E-04  10670.6 1.723E-01 5.664E+10 3.038E-01 6.269E+01 2.000E+05
 2.45264085E-04  10704.3 2.301E-01 7.521E+10 3.050E-01 6.340E+01 2.000E+05
 3.26986622E-04  10746.6 3.066E-01 9.966E+10 3.069E-01 6.432E+01 2.000E+05
 4.35120927E-04  10798.2 4.077E-01 1.317E+11 3.098E-01 6.545E+01 2.000E+05
 5.77779949E-04  10863.2 5.409E-01 1.736E+11 3.136E-01 6.678E+01 2.000E+05
 7.65388218E-04  10942.6 7.158E-01 2.279E+11 3.185E-01 6.824E+01 2.000E+05
 1.01129975E-03  11039.3 9.448E-01 2.981E+11 3.245E-01 6.976E+01 2.000E+05
 1.33259885E-03  11151.1 1.243E+00 3.884E+11 3.318E-01 7.129E+01 2.000E+05
 1.75114093E-03  11277.4 1.632E+00 5.042E+11 3.403E-01 7.276E+01 2.000E+05
 2.29438762E-03  11411.9 2.135E+00 6.522E+11 3.503E-01 7.418E+01 2.000E+05
 2.99675642E-03  11550.0 2.785E+00 8.409E+11 3.619E-01 7.560E+01 2.000E+05
 3.90125611E-03  11684.3 3.620E+00 1.081E+12 3.756E-01 7.719E+01 2.000E+05
 5.06075012E-03  11811.3 4.689E+00 1.385E+12 3.916E-01 7.911E+01 2.000E+05
 6.53961311E-03  11927.8 6.049E+00 1.770E+12 4.105E-01 8.154E+01 2.000E+05
 8.41495653E-03  12032.5 7.769E+00 2.253E+12 4.329E-01 8.470E+01 2.000E+05
 1.07788809E-02  12125.2 9.928E+00 2.855E+12 4.593E-01 8.889E+01 2.000E+05
 1.37410265E-02  12212.3 1.262E+01 3.601E+12 4.901E-01 9.422E+01 2.000E+05
 1.74327268E-02  12297.9 1.595E+01 4.518E+12 5.256E-01 1.007E+02 2.000E+05
 2.20132713E-02  12386.6 2.005E+01 5.637E+12 5.659E-01 1.085E+02 2.000E+05
 2.76780015E-02  12482.7 2.508E+01 6.993E+12 6.109E-01 1.174E+02 2.000E+05
 3.46665780E-02  12586.2 3.121E+01 8.630E+12 6.609E-01 1.278E+02 2.000E+05
 4.32857914E-02  12712.8 3.868E+01 1.059E+13 7.141E-01 1.392E+02 2.000E+05
 5.39268623E-02  12855.9 4.777E+01 1.294E+13 7.710E-01 1.517E+02 2.000E+05
 6.70914535E-02  13026.5 5.884E+01 1.575E+13 8.295E-01 1.650E+02 2.000E+05
 8.34426249E-02  13228.1 7.238E+01 1.910E+13 8.886E-01 1.790E+02 2.000E+05
 1.03860456E-01  13470.5 8.899E+01 2.311E+13 9.461E-01 1.933E+02 2.000E+05
 1.29534380E-01  13764.2 1.095E+02 2.793E+13 9.996E-01 2.071E+02 2.000E+05
 1.62073813E-01  14117.2 1.351E+02 3.373E+13 1.048E+00 2.199E+02 2.000E+05
 2.03669054E-01  14538.7 1.673E+02 4.077E+13 1.088E+00 2.314E+02 2.000E+05
 2.57341863E-01  15033.9 2.083E+02 4.937E+13 1.119E+00 2.407E+02 2.000E+05
 3.27346034E-01  15612.2 2.612E+02 5.992E+13 1.138E+00 2.473E+02 2.000E+05
 4.19720574E-01  16283.5 3.305E+02 7.299E+13 1.144E+00 2.505E+02 2.000E+05
 5.42762430E-01  17053.7 4.227E+02 8.937E+13 1.142E+00 2.508E+02 2.000E+05
 7.07347180E-01  17920.9 5.462E+02 1.100E+14 1.137E+00 2.492E+02 2.000E+05
 9.27561994E-01  18888.6 7.117E+02 1.362E+14 1.135E+00 2.471E+02 2.000E+05
 1.22119226E+00  19959.0 9.331E+02 1.690E+14 1.138E+00 2.449E+02 2.000E+05
 1.61007137E+00  21126.1 1.227E+03 2.100E+14 1.151E+00 2.434E+02 2.000E+05
 2.12031542E+00  22382.3 1.613E+03 2.606E+14 1.175E+00 2.444E+02 2.000E+05
 2.78431795E+00  23754.4 2.114E+03 3.218E+14 1.208E+00 2.475E+02 2.000E+05
 3.64156748E+00  25233.5 2.757E+03 3.951E+14 1.253E+00 2.531E+02 2.000E+05
 4.73982252E+00  26850.5 3.572E+03 4.812E+14 1.308E+00 2.619E+02 2.000E+05
 6.13690543E+00  28612.4 4.595E+03 5.810E+14 1.376E+00 2.734E+02 2.000E+05
 7.90100093E+00  30536.1 5.864E+03 6.951E+14 1.459E+00 2.885E+02 2.000E+05
 1.01062169E+01  32634.0 7.411E+03 8.237E+14 1.566E+00 3.085E+02 2.000E+05
 1.28208134E+01  34919.4 9.251E+03 9.661E+14 1.711E+00 3.359E+02 2.000E+05
 1.61248676E+01  37410.2 1.139E+04 1.122E+15 1.875E+00 3.664E+02 2.000E+05
 2.02475376E+01  40138.1 1.397E+04 1.296E+15 1.939E+00 3.797E+02 2.000E+05
 2.58380793E+01  43094.7 1.748E+04 1.522E+15 1.834E+00 3.624E+02 2.000E+05
 3.38313576E+01  46239.9 2.269E+04 1.847E+15 1.686E+00 3.341E+02 2.000E+05
 4.54033122E+01  49625.0 3.056E+04 2.320E+15 1.563E+00 3.086E+02 2.000E+05
 6.19014043E+01  53242.9 4.208E+04 2.980E+15 1.462E+00 2.946E+02 2.000E+05
PRADK 1.8872E+02
BEGIN                    ITERATION   6 COMPLETED
