TEFF   6500.  GRAVITY 3.00000 LTE
TITLE SDSC GRID  [+0.0]   VTURB 2.0 KM/S    L/H 1.25
 OPACITY IFOP 1 1 1 1 1 1 1 1 1 1 1 1 1 0 1 0 0 0 0 0
 CONVECTION ON   1.25 TURBULENCE OFF  0.00  0.00  0.00  0.00
ABUNDANCE SCALE   1.00000 ABUNDANCE CHANGE 1 0.91100 2 0.08900
 ABUNDANCE CHANGE  3 -10.88  4 -10.89  5  -9.44  6  -3.48  7  -3.99  8  -3.11
 ABUNDANCE CHANGE  9  -7.48 10  -3.95 11  -5.71 12  -4.46 13  -5.57 14  -4.49
 ABUNDANCE CHANGE 15  -6.59 16  -4.83 17  -6.54 18  -5.48 19  -6.82 20  -5.68
 ABUNDANCE CHANGE 21  -8.94 22  -7.05 23  -8.04 24  -6.37 25  -6.65 26  -4.37
 ABUNDANCE CHANGE 27  -7.12 28  -5.79 29  -7.83 30  -7.44 31  -9.16 32  -8.63
 ABUNDANCE CHANGE 33  -9.67 34  -8.69 35  -9.41 36  -8.81 37  -9.44 38  -9.14
 ABUNDANCE CHANGE 39  -9.80 40  -9.54 41 -10.62 42 -10.12 43 -20.00 44 -10.20
 ABUNDANCE CHANGE 45 -10.92 46 -10.35 47 -11.10 48 -10.18 49 -10.58 50 -10.04
 ABUNDANCE CHANGE 51 -11.04 52  -9.80 53 -10.53 54  -9.81 55 -10.92 56  -9.91
 ABUNDANCE CHANGE 57 -10.82 58 -10.49 59 -11.33 60 -10.54 61 -20.00 62 -11.04
 ABUNDANCE CHANGE 63 -11.53 64 -10.92 65 -11.94 66 -10.94 67 -11.78 68 -11.11
 ABUNDANCE CHANGE 69 -12.04 70 -10.96 71 -11.28 72 -11.16 73 -11.91 74 -10.93
 ABUNDANCE CHANGE 75 -11.77 76 -10.59 77 -10.69 78 -10.24 79 -11.03 80 -10.95
 ABUNDANCE CHANGE 81 -11.14 82 -10.19 83 -11.33 84 -20.00 85 -20.00 86 -20.00
 ABUNDANCE CHANGE 87 -20.00 88 -20.00 89 -20.00 90 -11.92 91 -20.00 92 -12.51
 ABUNDANCE CHANGE 93 -20.00 94 -20.00 95 -20.00 96 -20.00 97 -20.00 98 -20.00
 ABUNDANCE CHANGE 99 -20.00
READ DECK6 72 RHOX,T,P,XNE,ABROSS,ACCRAD,VTURB
 8.25243295E-04   4179.7 8.252E-01 3.152E+08 1.616E-04 4.234E-02 2.000E+05 0.000E+00 0.000E+00
 1.10016335E-03   4193.1 1.100E+00 3.982E+08 1.620E-04 4.367E-02 2.000E+05 0.000E+00 0.000E+00
 1.46376100E-03   4207.9 1.464E+00 5.050E+08 1.643E-04 4.490E-02 2.000E+05 0.000E+00 0.000E+00
 1.93834892E-03   4225.3 1.938E+00 6.429E+08 1.690E-04 4.598E-02 2.000E+05 0.000E+00 0.000E+00
 2.54934068E-03   4245.1 2.549E+00 8.196E+08 1.763E-04 4.682E-02 2.000E+05 0.000E+00 0.000E+00
 3.32508248E-03   4267.1 3.325E+00 1.044E+09 1.864E-04 4.749E-02 2.000E+05 0.000E+00 0.000E+00
 4.29722758E-03   4291.3 4.297E+00 1.326E+09 1.995E-04 4.830E-02 2.000E+05 0.000E+00 0.000E+00
 5.50184259E-03   4317.2 5.502E+00 1.678E+09 2.157E-04 4.869E-02 2.000E+05 0.000E+00 0.000E+00
 6.98013923E-03   4344.5 6.980E+00 2.115E+09 2.354E-04 4.864E-02 2.000E+05 0.000E+00 0.000E+00
 8.77911048E-03   4372.9 8.779E+00 2.651E+09 2.590E-04 4.835E-02 2.000E+05 0.000E+00 0.000E+00
 1.09494850E-02   4402.1 1.095E+01 3.307E+09 2.875E-04 4.847E-02 2.000E+05 0.000E+00 0.000E+00
 1.35477099E-02   4432.2 1.355E+01 4.106E+09 3.212E-04 4.859E-02 2.000E+05 0.000E+00 0.000E+00
 1.66415146E-02   4462.6 1.664E+01 5.071E+09 3.605E-04 4.838E-02 2.000E+05 0.000E+00 0.000E+00
 2.03110553E-02   4493.1 2.031E+01 6.231E+09 4.059E-04 4.790E-02 2.000E+05 0.000E+00 0.000E+00
 2.46503601E-02   4523.4 2.465E+01 7.617E+09 4.583E-04 4.722E-02 2.000E+05 0.000E+00 0.000E+00
 2.97704951E-02   4553.4 2.977E+01 9.269E+09 5.185E-04 4.640E-02 2.000E+05 0.000E+00 0.000E+00
 3.57943610E-02   4583.0 3.579E+01 1.123E+10 5.887E-04 4.617E-02 2.000E+05 0.000E+00 0.000E+00
 4.28564250E-02   4612.6 4.285E+01 1.356E+10 6.707E-04 4.643E-02 2.000E+05 0.000E+00 0.000E+00
 5.11150412E-02   4642.2 5.111E+01 1.631E+10 7.654E-04 4.663E-02 2.000E+05 0.000E+00 0.000E+00
 6.07603084E-02   4671.9 6.076E+01 1.958E+10 8.744E-04 4.677E-02 2.000E+05 0.000E+00 0.000E+00
 7.20125259E-02   4701.6 7.201E+01 2.344E+10 1.000E-03 4.688E-02 2.000E+05 0.000E+00 0.000E+00
 8.51258313E-02   4731.5 8.512E+01 2.800E+10 1.145E-03 4.696E-02 2.000E+05 0.000E+00 0.000E+00
 1.00394248E-01   4761.6 1.004E+02 3.341E+10 1.312E-03 4.699E-02 2.000E+05 0.000E+00 0.000E+00
 1.18141417E-01   4792.1 1.181E+02 3.980E+10 1.507E-03 4.760E-02 2.000E+05 0.000E+00 0.000E+00
 1.38716163E-01   4823.1 1.387E+02 4.737E+10 1.735E-03 4.863E-02 2.000E+05 0.000E+00 0.000E+00
 1.62526305E-01   4854.7 1.625E+02 5.636E+10 2.001E-03 4.960E-02 2.000E+05 0.000E+00 0.000E+00
 1.90056330E-01   4887.1 1.900E+02 6.703E+10 2.308E-03 5.054E-02 2.000E+05 0.000E+00 0.000E+00
 2.21868331E-01   4919.9 2.219E+02 7.966E+10 2.664E-03 5.145E-02 2.000E+05 0.000E+00 0.000E+00
 2.58620198E-01   4953.1 2.586E+02 9.462E+10 3.075E-03 5.236E-02 2.000E+05 0.000E+00 0.000E+00
 3.01076545E-01   4986.6 3.011E+02 1.123E+11 3.550E-03 5.328E-02 2.000E+05 0.000E+00 0.000E+00
 3.50109381E-01   5020.2 3.501E+02 1.331E+11 4.101E-03 5.474E-02 2.000E+05 0.000E+00 0.000E+00
 4.06670109E-01   5053.9 4.066E+02 1.577E+11 4.744E-03 5.703E-02 2.000E+05 0.000E+00 0.000E+00
 4.71839835E-01   5088.5 4.718E+02 1.869E+11 5.492E-03 5.949E-02 2.000E+05 0.000E+00 0.000E+00
 5.46914290E-01   5123.4 5.469E+02 2.214E+11 6.357E-03 6.214E-02 2.000E+05 0.000E+00 0.000E+00
 6.33404478E-01   5158.8 6.334E+02 2.622E+11 7.358E-03 6.503E-02 2.000E+05 0.000E+00 0.000E+00
 7.33091358E-01   5194.3 7.330E+02 3.102E+11 8.510E-03 6.823E-02 2.000E+05 0.000E+00 0.000E+00
 8.48046360E-01   5230.1 8.480E+02 3.669E+11 9.840E-03 7.185E-02 2.000E+05 0.000E+00 0.000E+00
 9.80693936E-01   5265.9 9.806E+02 4.336E+11 1.137E-02 7.598E-02 2.000E+05 0.000E+00 0.000E+00
 1.13375110E+00   5302.1 1.134E+03 5.124E+11 1.314E-02 8.123E-02 2.000E+05 0.000E+00 0.000E+00
 1.31023894E+00   5339.0 1.310E+03 6.059E+11 1.520E-02 8.732E-02 2.000E+05 0.000E+00 0.000E+00
 1.51359518E+00   5377.1 1.513E+03 7.174E+11 1.761E-02 9.452E-02 2.000E+05 0.000E+00 0.000E+00
 1.74732399E+00   5416.7 1.747E+03 8.513E+11 2.047E-02 1.038E-01 2.000E+05 0.000E+00 0.000E+00
 2.01500976E+00   5459.0 2.015E+03 1.014E+12 2.387E-02 1.148E-01 2.000E+05 0.000E+00 0.000E+00
 2.32043208E+00   5504.8 2.320E+03 1.216E+12 2.796E-02 1.282E-01 2.000E+05 0.000E+00 0.000E+00
 2.66718254E+00   5554.9 2.667E+03 1.468E+12 3.294E-02 1.445E-01 2.000E+05 0.000E+00 0.000E+00
 3.05823030E+00   5611.0 3.058E+03 1.789E+12 3.911E-02 1.650E-01 2.000E+05 0.000E+00 0.000E+00
 3.49491624E+00   5675.1 3.495E+03 2.212E+12 4.699E-02 1.917E-01 2.000E+05 1.058E-13 0.000E+00
 3.97655219E+00   5749.1 3.976E+03 2.781E+12 5.721E-02 2.268E-01 2.000E+05 2.880E-11 0.000E+00
 4.49794089E+00   5837.5 4.497E+03 3.584E+12 7.135E-02 2.770E-01 2.000E+05 5.810E-11 0.000E+00
 5.04921100E+00   5943.0 5.048E+03 4.750E+12 9.112E-02 3.493E-01 2.000E+05 1.267E-09 0.000E+00
 5.61465148E+00   6077.9 5.613E+03 6.625E+12 1.216E-01 4.720E-01 2.000E+05 1.270E-06 0.000E+00
 6.12854475E+00   6329.1 6.126E+03 1.134E+13 1.955E-01 7.423E-01 2.000E+05 7.828E-04 5.817E+02
 6.54652043E+00   6580.7 6.545E+03 1.871E+13 3.083E-01 1.053E+00 2.000E+05 5.400E-02 6.284E+02
 6.94241986E+00   6724.3 6.940E+03 2.487E+13 4.022E-01 1.218E+00 2.000E+05 1.165E-01 2.869E+02
 7.35531875E+00   6852.9 7.352E+03 3.189E+13 5.091E-01 1.394E+00 2.000E+05 1.785E-01 5.799E+02
 7.78275936E+00   7010.3 7.779E+03 4.247E+13 6.715E-01 1.689E+00 2.000E+05 2.388E-01 1.644E+03
 8.21065565E+00   7185.4 8.206E+03 5.741E+13 9.067E-01 2.159E+00 2.000E+05 2.888E-01 5.227E+03
 8.60791507E+00   7443.9 8.602E+03 8.615E+13 1.385E+00 3.164E+00 2.000E+05 3.230E-01 1.645E+04
 8.95288251E+00   7717.6 8.946E+03 1.281E+14 2.141E+00 4.746E+00 2.000E+05 3.559E-01 4.868E+04
 9.22598813E+00   8097.7 9.218E+03 2.097E+14 3.832E+00 7.863E+00 2.000E+05 3.939E-01 9.819E+04
 9.44427127E+00   8408.1 9.434E+03 3.024E+14 6.066E+00 1.203E+01 2.000E+05 4.236E-01 1.452E+05
 9.60308268E+00   8916.3 9.590E+03 5.101E+14 1.224E+01 2.288E+01 2.000E+05 4.643E-01 4.608E+05
 9.72269356E+00   9267.9 9.707E+03 7.008E+14 1.911E+01 1.971E+01 2.000E+05 6.840E-01 5.185E+05
 9.83813177E+00   9470.7 9.820E+03 8.302E+14 2.423E+01 1.637E+01 2.000E+05 7.913E-01 5.393E+05
 9.95831351E+00   9705.4 9.938E+03 9.942E+14 3.127E+01 1.500E+01 2.000E+05 8.577E-01 5.573E+05
 1.00889422E+01   9866.2 1.007E+04 1.118E+15 3.683E+01 1.295E+01 2.000E+05 8.939E-01 5.615E+05
 1.02341850E+01  10077.9 1.021E+04 1.288E+15 4.484E+01 1.264E+01 2.000E+05 9.175E-01 5.744E+05
 1.03988715E+01  10235.0 1.037E+04 1.423E+15 5.121E+01 1.127E+01 2.000E+05 9.337E-01 5.747E+05
 1.05876887E+01  10453.1 1.056E+04 1.613E+15 6.050E+01 1.133E+01 2.000E+05 9.454E-01 5.891E+05
 1.08061673E+01  10626.7 1.078E+04 1.773E+15 6.825E+01 1.013E+01 2.000E+05 9.551E-01 5.768E+05
 1.10620731E+01  10854.5 1.103E+04 1.979E+15 7.833E+01 1.072E+01 2.000E+05 9.602E-01 6.053E+05
 1.13624910E+01  11084.8 1.133E+04 2.188E+15 8.817E+01 1.086E+01 2.000E+05 9.630E-01 6.070E+05
PRADK 2.3659E+00
BEGIN                    ITERATION  15 COMPLETED
