TEFF  20000.  GRAVITY 3.00000 LTE 
TITLE SDSC GRID  [+0.3]   VTURB 2.0 KM/S                                        
 OPACITY IFOP 1 1 1 1 1 1 1 1 1 1 1 1 1 0 1 0 0 0 0 0
 CONVECTION OFF  1.00 TURBULENCE OFF  0.00  0.00  0.00  0.00
ABUNDANCE SCALE   1.99530 ABUNDANCE CHANGE 1 0.91100 2 0.08900
 ABUNDANCE CHANGE  3 -10.88  4 -10.89  5  -9.44  6  -3.48  7  -3.99  8  -3.11
 ABUNDANCE CHANGE  9  -7.48 10  -3.95 11  -5.71 12  -4.46 13  -5.57 14  -4.49
 ABUNDANCE CHANGE 15  -6.59 16  -4.83 17  -6.54 18  -5.48 19  -6.82 20  -5.68
 ABUNDANCE CHANGE 21  -8.94 22  -7.05 23  -8.04 24  -6.37 25  -6.65 26  -4.37
 ABUNDANCE CHANGE 27  -7.12 28  -5.79 29  -7.83 30  -7.44 31  -9.16 32  -8.63
 ABUNDANCE CHANGE 33  -9.67 34  -8.69 35  -9.41 36  -8.81 37  -9.44 38  -9.14
 ABUNDANCE CHANGE 39  -9.80 40  -9.54 41 -10.62 42 -10.12 43 -20.00 44 -10.20
 ABUNDANCE CHANGE 45 -10.92 46 -10.35 47 -11.10 48 -10.18 49 -10.58 50 -10.04
 ABUNDANCE CHANGE 51 -11.04 52  -9.80 53 -10.53 54  -9.81 55 -10.92 56  -9.91
 ABUNDANCE CHANGE 57 -10.82 58 -10.49 59 -11.33 60 -10.54 61 -20.00 62 -11.04
 ABUNDANCE CHANGE 63 -11.53 64 -10.92 65 -11.94 66 -10.94 67 -11.78 68 -11.11
 ABUNDANCE CHANGE 69 -12.04 70 -10.96 71 -11.28 72 -11.16 73 -11.91 74 -10.93
 ABUNDANCE CHANGE 75 -11.77 76 -10.59 77 -10.69 78 -10.24 79 -11.03 80 -10.95
 ABUNDANCE CHANGE 81 -11.14 82 -10.19 83 -11.33 84 -20.00 85 -20.00 86 -20.00
 ABUNDANCE CHANGE 87 -20.00 88 -20.00 89 -20.00 90 -11.92 91 -20.00 92 -12.51
 ABUNDANCE CHANGE 93 -20.00 94 -20.00 95 -20.00 96 -20.00 97 -20.00 98 -20.00
 ABUNDANCE CHANGE 99 -20.00
READ DECK6 64 RHOX,T,P,XNE,ABROSS,ACCRAD,VTURB
 5.26012267E-06   9471.7 3.095E-03 1.151E+09 3.153E-01 4.118E+02 2.000E+05
 5.62216614E-06  10169.2 3.313E-03 1.172E+09 3.153E-01 3.852E+02 2.000E+05
 7.49103262E-06  10418.7 4.517E-03 1.564E+09 3.175E-01 3.257E+02 2.000E+05
 9.98041787E-06  10419.7 6.205E-03 2.145E+09 3.167E-01 3.183E+02 2.000E+05
 1.32965965E-05  10707.6 8.543E-03 2.880E+09 3.192E-01 2.719E+02 2.000E+05
 1.77006906E-05  10760.1 1.176E-02 3.942E+09 3.195E-01 2.672E+02 2.000E+05
 2.35517163E-05  10933.5 1.606E-02 5.302E+09 3.216E-01 2.616E+02 2.000E+05
 3.13100904E-05  11067.3 2.180E-02 7.110E+09 3.232E-01 2.594E+02 2.000E+05
 4.15996520E-05  11233.9 2.944E-02 9.463E+09 3.251E-01 2.549E+02 2.000E+05
 5.52257791E-05  11409.0 3.974E-02 1.258E+10 3.277E-01 2.331E+02 2.000E+05
 7.32535144E-05  11555.7 5.370E-02 1.679E+10 3.302E-01 2.200E+02 2.000E+05
 9.71156166E-05  11690.8 7.243E-02 2.238E+10 3.326E-01 2.111E+02 2.000E+05
 1.28698411E-04  11817.9 9.746E-02 2.979E+10 3.352E-01 2.043E+02 2.000E+05
 1.70477174E-04  11939.4 1.308E-01 3.958E+10 3.380E-01 1.986E+02 2.000E+05
 2.25709814E-04  12052.7 1.752E-01 5.251E+10 3.410E-01 1.941E+02 2.000E+05
 2.98698936E-04  12159.2 2.342E-01 6.955E+10 3.442E-01 1.907E+02 2.000E+05
 3.95100880E-04  12258.8 3.123E-01 9.197E+10 3.477E-01 1.887E+02 2.000E+05
 5.22262244E-04  12354.7 4.155E-01 1.214E+11 3.518E-01 1.887E+02 2.000E+05
 6.89740609E-04  12449.4 5.513E-01 1.597E+11 3.564E-01 1.899E+02 2.000E+05
 9.10029078E-04  12547.1 7.295E-01 2.097E+11 3.616E-01 1.916E+02 2.000E+05
 1.19916815E-03  12652.2 9.629E-01 2.744E+11 3.679E-01 1.939E+02 2.000E+05
 1.57737868E-03  12765.4 1.267E+00 3.578E+11 3.758E-01 1.971E+02 2.000E+05
 2.07040391E-03  12884.1 1.662E+00 4.649E+11 3.849E-01 2.005E+02 2.000E+05
 2.71135788E-03  13007.9 2.173E+00 6.020E+11 3.953E-01 2.041E+02 2.000E+05
 3.54221460E-03  13137.3 2.833E+00 7.768E+11 4.073E-01 2.079E+02 2.000E+05
 4.61544380E-03  13273.9 3.681E+00 9.988E+11 4.213E-01 2.125E+02 2.000E+05
 5.99640216E-03  13418.1 4.765E+00 1.279E+12 4.374E-01 2.177E+02 2.000E+05
 7.76746115E-03  13571.5 6.145E+00 1.631E+12 4.554E-01 2.226E+02 2.000E+05
 1.00323606E-02  13735.0 7.901E+00 2.072E+12 4.755E-01 2.269E+02 2.000E+05
 1.29212171E-02  13909.2 1.013E+01 2.624E+12 4.978E-01 2.304E+02 2.000E+05
 1.65936559E-02  14093.8 1.295E+01 3.311E+12 5.232E-01 2.346E+02 2.000E+05
 2.12394080E-02  14285.9 1.649E+01 4.161E+12 5.530E-01 2.402E+02 2.000E+05
 2.70912565E-02  14485.0 2.092E+01 5.207E+12 5.862E-01 2.463E+02 2.000E+05
 3.44437083E-02  14689.8 2.644E+01 6.490E+12 6.228E-01 2.528E+02 2.000E+05
 4.36613620E-02  14900.9 3.329E+01 8.059E+12 6.632E-01 2.605E+02 2.000E+05
 5.51881551E-02  15121.1 4.176E+01 9.965E+12 7.081E-01 2.702E+02 2.000E+05
 6.95844369E-02  15352.9 5.218E+01 1.227E+13 7.559E-01 2.807E+02 2.000E+05
 8.75749393E-02  15600.5 6.502E+01 1.505E+13 8.062E-01 2.923E+02 2.000E+05
 1.10094772E-01  15871.4 8.081E+01 1.839E+13 8.581E-01 3.050E+02 2.000E+05
 1.38293357E-01  16178.4 1.002E+02 2.237E+13 9.143E-01 3.210E+02 2.000E+05
 1.73605452E-01  16537.5 1.238E+02 2.707E+13 9.726E-01 3.393E+02 2.000E+05
 2.17992094E-01  16957.3 1.527E+02 3.257E+13 1.029E+00 3.571E+02 2.000E+05
 2.74123279E-01  17448.8 1.883E+02 3.904E+13 1.081E+00 3.744E+02 2.000E+05
 3.45746120E-01  18021.4 2.326E+02 4.671E+13 1.124E+00 3.871E+02 2.000E+05
 4.38031338E-01  18680.6 2.888E+02 5.595E+13 1.160E+00 3.966E+02 2.000E+05
 5.57244571E-01  19449.3 3.599E+02 6.699E+13 1.197E+00 4.100E+02 2.000E+05
 7.12284759E-01  20333.8 4.509E+02 8.029E+13 1.218E+00 4.142E+02 2.000E+05
 9.17181320E-01  21323.5 5.715E+02 9.704E+13 1.223E+00 4.088E+02 2.000E+05
 1.18849989E+00  22440.4 7.319E+02 1.181E+14 1.236E+00 4.090E+02 2.000E+05
 1.54490297E+00  23669.2 9.423E+02 1.442E+14 1.259E+00 4.102E+02 2.000E+05
 2.01157524E+00  25049.5 1.218E+03 1.760E+14 1.282E+00 4.092E+02 2.000E+05
 2.61077722E+00  26530.1 1.566E+03 2.138E+14 1.357E+00 4.275E+02 2.000E+05
 3.36886921E+00  28176.6 1.994E+03 2.564E+14 1.425E+00 4.432E+02 2.000E+05
 4.31969934E+00  29966.0 2.510E+03 3.037E+14 1.533E+00 4.727E+02 2.000E+05
 5.49771586E+00  31928.9 3.111E+03 3.544E+14 1.647E+00 5.053E+02 2.000E+05
 6.96589006E+00  34065.6 3.817E+03 4.103E+14 1.754E+00 5.315E+02 2.000E+05
 8.81134744E+00  36387.8 4.657E+03 4.739E+14 1.851E+00 5.564E+02 2.000E+05
 1.12029655E+01  38915.5 5.716E+03 5.493E+14 1.860E+00 5.564E+02 2.000E+05
 1.44250772E+01  41663.0 7.162E+03 6.465E+14 1.821E+00 5.458E+02 2.000E+05
 1.88385984E+01  44626.0 9.201E+03 7.774E+14 1.763E+00 5.299E+02 2.000E+05
 2.49395245E+01  47860.2 1.214E+04 9.569E+14 1.697E+00 5.085E+02 2.000E+05
 3.34002699E+01  51332.0 1.638E+04 1.205E+15 1.630E+00 4.889E+02 2.000E+05
 4.52114517E+01  55119.1 2.258E+04 1.547E+15 1.548E+00 4.609E+02 2.000E+05
 6.16964144E+01  59157.6 3.171E+04 2.024E+15 1.483E+00 4.311E+02 2.000E+05
PRADK 2.8949E+02
BEGIN                    ITERATION   9 COMPLETED
