TEFF   7250.  GRAVITY 1.00000 LTE 
TITLE SDSC GRID  [-3.0]   VTURB 2.0 KM/S    L/H 1.25                            
 OPACITY IFOP 1 1 1 1 1 1 1 1 1 1 1 1 1 0 1 0 0 0 0 0
 CONVECTION OFF  1.00 TURBULENCE OFF  0.00  0.00  0.00  0.00
ABUNDANCE SCALE   0.00100 ABUNDANCE CHANGE 1 0.91100 2 0.08900
 ABUNDANCE CHANGE  3 -10.88  4 -10.89  5  -9.44  6  -3.48  7  -3.99  8  -3.11
 ABUNDANCE CHANGE  9  -7.48 10  -3.95 11  -5.71 12  -4.46 13  -5.57 14  -4.49
 ABUNDANCE CHANGE 15  -6.59 16  -4.83 17  -6.54 18  -5.48 19  -6.82 20  -5.68
 ABUNDANCE CHANGE 21  -8.94 22  -7.05 23  -8.04 24  -6.37 25  -6.65 26  -4.37
 ABUNDANCE CHANGE 27  -7.12 28  -5.79 29  -7.83 30  -7.44 31  -9.16 32  -8.63
 ABUNDANCE CHANGE 33  -9.67 34  -8.69 35  -9.41 36  -8.81 37  -9.44 38  -9.14
 ABUNDANCE CHANGE 39  -9.80 40  -9.54 41 -10.62 42 -10.12 43 -20.00 44 -10.20
 ABUNDANCE CHANGE 45 -10.92 46 -10.35 47 -11.10 48 -10.18 49 -10.58 50 -10.04
 ABUNDANCE CHANGE 51 -11.04 52  -9.80 53 -10.53 54  -9.81 55 -10.92 56  -9.91
 ABUNDANCE CHANGE 57 -10.82 58 -10.49 59 -11.33 60 -10.54 61 -20.00 62 -11.04
 ABUNDANCE CHANGE 63 -11.53 64 -10.92 65 -11.94 66 -10.94 67 -11.78 68 -11.11
 ABUNDANCE CHANGE 69 -12.04 70 -10.96 71 -11.28 72 -11.16 73 -11.91 74 -10.93
 ABUNDANCE CHANGE 75 -11.77 76 -10.59 77 -10.69 78 -10.24 79 -11.03 80 -10.95
 ABUNDANCE CHANGE 81 -11.14 82 -10.19 83 -11.33 84 -20.00 85 -20.00 86 -20.00
 ABUNDANCE CHANGE 87 -20.00 88 -20.00 89 -20.00 90 -11.92 91 -20.00 92 -12.51
 ABUNDANCE CHANGE 93 -20.00 94 -20.00 95 -20.00 96 -20.00 97 -20.00 98 -20.00
 ABUNDANCE CHANGE 99 -20.00
READ DECK6 72 RHOX,T,P,XNE,ABROSS,ACCRAD,VTURB
 7.16651414E-07   4861.2 6.465E-06 3.576E+06 1.861E-01 9.785E-01 2.000E+05 0.000E+00 0.000E+00
 9.66160554E-07   4862.7 8.726E-06 4.560E+06 1.704E-01 8.969E-01 2.000E+05 0.000E+00 0.000E+00
 1.33276587E-06   4863.8 1.208E-05 5.878E+06 1.531E-01 8.068E-01 2.000E+05 0.000E+00 0.000E+00
 1.88165106E-06   4865.3 1.715E-05 7.650E+06 1.351E-01 7.126E-01 2.000E+05 0.000E+00 0.000E+00
 2.72372168E-06   4866.7 2.502E-05 1.004E+07 1.167E-01 6.168E-01 2.000E+05 0.000E+00 0.000E+00
 4.03735403E-06   4868.1 3.741E-05 1.324E+07 9.880E-02 5.237E-01 2.000E+05 0.000E+00 0.000E+00
 6.12539918E-06   4869.8 5.729E-05 1.755E+07 8.221E-02 4.373E-01 2.000E+05 0.000E+00 0.000E+00
 9.49495164E-06   4872.6 8.965E-05 2.338E+07 6.756E-02 3.611E-01 2.000E+05 0.000E+00 0.000E+00
 1.49759361E-05   4877.6 1.427E-04 3.134E+07 5.525E-02 2.970E-01 2.000E+05 0.000E+00 0.000E+00
 2.39949384E-05   4880.4 2.305E-04 4.175E+07 4.440E-02 2.406E-01 2.000E+05 0.000E+00 0.000E+00
 3.89988172E-05   4884.4 3.773E-04 5.582E+07 3.553E-02 1.945E-01 2.000E+05 0.000E+00 0.000E+00
 6.41143122E-05   4887.7 6.241E-04 7.443E+07 2.819E-02 1.564E-01 2.000E+05 0.000E+00 0.000E+00
 1.06366602E-04   4891.9 1.041E-03 9.942E+07 2.234E-02 1.260E-01 2.000E+05 0.000E+00 0.000E+00
 1.77324104E-04   4897.8 1.742E-03 1.332E+08 1.778E-02 1.024E-01 2.000E+05 0.000E+00 0.000E+00
 2.95706195E-04   4905.9 2.915E-03 1.791E+08 1.428E-02 8.430E-02 2.000E+05 0.000E+00 0.000E+00
 4.90866526E-04   4917.3 4.852E-03 2.421E+08 1.164E-02 7.065E-02 2.000E+05 0.000E+00 0.000E+00
 8.06889245E-04   4932.9 7.991E-03 3.293E+08 9.683E-03 6.055E-02 2.000E+05 0.000E+00 0.000E+00
 1.30665655E-03   4953.8 1.296E-02 4.513E+08 8.270E-03 5.325E-02 2.000E+05 0.000E+00 0.000E+00
 2.07544623E-03   4980.2 2.061E-02 6.220E+08 7.267E-03 4.806E-02 2.000E+05 0.000E+00 0.000E+00
 3.22606876E-03   5011.2 3.206E-02 8.593E+08 6.556E-03 4.434E-02 2.000E+05 0.000E+00 0.000E+00
 4.90462200E-03   5046.5 4.878E-02 1.187E+09 6.063E-03 4.172E-02 2.000E+05 0.000E+00 0.000E+00
 7.29912191E-03   5084.9 7.262E-02 1.635E+09 5.719E-03 3.985E-02 2.000E+05 0.000E+00 0.000E+00
 1.06586881E-02   5124.8 1.061E-01 2.237E+09 5.469E-03 3.845E-02 2.000E+05 0.000E+00 0.000E+00
 1.53201510E-02   5165.1 1.525E-01 3.033E+09 5.278E-03 3.739E-02 2.000E+05 0.000E+00 0.000E+00
 2.17380759E-02   5205.6 2.165E-01 4.079E+09 5.130E-03 3.660E-02 2.000E+05 0.000E+00 0.000E+00
 3.05053782E-02   5247.0 3.038E-01 5.461E+09 5.031E-03 3.615E-02 2.000E+05 0.000E+00 0.000E+00
 4.23362221E-02   5291.4 4.217E-01 7.317E+09 5.012E-03 3.618E-02 2.000E+05 0.000E+00 0.000E+00
 5.79800028E-02   5341.5 5.776E-01 9.873E+09 5.117E-03 3.689E-02 2.000E+05 0.000E+00 0.000E+00
 7.81021901E-02   5398.7 7.780E-01 1.343E+10 5.380E-03 3.833E-02 2.000E+05 0.000E+00 0.000E+00
 1.03262250E-01   5461.3 1.029E+00 1.830E+10 5.800E-03 4.040E-02 2.000E+05 0.000E+00 0.000E+00
 1.34321095E-01   5521.5 1.338E+00 2.448E+10 6.263E-03 4.243E-02 2.000E+05 0.000E+00 0.000E+00
 1.73059119E-01   5571.2 1.724E+00 3.163E+10 6.611E-03 4.376E-02 2.000E+05 0.000E+00 0.000E+00
 2.22919385E-01   5606.5 2.220E+00 3.933E+10 6.736E-03 4.411E-02 2.000E+05 0.000E+00 0.000E+00
 2.89069513E-01   5631.8 2.879E+00 4.780E+10 6.705E-03 4.393E-02 2.000E+05 0.000E+00 0.000E+00
 3.77984104E-01   5652.9 3.764E+00 5.770E+10 6.635E-03 4.370E-02 2.000E+05 0.000E+00 0.000E+00
 4.97424684E-01   5674.0 4.953E+00 6.986E+10 6.620E-03 4.382E-02 2.000E+05 0.000E+00 0.000E+00
 6.56018691E-01   5696.3 6.532E+00 8.487E+10 6.693E-03 4.442E-02 2.000E+05 0.000E+00 0.000E+00
 8.63429181E-01   5720.3 8.597E+00 1.034E+11 6.880E-03 4.561E-02 2.000E+05 0.000E+00 0.000E+00
 1.13022450E+00   5746.1 1.125E+01 1.260E+11 7.190E-03 4.746E-02 2.000E+05 0.000E+00 0.000E+00
 1.46737594E+00   5774.4 1.461E+01 1.539E+11 7.655E-03 5.011E-02 2.000E+05 0.000E+00 0.000E+00
 1.88600824E+00   5805.2 1.877E+01 1.879E+11 8.288E-03 5.367E-02 2.000E+05 0.000E+00 0.000E+00
 2.39704998E+00   5839.4 2.385E+01 2.297E+11 9.129E-03 5.836E-02 2.000E+05 0.000E+00 0.000E+00
 3.01077441E+00   5877.3 2.995E+01 2.813E+11 1.022E-02 6.442E-02 2.000E+05 0.000E+00 0.000E+00
 3.73504257E+00   5920.9 3.715E+01 3.466E+11 1.165E-02 7.248E-02 2.000E+05 0.000E+00 0.000E+00
 4.57425013E+00   5970.7 4.547E+01 4.293E+11 1.353E-02 8.306E-02 2.000E+05 0.000E+00 0.000E+00
 5.52755966E+00   6029.5 5.492E+01 5.377E+11 1.606E-02 9.747E-02 2.000E+05 0.000E+00 0.000E+00
 6.58573211E+00   6098.7 6.539E+01 6.822E+11 1.953E-02 1.174E-01 2.000E+05 0.000E+00 0.000E+00
 7.72979790E+00   6181.7 7.668E+01 8.809E+11 2.445E-02 1.460E-01 2.000E+05 0.000E+00 0.000E+00
 8.92712878E+00   6282.1 8.845E+01 1.163E+12 3.172E-02 1.885E-01 2.000E+05 0.000E+00 0.000E+00
 1.01337787E+01   6402.8 1.003E+02 1.572E+12 4.284E-02 2.542E-01 2.000E+05 0.000E+00 0.000E+00
 1.12971269E+01   6548.8 1.115E+02 2.186E+12 6.077E-02 3.616E-01 2.000E+05 0.000E+00 0.000E+00
 1.23594918E+01   6725.6 1.217E+02 3.133E+12 9.145E-02 5.469E-01 2.000E+05 0.000E+00 0.000E+00
 1.32694051E+01   6938.9 1.302E+02 4.630E+12 1.473E-01 8.870E-01 2.000E+05 0.000E+00 0.000E+00
 1.39938885E+01   7194.6 1.366E+02 7.030E+12 2.558E-01 1.547E+00 2.000E+05 0.000E+00 0.000E+00
 1.45309678E+01   7494.3 1.408E+02 1.080E+13 4.737E-01 2.850E+00 2.000E+05 0.000E+00 0.000E+00
 1.49103396E+01   7835.6 1.431E+02 1.641E+13 9.056E-01 5.359E+00 2.000E+05 0.000E+00 0.000E+00
 1.51742289E+01   8223.4 1.438E+02 2.411E+13 1.723E+00 9.930E+00 2.000E+05 0.000E+00 0.000E+00
 1.53659753E+01   8648.1 1.432E+02 3.284E+13 2.985E+00 1.670E+01 2.000E+05 0.000E+00 0.000E+00
 1.55284502E+01   9119.5 1.415E+02 4.034E+13 4.315E+00 2.342E+01 2.000E+05 0.000E+00 0.000E+00
 1.56986749E+01   9631.0 1.390E+02 4.400E+13 4.838E+00 2.570E+01 2.000E+05 0.000E+00 0.000E+00
 1.59290906E+01  10201.6 1.357E+02 4.378E+13 4.297E+00 2.257E+01 2.000E+05 0.000E+00 0.000E+00
 1.62991038E+01  10825.7 1.321E+02 4.136E+13 3.305E+00 1.728E+01 2.000E+05 0.000E+00 0.000E+00
 1.69691697E+01  11523.3 1.290E+02 3.837E+13 2.391E+00 1.250E+01 2.000E+05 0.000E+00 0.000E+00
 1.82064506E+01  12290.7 1.283E+02 3.596E+13 1.736E+00 9.072E+00 2.000E+05 0.000E+00 0.000E+00
 2.04195983E+01  13133.5 1.330E+02 3.512E+13 1.335E+00 6.969E+00 2.000E+05 0.000E+00 0.000E+00
 2.40853822E+01  14051.3 1.464E+02 3.665E+13 1.122E+00 5.847E+00 2.000E+05 0.000E+00 0.000E+00
 2.97018686E+01  15050.5 1.717E+02 4.074E+13 1.004E+00 5.226E+00 2.000E+05 0.000E+00 0.000E+00
 3.79522693E+01  16131.9 2.131E+02 4.755E+13 9.221E-01 4.797E+00 2.000E+05 0.000E+00 0.000E+00
 4.97831028E+01  17304.3 2.765E+02 5.771E+13 8.674E-01 4.510E+00 2.000E+05 0.000E+00 0.000E+00
 6.63400827E+01  18566.6 3.690E+02 7.185E+13 8.360E-01 4.343E+00 2.000E+05 0.000E+00 0.000E+00
 8.90085010E+01  19932.0 4.982E+02 9.041E+13 8.216E-01 4.259E+00 2.000E+05 0.000E+00 0.000E+00
 1.19471497E+02  21397.5 6.743E+02 1.140E+14 8.204E-01 4.180E+00 2.000E+05 0.000E+00 0.000E+00
PRADK 3.7004E+00
BEGIN                    ITERATION  15 COMPLETED
