TEFF  25000.  GRAVITY 4.50000 LTE 
TITLE SDSC GRID  [-3.0]   VTURB 2.0 KM/S                                        
 OPACITY IFOP 1 1 1 1 1 1 1 1 1 1 1 1 1 0 1 0 0 0 0 0
 CONVECTION OFF  1.00 TURBULENCE OFF  0.00  0.00  0.00  0.00
ABUNDANCE SCALE   0.00100 ABUNDANCE CHANGE 1 0.91100 2 0.08900
 ABUNDANCE CHANGE  3 -10.88  4 -10.89  5  -9.44  6  -3.48  7  -3.99  8  -3.11
 ABUNDANCE CHANGE  9  -7.48 10  -3.95 11  -5.71 12  -4.46 13  -5.57 14  -4.49
 ABUNDANCE CHANGE 15  -6.59 16  -4.83 17  -6.54 18  -5.48 19  -6.82 20  -5.68
 ABUNDANCE CHANGE 21  -8.94 22  -7.05 23  -8.04 24  -6.37 25  -6.65 26  -4.37
 ABUNDANCE CHANGE 27  -7.12 28  -5.79 29  -7.83 30  -7.44 31  -9.16 32  -8.63
 ABUNDANCE CHANGE 33  -9.67 34  -8.69 35  -9.41 36  -8.81 37  -9.44 38  -9.14
 ABUNDANCE CHANGE 39  -9.80 40  -9.54 41 -10.62 42 -10.12 43 -20.00 44 -10.20
 ABUNDANCE CHANGE 45 -10.92 46 -10.35 47 -11.10 48 -10.18 49 -10.58 50 -10.04
 ABUNDANCE CHANGE 51 -11.04 52  -9.80 53 -10.53 54  -9.81 55 -10.92 56  -9.91
 ABUNDANCE CHANGE 57 -10.82 58 -10.49 59 -11.33 60 -10.54 61 -20.00 62 -11.04
 ABUNDANCE CHANGE 63 -11.53 64 -10.92 65 -11.94 66 -10.94 67 -11.78 68 -11.11
 ABUNDANCE CHANGE 69 -12.04 70 -10.96 71 -11.28 72 -11.16 73 -11.91 74 -10.93
 ABUNDANCE CHANGE 75 -11.77 76 -10.59 77 -10.69 78 -10.24 79 -11.03 80 -10.95
 ABUNDANCE CHANGE 81 -11.14 82 -10.19 83 -11.33 84 -20.00 85 -20.00 86 -20.00
 ABUNDANCE CHANGE 87 -20.00 88 -20.00 89 -20.00 90 -11.92 91 -20.00 92 -12.51
 ABUNDANCE CHANGE 93 -20.00 94 -20.00 95 -20.00 96 -20.00 97 -20.00 98 -20.00
 ABUNDANCE CHANGE 99 -20.00
READ DECK6 64 RHOX,T,P,XNE,ABROSS,ACCRAD,VTURB
 4.79026081E-06  13974.6 1.504E-01 3.898E+10 3.208E-01 2.404E+02 2.000E+05
 5.49848538E-06  13975.6 1.727E-01 4.474E+10 3.208E-01 2.404E+02 2.000E+05
 7.31818733E-06  13976.6 2.299E-01 5.955E+10 3.216E-01 2.420E+02 2.000E+05
 9.72565729E-06  13977.6 3.056E-01 7.915E+10 3.225E-01 2.441E+02 2.000E+05
 1.29302249E-05  13978.6 4.064E-01 1.052E+11 3.237E-01 2.467E+02 2.000E+05
 1.72173338E-05  13979.6 5.410E-01 1.401E+11 3.251E-01 2.500E+02 2.000E+05
 2.29309378E-05  13980.6 7.204E-01 1.865E+11 3.269E-01 2.543E+02 2.000E+05
 3.05329544E-05  13981.6 9.589E-01 2.482E+11 3.293E-01 2.599E+02 2.000E+05
 4.06168086E-05  13982.6 1.275E+00 3.299E+11 3.324E-01 2.669E+02 2.000E+05
 5.39212803E-05  13991.3 1.692E+00 4.375E+11 3.363E-01 2.757E+02 2.000E+05
 7.14308701E-05  14012.7 2.241E+00 5.783E+11 3.412E-01 2.863E+02 2.000E+05
 9.44084095E-05  14046.2 2.961E+00 7.621E+11 3.473E-01 2.990E+02 2.000E+05
 1.24449348E-04  14095.1 3.902E+00 1.000E+12 3.549E-01 3.131E+02 2.000E+05
 1.63571956E-04  14156.5 5.126E+00 1.308E+12 3.641E-01 3.288E+02 2.000E+05
 2.14306395E-04  14228.5 6.713E+00 1.704E+12 3.752E-01 3.461E+02 2.000E+05
 2.79796442E-04  14310.3 8.761E+00 2.210E+12 3.885E-01 3.649E+02 2.000E+05
 3.63938287E-04  14399.6 1.139E+01 2.855E+12 4.042E-01 3.851E+02 2.000E+05
 4.71494617E-04  14493.7 1.475E+01 3.671E+12 4.227E-01 4.072E+02 2.000E+05
 6.08250267E-04  14587.1 1.902E+01 4.701E+12 4.445E-01 4.328E+02 2.000E+05
 7.81181127E-04  14680.8 2.441E+01 5.993E+12 4.700E-01 4.634E+02 2.000E+05
 9.98689799E-04  14776.2 3.118E+01 7.604E+12 4.995E-01 5.003E+02 2.000E+05
 1.27098246E-03  14881.3 3.965E+01 9.597E+12 5.331E-01 5.425E+02 2.000E+05
 1.61063797E-03  15001.1 5.020E+01 1.205E+13 5.707E-01 5.883E+02 2.000E+05
 2.03327753E-03  15138.7 6.330E+01 1.505E+13 6.122E-01 6.359E+02 2.000E+05
 2.55835542E-03  15295.3 7.956E+01 1.872E+13 6.575E-01 6.836E+02 2.000E+05
 3.20995387E-03  15468.4 9.970E+01 2.320E+13 7.069E-01 7.314E+02 2.000E+05
 4.01765206E-03  15657.7 1.246E+02 2.866E+13 7.609E-01 7.789E+02 2.000E+05
 5.01760347E-03  15858.3 1.555E+02 3.529E+13 8.201E-01 8.272E+02 2.000E+05
 6.25369104E-03  16067.9 1.935E+02 4.336E+13 8.855E-01 8.775E+02 2.000E+05
 7.77887368E-03  16283.4 2.403E+02 5.316E+13 9.579E-01 9.321E+02 2.000E+05
 9.65685306E-03  16502.7 2.979E+02 6.503E+13 1.038E+00 9.945E+02 2.000E+05
 1.19641134E-02  16727.1 3.685E+02 7.936E+13 1.128E+00 1.067E+03 2.000E+05
 1.47927717E-02  16957.1 4.548E+02 9.664E+13 1.228E+00 1.154E+03 2.000E+05
 1.82570400E-02  17200.0 5.602E+02 1.174E+14 1.337E+00 1.257E+03 2.000E+05
 2.25033582E-02  17465.8 6.889E+02 1.422E+14 1.453E+00 1.376E+03 2.000E+05
 2.77231698E-02  17766.7 8.464E+02 1.718E+14 1.573E+00 1.506E+03 2.000E+05
 3.41695472E-02  18115.6 1.040E+03 2.071E+14 1.695E+00 1.642E+03 2.000E+05
 4.21756928E-02  18523.5 1.280E+03 2.492E+14 1.814E+00 1.777E+03 2.000E+05
 5.21812314E-02  18996.3 1.578E+03 2.997E+14 1.930E+00 1.908E+03 2.000E+05
 6.47689822E-02  19546.0 1.951E+03 3.604E+14 2.039E+00 2.033E+03 2.000E+05
 8.07059996E-02  20180.2 2.421E+03 4.334E+14 2.142E+00 2.145E+03 2.000E+05
 1.00987188E-01  20908.4 3.018E+03 5.215E+14 2.240E+00 2.242E+03 2.000E+05
 1.26866590E-01  21732.3 3.777E+03 6.281E+14 2.340E+00 2.322E+03 2.000E+05
 1.59894035E-01  22650.3 4.744E+03 7.570E+14 2.447E+00 2.388E+03 2.000E+05
 2.01966563E-01  23661.3 5.973E+03 9.124E+14 2.565E+00 2.445E+03 2.000E+05
 2.55384512E-01  24765.2 7.530E+03 1.099E+15 2.699E+00 2.499E+03 2.000E+05
 3.22867818E-01  25958.4 9.493E+03 1.322E+15 2.857E+00 2.559E+03 2.000E+05
 4.07650847E-01  27249.0 1.195E+04 1.586E+15 3.040E+00 2.631E+03 2.000E+05
 5.13614901E-01  28641.6 1.502E+04 1.896E+15 3.252E+00 2.723E+03 2.000E+05
 6.45416171E-01  30157.4 1.882E+04 2.257E+15 3.494E+00 2.843E+03 2.000E+05
 8.08754666E-01  31811.7 2.351E+04 2.673E+15 3.766E+00 2.990E+03 2.000E+05
 1.01010833E+00  33626.8 2.926E+04 3.150E+15 4.088E+00 3.184E+03 2.000E+05
 1.25651198E+00  35622.4 3.623E+04 3.690E+15 4.472E+00 3.427E+03 2.000E+05
 1.55492734E+00  37813.9 4.460E+04 4.300E+15 4.954E+00 3.736E+03 2.000E+05
 1.91451226E+00  40217.5 5.457E+04 4.986E+15 5.455E+00 4.054E+03 2.000E+05
 2.36017736E+00  42852.5 6.682E+04 5.784E+15 5.705E+00 4.176E+03 2.000E+05
 2.95570423E+00  45707.0 8.321E+04 6.803E+15 5.469E+00 3.999E+03 2.000E+05
 3.80952306E+00  48823.8 1.070E+05 8.221E+15 4.948E+00 3.628E+03 2.000E+05
 5.07447981E+00  52198.8 1.426E+05 1.028E+16 4.468E+00 3.279E+03 2.000E+05
 6.93748687E+00  55922.9 1.957E+05 1.318E+16 4.062E+00 2.969E+03 2.000E+05
 9.63795520E+00  59889.9 2.735E+05 1.720E+16 3.769E+00 2.729E+03 2.000E+05
 1.35107349E+01  64245.5 3.858E+05 2.263E+16 3.524E+00 2.525E+03 2.000E+05
 1.89700082E+01  68892.5 5.452E+05 2.982E+16 3.352E+00 2.357E+03 2.000E+05
 2.65697712E+01  73918.0 7.677E+05 3.914E+16 3.227E+00 2.310E+03 2.000E+05
PRADK 7.0963E+02
BEGIN                    ITERATION   9 COMPLETED
