TEFF   7250.  GRAVITY 2.00000 LTE 
TITLE SDSC GRID  [-0.2]   VTURB 2.0 KM/S    L/H 1.25                            
 OPACITY IFOP 1 1 1 1 1 1 1 1 1 1 1 1 1 0 1 0 0 0 0 0
 CONVECTION ON   1.25 TURBULENCE OFF  0.00  0.00  0.00  0.00
ABUNDANCE SCALE   0.63100 ABUNDANCE CHANGE 1 0.91100 2 0.08900
 ABUNDANCE CHANGE  3 -10.88  4 -10.89  5  -9.44  6  -3.48  7  -3.99  8  -3.11
 ABUNDANCE CHANGE  9  -7.48 10  -3.95 11  -5.71 12  -4.46 13  -5.57 14  -4.49
 ABUNDANCE CHANGE 15  -6.59 16  -4.83 17  -6.54 18  -5.48 19  -6.82 20  -5.68
 ABUNDANCE CHANGE 21  -8.94 22  -7.05 23  -8.04 24  -6.37 25  -6.65 26  -4.37
 ABUNDANCE CHANGE 27  -7.12 28  -5.79 29  -7.83 30  -7.44 31  -9.16 32  -8.63
 ABUNDANCE CHANGE 33  -9.67 34  -8.69 35  -9.41 36  -8.81 37  -9.44 38  -9.14
 ABUNDANCE CHANGE 39  -9.80 40  -9.54 41 -10.62 42 -10.12 43 -20.00 44 -10.20
 ABUNDANCE CHANGE 45 -10.92 46 -10.35 47 -11.10 48 -10.18 49 -10.58 50 -10.04
 ABUNDANCE CHANGE 51 -11.04 52  -9.80 53 -10.53 54  -9.81 55 -10.92 56  -9.91
 ABUNDANCE CHANGE 57 -10.82 58 -10.49 59 -11.33 60 -10.54 61 -20.00 62 -11.04
 ABUNDANCE CHANGE 63 -11.53 64 -10.92 65 -11.94 66 -10.94 67 -11.78 68 -11.11
 ABUNDANCE CHANGE 69 -12.04 70 -10.96 71 -11.28 72 -11.16 73 -11.91 74 -10.93
 ABUNDANCE CHANGE 75 -11.77 76 -10.59 77 -10.69 78 -10.24 79 -11.03 80 -10.95
 ABUNDANCE CHANGE 81 -11.14 82 -10.19 83 -11.33 84 -20.00 85 -20.00 86 -20.00
 ABUNDANCE CHANGE 87 -20.00 88 -20.00 89 -20.00 90 -11.92 91 -20.00 92 -12.51
 ABUNDANCE CHANGE 93 -20.00 94 -20.00 95 -20.00 96 -20.00 97 -20.00 98 -20.00
 ABUNDANCE CHANGE 99 -20.00
READ DECK6 72 RHOX,T,P,XNE,ABROSS,ACCRAD,VTURB
 1.04179419E-04   4400.6 1.041E-02 5.610E+07 1.280E-03 1.174E-01 2.000E+05 0.000E+00 0.000E+00
 1.40054615E-04   4416.1 1.399E-02 6.950E+07 1.199E-03 1.189E-01 2.000E+05 0.000E+00 0.000E+00
 1.90734074E-04   4437.0 1.905E-02 8.846E+07 1.141E-03 1.156E-01 2.000E+05 0.000E+00 0.000E+00
 2.61441021E-04   4461.1 2.611E-02 1.143E+08 1.096E-03 1.107E-01 2.000E+05 0.000E+00 0.000E+00
 3.59450457E-04   4487.1 3.590E-02 1.489E+08 1.059E-03 1.053E-01 2.000E+05 0.000E+00 0.000E+00
 4.94618883E-04   4513.6 4.940E-02 1.942E+08 1.024E-03 1.000E-01 2.000E+05 0.000E+00 0.000E+00
 6.80968054E-04   4540.1 6.802E-02 2.530E+08 9.907E-04 9.535E-02 2.000E+05 0.000E+00 0.000E+00
 9.38175806E-04   4566.2 9.370E-02 3.288E+08 9.568E-04 9.154E-02 2.000E+05 0.000E+00 0.000E+00
 1.29314511E-03   4592.2 1.292E-01 4.271E+08 9.247E-04 8.866E-02 2.000E+05 0.000E+00 0.000E+00
 1.78213379E-03   4619.1 1.780E-01 5.555E+08 8.970E-04 8.659E-02 2.000E+05 0.000E+00 0.000E+00
 2.45178175E-03   4647.5 2.449E-01 7.253E+08 8.769E-04 8.506E-02 2.000E+05 0.000E+00 0.000E+00
 3.36025258E-03   4678.2 3.357E-01 9.514E+08 8.666E-04 8.380E-02 2.000E+05 0.000E+00 0.000E+00
 4.57851985E-03   4711.3 4.574E-01 1.253E+09 8.668E-04 8.274E-02 2.000E+05 0.000E+00 0.000E+00
 6.19184820E-03   4746.6 6.185E-01 1.653E+09 8.781E-04 8.161E-02 2.000E+05 0.000E+00 0.000E+00
 8.30237240E-03   4783.9 8.294E-01 2.182E+09 9.002E-04 8.039E-02 2.000E+05 0.000E+00 0.000E+00
 1.10311442E-02   4822.6 1.102E+00 2.875E+09 9.333E-04 7.901E-02 2.000E+05 0.000E+00 0.000E+00
 1.45226568E-02   4862.2 1.451E+00 3.774E+09 9.773E-04 7.765E-02 2.000E+05 0.000E+00 0.000E+00
 1.89497446E-02   4902.2 1.893E+00 4.927E+09 1.032E-03 7.633E-02 2.000E+05 0.000E+00 0.000E+00
 2.45182634E-02   4942.4 2.450E+00 6.394E+09 1.098E-03 7.519E-02 2.000E+05 0.000E+00 0.000E+00
 3.14672600E-02   4982.7 3.144E+00 8.249E+09 1.178E-03 7.424E-02 2.000E+05 0.000E+00 0.000E+00
 4.00742289E-02   5022.9 4.004E+00 1.058E+10 1.273E-03 7.389E-02 2.000E+05 0.000E+00 0.000E+00
 5.06475696E-02   5063.5 5.060E+00 1.350E+10 1.388E-03 7.396E-02 2.000E+05 0.000E+00 0.000E+00
 6.35175183E-02   5104.9 6.346E+00 1.717E+10 1.527E-03 7.423E-02 2.000E+05 0.000E+00 0.000E+00
 7.90403600E-02   5147.2 7.898E+00 2.176E+10 1.696E-03 7.465E-02 2.000E+05 0.000E+00 0.000E+00
 9.76046960E-02   5190.1 9.752E+00 2.747E+10 1.898E-03 7.521E-02 2.000E+05 0.000E+00 0.000E+00
 1.19635431E-01   5233.7 1.195E+01 3.454E+10 2.140E-03 7.609E-02 2.000E+05 0.000E+00 0.000E+00
 1.45604806E-01   5277.9 1.455E+01 4.326E+10 2.428E-03 7.713E-02 2.000E+05 0.000E+00 0.000E+00
 1.76044505E-01   5322.6 1.759E+01 5.395E+10 2.769E-03 7.829E-02 2.000E+05 0.000E+00 0.000E+00
 2.11566112E-01   5367.5 2.114E+01 6.699E+10 3.170E-03 7.955E-02 2.000E+05 0.000E+00 0.000E+00
 2.52877877E-01   5412.3 2.527E+01 8.278E+10 3.639E-03 8.107E-02 2.000E+05 0.000E+00 0.000E+00
 3.00829867E-01   5456.6 3.006E+01 1.017E+11 4.183E-03 8.282E-02 2.000E+05 0.000E+00 0.000E+00
 3.56441835E-01   5500.4 3.561E+01 1.243E+11 4.811E-03 8.504E-02 2.000E+05 0.000E+00 0.000E+00
 4.20921943E-01   5543.6 4.206E+01 1.512E+11 5.533E-03 8.772E-02 2.000E+05 0.000E+00 0.000E+00
 4.95685881E-01   5586.1 4.953E+01 1.830E+11 6.364E-03 9.093E-02 2.000E+05 0.000E+00 0.000E+00
 5.82364841E-01   5628.3 5.819E+01 2.207E+11 7.320E-03 9.475E-02 2.000E+05 0.000E+00 0.000E+00
 6.82870313E-01   5670.1 6.823E+01 2.652E+11 8.419E-03 9.921E-02 2.000E+05 0.000E+00 0.000E+00
 7.99394984E-01   5711.6 7.987E+01 3.178E+11 9.684E-03 1.045E-01 2.000E+05 0.000E+00 0.000E+00
 9.34460402E-01   5753.0 9.336E+01 3.799E+11 1.114E-02 1.107E-01 2.000E+05 0.000E+00 0.000E+00
 1.09094065E+00   5794.4 1.090E+02 4.532E+11 1.283E-02 1.184E-01 2.000E+05 0.000E+00 0.000E+00
 1.27201047E+00   5836.4 1.271E+02 5.403E+11 1.480E-02 1.276E-01 2.000E+05 0.000E+00 0.000E+00
 1.48109686E+00   5879.5 1.479E+02 6.444E+11 1.711E-02 1.387E-01 2.000E+05 0.000E+00 0.000E+00
 1.72185490E+00   5924.3 1.720E+02 7.698E+11 1.985E-02 1.521E-01 2.000E+05 0.000E+00 0.000E+00
 1.99798836E+00   5971.6 1.996E+02 9.225E+11 2.314E-02 1.685E-01 2.000E+05 0.000E+00 0.000E+00
 2.31298918E+00   6022.4 2.310E+02 1.111E+12 2.713E-02 1.888E-01 2.000E+05 0.000E+00 0.000E+00
 2.66974781E+00   6077.9 2.666E+02 1.346E+12 3.208E-02 2.143E-01 2.000E+05 0.000E+00 0.000E+00
 3.06998740E+00   6139.8 3.065E+02 1.647E+12 3.835E-02 2.473E-01 2.000E+05 0.000E+00 0.000E+00
 3.51318383E+00   6210.2 3.507E+02 2.041E+12 4.655E-02 2.914E-01 2.000E+05 0.000E+00 0.000E+00
 3.99557316E+00   6291.8 3.988E+02 2.569E+12 5.759E-02 3.519E-01 2.000E+05 0.000E+00 0.000E+00
 4.50969839E+00   6387.5 4.500E+02 3.298E+12 7.291E-02 4.369E-01 2.000E+05 0.000E+00 0.000E+00
 5.04369476E+00   6501.0 5.032E+02 4.333E+12 9.501E-02 5.611E-01 2.000E+05 1.543E-16 0.000E+00
 5.58065732E+00   6636.8 5.565E+02 5.850E+12 1.284E-01 7.513E-01 2.000E+05 1.146E-14 2.585E+01
 6.09870742E+00   6800.5 6.078E+02 8.149E+12 1.817E-01 1.059E+00 2.000E+05 3.860E-13 9.375E+01
 6.57410952E+00   6997.6 6.548E+02 1.173E+13 2.714E-01 1.584E+00 2.000E+05 1.716E-11 2.643E+02
 6.98442813E+00   7236.5 6.950E+02 1.751E+13 4.341E-01 2.547E+00 2.000E+05 1.363E-09 8.546E+02
 7.31381867E+00   7522.6 7.268E+02 2.693E+13 7.469E-01 4.400E+00 2.000E+05 4.150E-07 3.280E+03
 7.56106494E+00   7854.2 7.501E+02 4.193E+13 1.365E+00 7.999E+00 2.000E+05 3.920E-05 1.464E+04
 7.73550556E+00   8243.0 7.656E+02 6.569E+13 2.640E+00 1.512E+01 2.000E+05 2.407E-03 6.766E+04
 7.85707306E+00   8661.8 7.752E+02 9.837E+13 4.979E+00 2.753E+01 2.000E+05 1.722E-02 1.035E+05
 7.94478134E+00   9128.7 7.808E+02 1.399E+14 8.882E+00 4.703E+01 2.000E+05 2.328E-02 2.737E+05
 8.01498444E+00   9620.6 7.838E+02 1.813E+14 1.365E+01 6.846E+01 2.000E+05 5.581E-02 6.178E+05
 8.08271926E+00  10146.9 7.853E+02 2.127E+14 1.723E+01 8.528E+01 2.000E+05 6.984E-02 7.294E+05
 8.16290244E+00  10760.9 7.863E+02 2.283E+14 1.743E+01 8.870E+01 2.000E+05 1.498E-02 3.898E+05
 8.28042315E+00  11466.9 7.884E+02 2.282E+14 1.449E+01 7.514E+01 2.000E+05 1.298E-02 1.375E+05
 8.48119037E+00  12239.7 7.954E+02 2.209E+14 1.068E+01 5.557E+01 2.000E+05 7.424E-04 2.600E+04
 8.85441617E+00  13095.8 8.154E+02 2.137E+14 7.561E+00 3.947E+01 2.000E+05 1.604E-07 7.132E+03
 9.55193673E+00  14019.2 8.619E+02 2.125E+14 5.475E+00 2.853E+01 2.000E+05 3.323E-09 3.507E+03
 1.07869641E+01  15031.9 9.545E+02 2.221E+14 4.297E+00 2.240E+01 2.000E+05 9.956E-10 2.638E+03
 1.27992572E+01  16114.5 1.115E+03 2.457E+14 3.650E+00 1.897E+01 2.000E+05 2.329E-10 1.552E+03
 1.58718558E+01  17297.4 1.367E+03 2.837E+14 3.263E+00 1.697E+01 2.000E+05 1.796E-11 5.219E+02
 2.03683144E+01  18559.1 1.744E+03 3.388E+14 3.023E+00 1.570E+01 2.000E+05 3.105E-13 0.000E+00
 2.67287097E+01  19931.3 2.282E+03 4.136E+14 2.890E+00 1.503E+01 2.000E+05 0.000E+00 0.000E+00
 3.55099713E+01  21397.2 3.031E+03 5.121E+14 2.806E+00 1.434E+01 2.000E+05 0.000E+00 0.000E+00
PRADK 3.6981E+00
BEGIN                    ITERATION  15 COMPLETED
