EFF   5500.  GRAVITY 4.50000 LTE 
ITLE SDSC GRID  [-1.0]   VTURB 2.0 KM/S    L/H 1.25                            
OPACITY IFOP 1 1 1 1 1 1 1 1 1 1 1 1 1 0 1 0 0 0 0 0
CONVECTION ON   1.25 TURBULENCE OFF  0.00  0.00  0.00  0.00
BUNDANCE SCALE   0.10000 ABUNDANCE CHANGE 1 0.91100 2 0.08900
ABUNDANCE CHANGE  3 -10.88  4 -10.89  5  -9.44  6  -3.48  7  -3.99  8  -3.11
ABUNDANCE CHANGE  9  -7.48 10  -3.95 11  -5.71 12  -4.46 13  -5.57 14  -4.49
ABUNDANCE CHANGE 15  -6.59 16  -4.83 17  -6.54 18  -5.48 19  -6.82 20  -5.68
ABUNDANCE CHANGE 21  -8.94 22  -7.05 23  -8.04 24  -6.37 25  -6.65 26  -4.37
ABUNDANCE CHANGE 27  -7.12 28  -5.79 29  -7.83 30  -7.44 31  -9.16 32  -8.63
ABUNDANCE CHANGE 33  -9.67 34  -8.69 35  -9.41 36  -8.81 37  -9.44 38  -9.14
ABUNDANCE CHANGE 39  -9.80 40  -9.54 41 -10.62 42 -10.12 43 -20.00 44 -10.20
ABUNDANCE CHANGE 45 -10.92 46 -10.35 47 -11.10 48 -10.18 49 -10.58 50 -10.04
ABUNDANCE CHANGE 51 -11.04 52  -9.80 53 -10.53 54  -9.81 55 -10.92 56  -9.91
ABUNDANCE CHANGE 57 -10.82 58 -10.49 59 -11.33 60 -10.54 61 -20.00 62 -11.04
ABUNDANCE CHANGE 63 -11.53 64 -10.92 65 -11.94 66 -10.94 67 -11.78 68 -11.11
ABUNDANCE CHANGE 69 -12.04 70 -10.96 71 -11.28 72 -11.16 73 -11.91 74 -10.93
ABUNDANCE CHANGE 75 -11.77 76 -10.59 77 -10.69 78 -10.24 79 -11.03 80 -10.95
ABUNDANCE CHANGE 81 -11.14 82 -10.19 83 -11.33 84 -20.00 85 -20.00 86 -20.00
ABUNDANCE CHANGE 87 -20.00 88 -20.00 89 -20.00 90 -11.92 91 -20.00 92 -12.51
ABUNDANCE CHANGE 93 -20.00 94 -20.00 95 -20.00 96 -20.00 97 -20.00 98 -20.00
ABUNDANCE CHANGE 99 -20.00
EAD DECK6 72 RHOX,T,P,XNE,ABROSS,ACCRAD,VTURB
1.71369884E-03   3742.2 5.419E+01 1.185E+09 7.782E-05 8.070E-03 2.000E+05 0.000E+00 0.000E+00
2.23662246E-03   3753.8 7.073E+01 1.525E+09 9.229E-05 8.935E-03 2.000E+05 0.000E+00 0.000E+00
2.82831624E-03   3765.8 8.944E+01 1.904E+09 1.082E-04 9.675E-03 2.000E+05 0.000E+00 0.000E+00
3.50424481E-03   3780.4 1.108E+02 2.333E+09 1.258E-04 1.027E-02 2.000E+05 0.000E+00 0.000E+00
4.28111779E-03   3796.7 1.354E+02 2.823E+09 1.456E-04 1.077E-02 2.000E+05 0.000E+00 0.000E+00
5.17823682E-03   3814.9 1.638E+02 3.385E+09 1.679E-04 1.117E-02 2.000E+05 0.000E+00 0.000E+00
6.21721554E-03   3834.6 1.966E+02 4.034E+09 1.931E-04 1.145E-02 2.000E+05 0.000E+00 0.000E+00
7.42243066E-03   3855.6 2.347E+02 4.784E+09 2.219E-04 1.162E-02 2.000E+05 0.000E+00 0.000E+00
8.82176240E-03   3877.4 2.790E+02 5.651E+09 2.547E-04 1.168E-02 2.000E+05 0.000E+00 0.000E+00
1.04477067E-02   3899.8 3.304E+02 6.656E+09 2.922E-04 1.168E-02 2.000E+05 0.000E+00 0.000E+00
1.23386218E-02   3922.8 3.902E+02 7.821E+09 3.350E-04 1.163E-02 2.000E+05 0.000E+00 0.000E+00
1.45385123E-02   3945.8 4.597E+02 9.170E+09 3.840E-04 1.159E-02 2.000E+05 0.000E+00 0.000E+00
1.70975516E-02   3968.9 5.407E+02 1.073E+10 4.402E-04 1.156E-02 2.000E+05 0.000E+00 0.000E+00
2.00747413E-02   3992.1 6.348E+02 1.255E+10 5.044E-04 1.157E-02 2.000E+05 0.000E+00 0.000E+00
2.35399211E-02   4015.4 7.444E+02 1.465E+10 5.778E-04 1.159E-02 2.000E+05 0.000E+00 0.000E+00
2.75737458E-02   4038.7 8.720E+02 1.709E+10 6.620E-04 1.161E-02 2.000E+05 0.000E+00 0.000E+00
3.22694076E-02   4061.7 1.020E+03 1.992E+10 7.583E-04 1.163E-02 2.000E+05 0.000E+00 0.000E+00
3.77366857E-02   4084.7 1.193E+03 2.320E+10 8.684E-04 1.169E-02 2.000E+05 0.000E+00 0.000E+00
4.41026730E-02   4107.2 1.395E+03 2.699E+10 9.946E-04 1.181E-02 2.000E+05 0.000E+00 0.000E+00
5.15137856E-02   4129.3 1.629E+03 3.139E+10 1.139E-03 1.200E-02 2.000E+05 0.000E+00 0.000E+00
6.01405149E-02   4151.1 1.902E+03 3.647E+10 1.305E-03 1.227E-02 2.000E+05 0.000E+00 0.000E+00
7.01816483E-02   4172.6 2.219E+03 4.235E+10 1.495E-03 1.262E-02 2.000E+05 0.000E+00 0.000E+00
8.18708475E-02   4194.0 2.589E+03 4.916E+10 1.713E-03 1.307E-02 2.000E+05 0.000E+00 0.000E+00
9.54800377E-02   4215.4 3.019E+03 5.704E+10 1.962E-03 1.359E-02 2.000E+05 0.000E+00 0.000E+00
1.11325234E-01   4236.9 3.520E+03 6.617E+10 2.247E-03 1.417E-02 2.000E+05 0.000E+00 0.000E+00
1.29774085E-01   4258.4 4.104E+03 7.675E+10 2.574E-03 1.484E-02 2.000E+05 0.000E+00 0.000E+00
1.51252190E-01   4280.0 4.783E+03 8.899E+10 2.948E-03 1.561E-02 2.000E+05 0.000E+00 0.000E+00
1.76255039E-01   4301.6 5.574E+03 1.032E+11 3.377E-03 1.648E-02 2.000E+05 0.000E+00 0.000E+00
2.05360099E-01   4323.1 6.494E+03 1.195E+11 3.869E-03 1.746E-02 2.000E+05 0.000E+00 0.000E+00
2.39241130E-01   4344.5 7.565E+03 1.385E+11 4.432E-03 1.858E-02 2.000E+05 0.000E+00 0.000E+00
2.78685353E-01   4365.7 8.813E+03 1.604E+11 5.076E-03 1.984E-02 2.000E+05 0.000E+00 0.000E+00
3.24615463E-01   4386.8 1.027E+04 1.857E+11 5.812E-03 2.131E-02 2.000E+05 0.000E+00 0.000E+00
3.78106550E-01   4407.9 1.196E+04 2.149E+11 6.655E-03 2.298E-02 2.000E+05 0.000E+00 0.000E+00
4.40408298E-01   4428.9 1.393E+04 2.487E+11 7.619E-03 2.487E-02 2.000E+05 0.000E+00 0.000E+00
5.12987184E-01   4449.4 1.622E+04 2.876E+11 8.721E-03 2.702E-02 2.000E+05 0.000E+00 0.000E+00
5.97553834E-01   4470.0 1.890E+04 3.325E+11 9.980E-03 2.948E-02 2.000E+05 0.000E+00 0.000E+00
6.96106607E-01   4490.2 2.201E+04 3.842E+11 1.142E-02 3.229E-02 2.000E+05 0.000E+00 0.000E+00
8.10964143E-01   4510.9 2.564E+04 4.442E+11 1.307E-02 3.551E-02 2.000E+05 0.000E+00 0.000E+00
9.44819791E-01   4531.8 2.988E+04 5.134E+11 1.495E-02 3.919E-02 2.000E+05 0.000E+00 0.000E+00
1.10075400E+00   4554.2 3.481E+04 5.942E+11 1.712E-02 4.346E-02 2.000E+05 0.000E+00 0.000E+00
1.28224517E+00   4578.3 4.055E+04 6.885E+11 1.963E-02 4.837E-02 2.000E+05 0.000E+00 0.000E+00
1.49326773E+00   4604.7 4.722E+04 7.994E+11 2.252E-02 5.400E-02 2.000E+05 0.000E+00 0.000E+00
1.73827396E+00   4634.4 5.497E+04 9.307E+11 2.589E-02 6.044E-02 2.000E+05 0.000E+00 0.000E+00
2.02223996E+00   4667.7 6.395E+04 1.087E+12 2.982E-02 6.785E-02 2.000E+05 0.000E+00 0.000E+00
2.35054348E+00   4706.0 7.433E+04 1.277E+12 3.445E-02 7.643E-02 2.000E+05 0.000E+00 0.000E+00
2.72874964E+00   4750.5 8.629E+04 1.510E+12 3.996E-02 8.648E-02 2.000E+05 0.000E+00 0.000E+00
3.16221850E+00   4802.5 1.000E+05 1.802E+12 4.665E-02 9.848E-02 2.000E+05 0.000E+00 0.000E+00
3.65518509E+00   4864.1 1.156E+05 2.179E+12 5.497E-02 1.134E-01 2.000E+05 0.000E+00 0.000E+00
4.20910295E+00   4938.2 1.331E+05 2.689E+12 6.571E-02 1.322E-01 2.000E+05 0.000E+00 0.000E+00
4.82334517E+00   5020.5 1.525E+05 3.376E+12 7.953E-02 1.565E-01 2.000E+05 0.000E+00 0.000E+00
5.49427097E+00   5114.7 1.737E+05 4.356E+12 9.842E-02 1.931E-01 2.000E+05 1.217E-05 0.000E+00
6.16236311E+00   5315.8 1.949E+05 6.997E+12 1.435E-01 2.700E-01 2.000E+05 2.624E-03 0.000E+00
6.75342003E+00   5522.9 2.136E+05 1.161E+13 2.149E-01 3.750E-01 2.000E+05 3.409E-02 0.000E+00
7.31451130E+00   5666.0 2.313E+05 1.670E+13 2.876E-01 4.611E-01 2.000E+05 8.910E-02 0.000E+00
7.88416996E+00   5795.8 2.493E+05 2.318E+13 3.740E-01 5.501E-01 2.000E+05 1.531E-01 0.000E+00
8.46223807E+00   5944.8 2.676E+05 3.325E+13 4.994E-01 6.747E-01 2.000E+05 2.201E-01 5.139E+03
9.02975859E+00   6121.5 2.855E+05 4.984E+13 6.887E-01 8.492E-01 2.000E+05 2.857E-01 3.263E+04
9.57662073E+00   6312.0 3.028E+05 7.538E+13 9.582E-01 1.083E+00 2.000E+05 3.462E-01 7.656E+04
1.00883359E+01   6547.1 3.190E+05 1.211E+14 1.400E+00 1.452E+00 2.000E+05 4.015E-01 1.299E+05
1.05476279E+01   6810.7 3.335E+05 1.982E+14 2.086E+00 1.852E+00 2.000E+05 4.904E-01 1.581E+05
1.09716546E+01   7045.6 3.469E+05 2.990E+14 2.927E+00 2.035E+00 2.000E+05 5.976E-01 1.670E+05
1.13806718E+01   7268.5 3.599E+05 4.318E+14 3.990E+00 2.127E+00 2.000E+05 6.928E-01 1.738E+05
1.17870634E+01   7477.0 3.727E+05 5.983E+14 5.281E+00 2.148E+00 2.000E+05 7.640E-01 1.769E+05
1.22005132E+01   7677.1 3.858E+05 8.060E+14 6.862E+00 2.160E+00 2.000E+05 8.186E-01 1.788E+05
1.26281687E+01   7870.2 3.993E+05 1.061E+15 8.783E+00 2.145E+00 2.000E+05 8.583E-01 1.784E+05
1.30768217E+01   8057.1 4.135E+05 1.370E+15 1.110E+01 2.137E+00 2.000E+05 8.892E-01 1.778E+05
1.35520200E+01   8242.2 4.285E+05 1.746E+15 1.392E+01 2.108E+00 2.000E+05 9.122E-01 1.755E+05
1.40601608E+01   8421.5 4.446E+05 2.191E+15 1.728E+01 2.067E+00 2.000E+05 9.312E-01 1.737E+05
1.46064176E+01   8603.0 4.619E+05 2.733E+15 2.140E+01 2.023E+00 2.000E+05 9.452E-01 1.702E+05
1.51982425E+01   8777.3 4.806E+05 3.359E+15 2.620E+01 1.965E+00 2.000E+05 9.570E-01 1.679E+05
1.58412437E+01   8958.5 5.009E+05 4.128E+15 3.217E+01 1.901E+00 2.000E+05 9.656E-01 1.629E+05
1.65454743E+01   9127.4 5.232E+05 4.983E+15 3.886E+01 1.965E+00 2.000E+05 9.712E-01 1.611E+05
RADK 1.2128E+00
EGIN                    ITERATION  15 COMPLETED
