EFF   4000.  GRAVITY 1.50000 LTE 
ITLE SDSC GRID  [-5.0]   VTURB 2.0 KM/S    L/H 1.25                            
OPACITY IFOP 1 1 1 1 1 1 1 1 1 1 1 1 1 0 1 0 0 0 0 0
CONVECTION ON   1.25 TURBULENCE OFF  0.00  0.00  0.00  0.00
BUNDANCE SCALE   0.00001 ABUNDANCE CHANGE 1 0.91100 2 0.08900
ABUNDANCE CHANGE  3 -10.88  4 -10.89  5  -9.44  6  -3.48  7  -3.99  8  -3.11
ABUNDANCE CHANGE  9  -7.48 10  -3.95 11  -5.71 12  -4.46 13  -5.57 14  -4.49
ABUNDANCE CHANGE 15  -6.59 16  -4.83 17  -6.54 18  -5.48 19  -6.82 20  -5.68
ABUNDANCE CHANGE 21  -8.94 22  -7.05 23  -8.04 24  -6.37 25  -6.65 26  -4.37
ABUNDANCE CHANGE 27  -7.12 28  -5.79 29  -7.83 30  -7.44 31  -9.16 32  -8.63
ABUNDANCE CHANGE 33  -9.67 34  -8.69 35  -9.41 36  -8.81 37  -9.44 38  -9.14
ABUNDANCE CHANGE 39  -9.80 40  -9.54 41 -10.62 42 -10.12 43 -20.00 44 -10.20
ABUNDANCE CHANGE 45 -10.92 46 -10.35 47 -11.10 48 -10.18 49 -10.58 50 -10.04
ABUNDANCE CHANGE 51 -11.04 52  -9.80 53 -10.53 54  -9.81 55 -10.92 56  -9.91
ABUNDANCE CHANGE 57 -10.82 58 -10.49 59 -11.33 60 -10.54 61 -20.00 62 -11.04
ABUNDANCE CHANGE 63 -11.53 64 -10.92 65 -11.94 66 -10.94 67 -11.78 68 -11.11
ABUNDANCE CHANGE 69 -12.04 70 -10.96 71 -11.28 72 -11.16 73 -11.91 74 -10.93
ABUNDANCE CHANGE 75 -11.77 76 -10.59 77 -10.69 78 -10.24 79 -11.03 80 -10.95
ABUNDANCE CHANGE 81 -11.14 82 -10.19 83 -11.33 84 -20.00 85 -20.00 86 -20.00
ABUNDANCE CHANGE 87 -20.00 88 -20.00 89 -20.00 90 -11.92 91 -20.00 92 -12.51
ABUNDANCE CHANGE 93 -20.00 94 -20.00 95 -20.00 96 -20.00 97 -20.00 98 -20.00
ABUNDANCE CHANGE 99 -20.00
EAD DECK6 72 RHOX,T,P,XNE,ABROSS,ACCRAD,VTURB
6.15081197E-02   3124.0 1.945E+00 4.527E+05 2.168E-06 3.735E-05 2.000E+05 0.000E+00 0.000E+00
8.17704695E-02   3132.0 2.586E+00 5.569E+05 2.222E-06 3.735E-05 2.000E+05 0.000E+00 0.000E+00
1.08162975E-01   3137.9 3.420E+00 6.723E+05 2.272E-06 3.735E-05 2.000E+05 0.000E+00 0.000E+00
1.42394352E-01   3145.8 4.503E+00 8.230E+05 2.349E-06 3.736E-05 2.000E+05 0.000E+00 0.000E+00
1.86453023E-01   3154.2 5.896E+00 1.008E+06 2.438E-06 3.737E-05 2.000E+05 0.000E+00 0.000E+00
2.42862083E-01   3163.8 7.680E+00 1.242E+06 2.547E-06 3.738E-05 2.000E+05 0.000E+00 0.000E+00
3.14694873E-01   3174.0 9.951E+00 1.534E+06 2.673E-06 3.739E-05 2.000E+05 0.000E+00 0.000E+00
4.05835544E-01   3184.7 1.283E+01 1.896E+06 2.813E-06 3.740E-05 2.000E+05 0.000E+00 0.000E+00
5.21087514E-01   3195.9 1.648E+01 2.346E+06 2.971E-06 3.742E-05 2.000E+05 0.000E+00 0.000E+00
6.66550171E-01   3207.1 2.108E+01 2.893E+06 3.141E-06 3.744E-05 2.000E+05 0.000E+00 0.000E+00
8.49881369E-01   3218.1 2.687E+01 3.559E+06 3.324E-06 3.747E-05 2.000E+05 0.000E+00 0.000E+00
1.08088019E+00   3228.6 3.418E+01 4.352E+06 3.518E-06 3.750E-05 2.000E+05 0.000E+00 0.000E+00
1.37205717E+00   3238.4 4.339E+01 5.284E+06 3.720E-06 3.753E-05 2.000E+05 0.000E+00 0.000E+00
1.73956016E+00   3247.2 5.501E+01 6.364E+06 3.928E-06 3.757E-05 2.000E+05 0.000E+00 0.000E+00
2.20415373E+00   3254.8 6.970E+01 7.592E+06 4.139E-06 3.761E-05 2.000E+05 0.000E+00 0.000E+00
2.79285993E+00   3261.1 8.832E+01 8.968E+06 4.350E-06 3.766E-05 2.000E+05 0.000E+00 0.000E+00
3.54063279E+00   3266.2 1.120E+02 1.050E+07 4.562E-06 3.772E-05 2.000E+05 0.000E+00 0.000E+00
4.49229197E+00   3270.3 1.421E+02 1.220E+07 4.778E-06 3.778E-05 2.000E+05 0.000E+00 0.000E+00
5.70428645E+00   3273.8 1.804E+02 1.414E+07 5.002E-06 3.785E-05 2.000E+05 0.000E+00 0.000E+00
7.24827117E+00   3277.0 2.292E+02 1.634E+07 5.238E-06 3.793E-05 2.000E+05 0.000E+00 0.000E+00
9.21006650E+00   3281.1 2.912E+02 1.902E+07 5.508E-06 3.803E-05 2.000E+05 0.000E+00 0.000E+00
1.16975140E+01   3284.8 3.699E+02 2.206E+07 5.792E-06 3.813E-05 2.000E+05 0.000E+00 0.000E+00
1.48512926E+01   3288.4 4.696E+02 2.556E+07 6.094E-06 3.826E-05 2.000E+05 0.000E+00 0.000E+00
1.88442246E+01   3292.2 5.959E+02 2.965E+07 6.425E-06 3.840E-05 2.000E+05 0.000E+00 0.000E+00
2.38899849E+01   3296.1 7.555E+02 3.442E+07 6.786E-06 3.856E-05 2.000E+05 0.000E+00 0.000E+00
3.02538281E+01   3300.3 9.567E+02 4.002E+07 7.182E-06 3.874E-05 2.000E+05 0.000E+00 0.000E+00
3.82631631E+01   3304.8 1.210E+03 4.658E+07 7.618E-06 3.895E-05 2.000E+05 0.000E+00 0.000E+00
4.83186322E+01   3309.7 1.528E+03 5.434E+07 8.103E-06 3.919E-05 2.000E+05 0.000E+00 0.000E+00
6.09052672E+01   3315.2 1.926E+03 6.357E+07 8.646E-06 3.947E-05 2.000E+05 0.000E+00 0.000E+00
7.66077866E+01   3321.3 2.423E+03 7.458E+07 9.258E-06 3.980E-05 2.000E+05 0.000E+00 0.000E+00
9.61280108E+01   3328.0 3.040E+03 8.775E+07 9.949E-06 4.018E-05 2.000E+05 0.000E+00 0.000E+00
1.20297296E+02   3335.4 3.804E+03 1.036E+08 1.074E-05 4.063E-05 2.000E+05 0.000E+00 0.000E+00
1.50090573E+02   3343.7 4.746E+03 1.228E+08 1.164E-05 4.117E-05 2.000E+05 0.000E+00 0.000E+00
1.86635788E+02   3352.9 5.902E+03 1.461E+08 1.269E-05 4.181E-05 2.000E+05 0.000E+00 0.000E+00
2.31197293E+02   3363.3 7.311E+03 1.748E+08 1.392E-05 4.260E-05 2.000E+05 0.000E+00 0.000E+00
2.85145533E+02   3375.1 9.017E+03 2.105E+08 1.540E-05 4.356E-05 2.000E+05 0.000E+00 0.000E+00
3.49893205E+02   3388.6 1.106E+04 2.555E+08 1.719E-05 4.478E-05 2.000E+05 0.000E+00 0.000E+00
4.26794517E+02   3404.1 1.350E+04 3.130E+08 1.941E-05 4.632E-05 2.000E+05 0.000E+00 0.000E+00
5.17005368E+02   3421.9 1.635E+04 3.873E+08 2.221E-05 4.832E-05 2.000E+05 0.000E+00 0.000E+00
6.21282501E+02   3442.4 1.965E+04 4.854E+08 2.583E-05 5.095E-05 2.000E+05 0.000E+00 0.000E+00
7.39772010E+02   3465.8 2.339E+04 6.161E+08 3.059E-05 5.444E-05 2.000E+05 0.000E+00 0.000E+00
8.72020403E+02   3492.1 2.758E+04 7.912E+08 3.689E-05 5.907E-05 2.000E+05 0.000E+00 0.000E+00
1.01605616E+03   3523.3 3.213E+04 1.040E+09 4.581E-05 6.558E-05 2.000E+05 0.000E+00 0.000E+00
1.16981900E+03   3556.1 3.699E+04 1.369E+09 5.752E-05 7.409E-05 2.000E+05 0.000E+00 0.000E+00
1.33204675E+03   3592.4 4.212E+04 1.827E+09 7.375E-05 8.582E-05 2.000E+05 3.504E-06 0.000E+00
1.47385283E+03   3693.9 4.660E+04 3.532E+09 1.360E-04 1.248E-04 2.000E+05 7.848E-04 0.000E+00
1.57217738E+03   3808.8 4.971E+04 7.008E+09 2.605E-04 1.940E-04 2.000E+05 7.199E-03 0.000E+00
1.64395771E+03   3906.2 5.198E+04 1.210E+10 4.364E-04 2.813E-04 2.000E+05 2.449E-02 0.000E+00
1.70898023E+03   3963.6 5.404E+04 1.660E+10 5.867E-04 3.447E-04 2.000E+05 5.607E-02 0.000E+00
1.77839580E+03   3995.4 5.623E+04 1.990E+10 6.942E-04 3.776E-04 2.000E+05 9.279E-02 0.000E+00
1.85704026E+03   4025.7 5.872E+04 2.364E+10 8.141E-04 4.072E-04 2.000E+05 1.356E-01 0.000E+00
1.94572730E+03   4061.0 6.153E+04 2.876E+10 9.757E-04 4.450E-04 2.000E+05 1.832E-01 0.000E+00
2.04246134E+03   4106.3 6.458E+04 3.663E+10 1.219E-03 5.027E-04 2.000E+05 2.335E-01 5.164E+03
2.14352087E+03   4162.7 6.778E+04 4.889E+10 1.588E-03 5.897E-04 2.000E+05 2.839E-01 1.858E+04
2.24536601E+03   4229.2 7.100E+04 6.773E+10 2.137E-03 7.190E-04 2.000E+05 3.278E-01 3.900E+04
2.34347666E+03   4314.3 7.410E+04 1.005E+11 3.051E-03 9.416E-04 2.000E+05 3.627E-01 5.889E+04
2.43218185E+03   4422.1 7.691E+04 1.611E+11 4.643E-03 1.326E-03 2.000E+05 3.979E-01 8.845E+04
2.50769403E+03   4554.4 7.930E+04 2.769E+11 7.468E-03 1.964E-03 2.000E+05 4.356E-01 9.401E+04
2.56844267E+03   4710.9 8.122E+04 5.028E+11 1.249E-02 2.816E-03 2.000E+05 4.962E-01 1.428E+05
2.61928720E+03   4846.0 8.283E+04 8.159E+11 1.885E-02 3.191E-03 2.000E+05 6.283E-01 1.590E+05
2.66680955E+03   4954.5 8.433E+04 1.183E+12 2.575E-02 3.158E-03 2.000E+05 7.248E-01 1.674E+05
2.71357299E+03   5063.0 8.581E+04 1.688E+12 3.463E-02 3.111E-03 2.000E+05 8.029E-01 1.749E+05
2.76098514E+03   5160.9 8.731E+04 2.300E+12 4.473E-02 3.020E-03 2.000E+05 8.538E-01 1.785E+05
2.80991778E+03   5263.5 8.885E+04 3.141E+12 5.781E-02 3.022E-03 2.000E+05 8.908E-01 1.823E+05
2.86099244E+03   5361.3 9.047E+04 4.186E+12 7.316E-02 3.010E-03 2.000E+05 9.138E-01 1.832E+05
2.91474175E+03   5464.6 9.217E+04 5.607E+12 9.285E-02 3.101E-03 2.000E+05 9.315E-01 1.856E+05
2.97149999E+03   5567.5 9.396E+04 7.428E+12 1.167E-01 3.135E-03 2.000E+05 9.441E-01 1.855E+05
3.03167022E+03   5675.0 9.587E+04 9.862E+12 1.470E-01 3.248E-03 2.000E+05 9.547E-01 1.871E+05
3.09546364E+03   5785.4 9.788E+04 1.306E+13 1.847E-01 3.334E-03 2.000E+05 9.625E-01 1.865E+05
3.16325625E+03   5899.0 1.000E+05 1.725E+13 2.316E-01 3.453E-03 2.000E+05 9.694E-01 1.875E+05
3.23520086E+03   6018.5 1.023E+05 2.287E+13 2.914E-01 3.566E-03 2.000E+05 9.747E-01 1.868E+05
3.31144365E+03   6138.9 1.047E+05 3.007E+13 3.647E-01 3.991E-03 2.000E+05 9.775E-01 1.867E+05
RADK 3.3426E-01
EGIN                    ITERATION  15 COMPLETED
