TEFF   6500.  GRAVITY 4.50000 LTE
TITLE SDSC GRID  [+1.0]   VTURB 2.0 KM/S    L/H 1.25
 OPACITY IFOP 1 1 1 1 1 1 1 1 1 1 1 1 1 0 1 0 0 0 0 0
 CONVECTION ON   1.25 TURBULENCE OFF  0.00  0.00  0.00  0.00
ABUNDANCE SCALE  10.00000 ABUNDANCE CHANGE 1 0.91100 2 0.08900
 ABUNDANCE CHANGE  3 -10.88  4 -10.89  5  -9.44  6  -3.48  7  -3.99  8  -3.11
 ABUNDANCE CHANGE  9  -7.48 10  -3.95 11  -5.71 12  -4.46 13  -5.57 14  -4.49
 ABUNDANCE CHANGE 15  -6.59 16  -4.83 17  -6.54 18  -5.48 19  -6.82 20  -5.68
 ABUNDANCE CHANGE 21  -8.94 22  -7.05 23  -8.04 24  -6.37 25  -6.65 26  -4.37
 ABUNDANCE CHANGE 27  -7.12 28  -5.79 29  -7.83 30  -7.44 31  -9.16 32  -8.63
 ABUNDANCE CHANGE 33  -9.67 34  -8.69 35  -9.41 36  -8.81 37  -9.44 38  -9.14
 ABUNDANCE CHANGE 39  -9.80 40  -9.54 41 -10.62 42 -10.12 43 -20.00 44 -10.20
 ABUNDANCE CHANGE 45 -10.92 46 -10.35 47 -11.10 48 -10.18 49 -10.58 50 -10.04
 ABUNDANCE CHANGE 51 -11.04 52  -9.80 53 -10.53 54  -9.81 55 -10.92 56  -9.91
 ABUNDANCE CHANGE 57 -10.82 58 -10.49 59 -11.33 60 -10.54 61 -20.00 62 -11.04
 ABUNDANCE CHANGE 63 -11.53 64 -10.92 65 -11.94 66 -10.94 67 -11.78 68 -11.11
 ABUNDANCE CHANGE 69 -12.04 70 -10.96 71 -11.28 72 -11.16 73 -11.91 74 -10.93
 ABUNDANCE CHANGE 75 -11.77 76 -10.59 77 -10.69 78 -10.24 79 -11.03 80 -10.95
 ABUNDANCE CHANGE 81 -11.14 82 -10.19 83 -11.33 84 -20.00 85 -20.00 86 -20.00
 ABUNDANCE CHANGE 87 -20.00 88 -20.00 89 -20.00 90 -11.92 91 -20.00 92 -12.51
 ABUNDANCE CHANGE 93 -20.00 94 -20.00 95 -20.00 96 -20.00 97 -20.00 98 -20.00
 ABUNDANCE CHANGE 99 -20.00
READ DECK6 72 RHOX,T,P,XNE,ABROSS,ACCRAD,VTURB
 1.09893613E-04   3966.3 3.475E+00 6.850E+09 1.213E-03 7.638E-01 2.000E+05 0.000E+00 0.000E+00
 1.44299627E-04   3991.0 4.563E+00 8.879E+09 1.372E-03 8.133E-01 2.000E+05 0.000E+00 0.000E+00
 1.84967740E-04   4015.3 5.849E+00 1.125E+10 1.545E-03 8.418E-01 2.000E+05 0.000E+00 0.000E+00
 2.33137312E-04   4041.6 7.372E+00 1.402E+10 1.739E-03 8.526E-01 2.000E+05 0.000E+00 0.000E+00
 2.90153132E-04   4068.5 9.175E+00 1.728E+10 1.959E-03 8.517E-01 2.000E+05 0.000E+00 0.000E+00
 3.57715089E-04   4095.5 1.131E+01 2.110E+10 2.203E-03 8.442E-01 2.000E+05 0.000E+00 0.000E+00
 4.37824049E-04   4122.1 1.384E+01 2.559E+10 2.478E-03 8.373E-01 2.000E+05 0.000E+00 0.000E+00
 5.32612263E-04   4148.2 1.684E+01 3.084E+10 2.797E-03 8.334E-01 2.000E+05 0.000E+00 0.000E+00
 6.44500138E-04   4173.8 2.038E+01 3.699E+10 3.162E-03 8.335E-01 2.000E+05 0.000E+00 0.000E+00
 7.76664268E-04   4199.2 2.456E+01 4.418E+10 3.566E-03 8.342E-01 2.000E+05 0.000E+00 0.000E+00
 9.32802329E-04   4224.4 2.950E+01 5.259E+10 4.028E-03 8.367E-01 2.000E+05 0.000E+00 0.000E+00
 1.11722679E-03   4249.6 3.533E+01 6.244E+10 4.545E-03 8.393E-01 2.000E+05 0.000E+00 0.000E+00
 1.33517202E-03   4275.1 4.222E+01 7.397E+10 5.131E-03 8.436E-01 2.000E+05 0.000E+00 0.000E+00
 1.59231247E-03   4301.0 5.035E+01 8.747E+10 5.806E-03 8.508E-01 2.000E+05 0.000E+00 0.000E+00
 1.89503535E-03   4327.6 5.992E+01 1.032E+11 6.583E-03 8.597E-01 2.000E+05 0.000E+00 0.000E+00
 2.25071767E-03   4354.8 7.117E+01 1.216E+11 7.477E-03 8.693E-01 2.000E+05 0.000E+00 0.000E+00
 2.66858550E-03   4382.9 8.439E+01 1.431E+11 8.479E-03 8.773E-01 2.000E+05 0.000E+00 0.000E+00
 3.16013575E-03   4412.0 9.993E+01 1.681E+11 9.607E-03 8.823E-01 2.000E+05 0.000E+00 0.000E+00
 3.73959521E-03   4442.0 1.183E+02 1.975E+11 1.086E-02 8.815E-01 2.000E+05 0.000E+00 0.000E+00
 4.42269933E-03   4472.7 1.399E+02 2.319E+11 1.229E-02 8.817E-01 2.000E+05 0.000E+00 0.000E+00
 5.22630443E-03   4504.1 1.653E+02 2.720E+11 1.395E-02 8.835E-01 2.000E+05 0.000E+00 0.000E+00
 6.17003782E-03   4536.1 1.951E+02 3.189E+11 1.585E-02 8.873E-01 2.000E+05 0.000E+00 0.000E+00
 7.27655320E-03   4568.6 2.301E+02 3.734E+11 1.804E-02 8.935E-01 2.000E+05 0.000E+00 0.000E+00
 8.57479956E-03   4601.9 2.712E+02 4.370E+11 2.048E-02 8.974E-01 2.000E+05 0.000E+00 0.000E+00
 1.00997621E-02   4635.9 3.194E+02 5.113E+11 2.325E-02 9.007E-01 2.000E+05 0.000E+00 0.000E+00
 1.18928449E-02   4670.7 3.761E+02 5.981E+11 2.635E-02 9.011E-01 2.000E+05 0.000E+00 0.000E+00
 1.40010012E-02   4706.0 4.427E+02 6.994E+11 2.991E-02 9.053E-01 2.000E+05 0.000E+00 0.000E+00
 1.64755979E-02   4741.8 5.210E+02 8.176E+11 3.400E-02 9.136E-01 2.000E+05 0.000E+00 0.000E+00
 1.93764199E-02   4778.3 6.127E+02 9.554E+11 3.870E-02 9.260E-01 2.000E+05 0.000E+00 0.000E+00
 2.27769762E-02   4815.8 7.203E+02 1.116E+12 4.399E-02 9.383E-01 2.000E+05 0.000E+00 0.000E+00
 2.67663303E-02   4854.1 8.464E+02 1.303E+12 5.000E-02 9.507E-01 2.000E+05 0.000E+00 0.000E+00
 3.14457788E-02   4893.3 9.944E+02 1.522E+12 5.685E-02 9.647E-01 2.000E+05 0.000E+00 0.000E+00
 3.69379261E-02   4933.7 1.168E+03 1.777E+12 6.456E-02 9.783E-01 2.000E+05 0.000E+00 0.000E+00
 4.33831568E-02   4974.8 1.372E+03 2.075E+12 7.341E-02 9.968E-01 2.000E+05 0.000E+00 0.000E+00
 5.09418130E-02   5016.9 1.611E+03 2.422E+12 8.346E-02 1.021E+00 2.000E+05 0.000E+00 0.000E+00
 5.98149005E-02   5060.2 1.891E+03 2.828E+12 9.474E-02 1.049E+00 2.000E+05 0.000E+00 0.000E+00
 7.02385367E-02   5104.9 2.221E+03 3.304E+12 1.076E-01 1.080E+00 2.000E+05 0.000E+00 0.000E+00
 8.24815978E-02   5151.2 2.608E+03 3.860E+12 1.221E-01 1.113E+00 2.000E+05 0.000E+00 0.000E+00
 9.68603739E-02   5198.9 3.063E+03 4.511E+12 1.387E-01 1.150E+00 2.000E+05 0.000E+00 0.000E+00
 1.13747752E-01   5248.6 3.597E+03 5.275E+12 1.574E-01 1.192E+00 2.000E+05 0.000E+00 0.000E+00
 1.33572922E-01   5300.1 4.224E+03 6.170E+12 1.789E-01 1.242E+00 2.000E+05 0.000E+00 0.000E+00
 1.56828623E-01   5353.9 4.959E+03 7.221E+12 2.035E-01 1.302E+00 2.000E+05 0.000E+00 0.000E+00
 1.84080616E-01   5410.5 5.821E+03 8.455E+12 2.317E-01 1.376E+00 2.000E+05 0.000E+00 0.000E+00
 2.16004515E-01   5470.6 6.830E+03 9.908E+12 2.636E-01 1.460E+00 2.000E+05 0.000E+00 0.000E+00
 2.53425444E-01   5535.3 8.014E+03 1.163E+13 2.998E-01 1.552E+00 2.000E+05 0.000E+00 0.000E+00
 2.97319741E-01   5605.0 9.402E+03 1.367E+13 3.408E-01 1.656E+00 2.000E+05 0.000E+00 0.000E+00
 3.48799713E-01   5681.5 1.103E+04 1.612E+13 3.878E-01 1.780E+00 2.000E+05 0.000E+00 0.000E+00
 4.09045791E-01   5766.6 1.293E+04 1.909E+13 4.425E-01 1.933E+00 2.000E+05 0.000E+00 0.000E+00
 4.79177562E-01   5863.2 1.515E+04 2.275E+13 5.089E-01 2.140E+00 2.000E+05 0.000E+00 0.000E+00
 5.60377534E-01   5974.2 1.772E+04 2.736E+13 5.869E-01 2.378E+00 2.000E+05 0.000E+00 0.000E+00
 6.54068072E-01   6101.8 2.068E+04 3.341E+13 6.801E-01 2.658E+00 2.000E+05 1.838E-11 0.000E+00
 7.60834355E-01   6249.7 2.406E+04 4.171E+13 8.057E-01 3.075E+00 2.000E+05 5.496E-09 0.000E+00
 8.79188944E-01   6427.1 2.780E+04 5.398E+13 9.853E-01 3.704E+00 2.000E+05 1.274E-07 0.000E+00
 1.00598510E+00   6638.9 3.181E+04 7.331E+13 1.252E+00 4.644E+00 2.000E+05 2.363E-05 0.000E+00
 1.13366867E+00   6903.7 3.585E+04 1.070E+14 1.732E+00 6.352E+00 2.000E+05 1.748E-03 8.057E+02
 1.25230644E+00   7212.2 3.960E+04 1.655E+14 2.546E+00 8.581E+00 2.000E+05 5.074E-02 3.039E+03
 1.36095808E+00   7485.9 4.303E+04 2.431E+14 3.637E+00 1.052E+01 2.000E+05 1.347E-01 4.874E+03
 1.46599599E+00   7706.9 4.635E+04 3.309E+14 4.885E+00 1.275E+01 2.000E+05 2.130E-01 1.227E+04
 1.56545311E+00   8014.8 4.950E+04 4.914E+14 7.253E+00 1.756E+01 2.000E+05 2.835E-01 3.631E+04
 1.65527978E+00   8320.4 5.233E+04 7.106E+14 1.065E+01 2.324E+01 2.000E+05 3.469E-01 7.265E+04
 1.73535922E+00   8671.1 5.486E+04 1.048E+15 1.628E+01 3.335E+01 2.000E+05 3.981E-01 1.132E+05
 1.80329728E+00   9073.6 5.701E+04 1.573E+15 2.605E+01 4.770E+01 2.000E+05 4.491E-01 2.096E+05
 1.86044360E+00   9459.8 5.881E+04 2.240E+15 3.994E+01 5.321E+01 2.000E+05 5.958E-01 2.816E+05
 1.91386802E+00   9742.8 6.050E+04 2.856E+15 5.388E+01 4.772E+01 2.000E+05 7.380E-01 2.995E+05
 1.96800690E+00   9993.9 6.221E+04 3.499E+15 6.933E+01 4.177E+01 2.000E+05 8.189E-01 3.026E+05
 2.02594202E+00  10199.5 6.404E+04 4.108E+15 8.421E+01 3.750E+01 2.000E+05 8.670E-01 3.044E+05
 2.08950968E+00  10417.4 6.605E+04 4.827E+15 1.024E+02 3.467E+01 2.000E+05 9.008E-01 3.065E+05
 2.16059642E+00  10604.5 6.829E+04 5.526E+15 1.202E+02 3.146E+01 2.000E+05 9.215E-01 3.039E+05
 2.24097992E+00  10814.5 7.083E+04 6.378E+15 1.423E+02 2.985E+01 2.000E+05 9.384E-01 3.057E+05
 2.33273649E+00  11002.9 7.373E+04 7.239E+15 1.643E+02 2.736E+01 2.000E+05 9.503E-01 3.021E+05
 2.43818637E+00  11217.5 7.706E+04 8.291E+15 1.914E+02 2.625E+01 2.000E+05 9.596E-01 3.033E+05
 2.56036656E+00  11417.6 8.092E+04 9.390E+15 2.180E+02 2.537E+01 2.000E+05 9.654E-01 3.015E+05
PRADK 2.3770E+00
BEGIN                    ITERATION  15 COMPLETED
