TEFF  11500.  GRAVITY 2.00000 LTE
TITLE SDSC GRID  [+0.0]   VTURB 2.0 KM/S    L/H 1.25
 OPACITY IFOP 1 1 1 1 1 1 1 1 1 1 1 1 1 0 1 0 0 0 0 0
 CONVECTION OFF  1.00 TURBULENCE OFF  0.00  0.00  0.00  0.00
ABUNDANCE SCALE   1.00000 ABUNDANCE CHANGE 1 0.91100 2 0.08900
 ABUNDANCE CHANGE  3 -10.88  4 -10.89  5  -9.44  6  -3.48  7  -3.99  8  -3.11
 ABUNDANCE CHANGE  9  -7.48 10  -3.95 11  -5.71 12  -4.46 13  -5.57 14  -4.49
 ABUNDANCE CHANGE 15  -6.59 16  -4.83 17  -6.54 18  -5.48 19  -6.82 20  -5.68
 ABUNDANCE CHANGE 21  -8.94 22  -7.05 23  -8.04 24  -6.37 25  -6.65 26  -4.37
 ABUNDANCE CHANGE 27  -7.12 28  -5.79 29  -7.83 30  -7.44 31  -9.16 32  -8.63
 ABUNDANCE CHANGE 33  -9.67 34  -8.69 35  -9.41 36  -8.81 37  -9.44 38  -9.14
 ABUNDANCE CHANGE 39  -9.80 40  -9.54 41 -10.62 42 -10.12 43 -20.00 44 -10.20
 ABUNDANCE CHANGE 45 -10.92 46 -10.35 47 -11.10 48 -10.18 49 -10.58 50 -10.04
 ABUNDANCE CHANGE 51 -11.04 52  -9.80 53 -10.53 54  -9.81 55 -10.92 56  -9.91
 ABUNDANCE CHANGE 57 -10.82 58 -10.49 59 -11.33 60 -10.54 61 -20.00 62 -11.04
 ABUNDANCE CHANGE 63 -11.53 64 -10.92 65 -11.94 66 -10.94 67 -11.78 68 -11.11
 ABUNDANCE CHANGE 69 -12.04 70 -10.96 71 -11.28 72 -11.16 73 -11.91 74 -10.93
 ABUNDANCE CHANGE 75 -11.77 76 -10.59 77 -10.69 78 -10.24 79 -11.03 80 -10.95
 ABUNDANCE CHANGE 81 -11.14 82 -10.19 83 -11.33 84 -20.00 85 -20.00 86 -20.00
 ABUNDANCE CHANGE 87 -20.00 88 -20.00 89 -20.00 90 -11.92 91 -20.00 92 -12.51
 ABUNDANCE CHANGE 93 -20.00 94 -20.00 95 -20.00 96 -20.00 97 -20.00 98 -20.00
 ABUNDANCE CHANGE 99 -20.00
READ DECK6 64 RHOX,T,P,XNE,ABROSS,ACCRAD,VTURB
 4.38976456E-06   6567.6 8.257E-05 4.340E+07 3.038E-01 8.118E+01 2.000E+05
 5.85285538E-06   6624.5 1.127E-04 5.871E+07 3.042E-01 7.764E+01 2.000E+05
 7.80225445E-06   6664.5 1.610E-04 8.339E+07 3.043E-01 7.275E+01 2.000E+05
 1.04007186E-05   6715.1 2.388E-04 1.227E+08 3.045E-01 6.739E+01 2.000E+05
 1.38641114E-05   6766.1 3.612E-04 1.842E+08 3.046E-01 6.222E+01 2.000E+05
 1.84803564E-05   6819.5 5.476E-04 2.770E+08 3.048E-01 5.728E+01 2.000E+05
 2.46328891E-05   6873.7 8.254E-04 4.141E+08 3.049E-01 5.270E+01 2.000E+05
 3.28324969E-05   6928.2 1.231E-03 6.126E+08 3.051E-01 4.856E+01 2.000E+05
 4.37587996E-05   6982.9 1.815E-03 8.955E+08 3.054E-01 4.488E+01 2.000E+05
 5.83162944E-05   7038.0 2.642E-03 1.293E+09 3.057E-01 4.164E+01 2.000E+05
 7.77104116E-05   7093.5 3.807E-03 1.848E+09 3.059E-01 3.825E+01 2.000E+05
 1.03563932E-04   7149.1 5.461E-03 2.628E+09 3.059E-01 3.389E+01 2.000E+05
 1.38034854E-04   7202.8 7.806E-03 3.726E+09 3.061E-01 3.036E+01 2.000E+05
 1.83934314E-04   7257.0 1.106E-02 5.236E+09 3.069E-01 2.821E+01 2.000E+05
 2.44808525E-04   7315.3 1.543E-02 7.240E+09 3.093E-01 2.828E+01 2.000E+05
 3.25288806E-04   7380.6 2.120E-02 9.852E+09 3.122E-01 2.842E+01 2.000E+05
 4.31495243E-04   7452.7 2.878E-02 1.324E+10 3.158E-01 2.876E+01 2.000E+05
 5.71408679E-04   7531.3 3.875E-02 1.763E+10 3.199E-01 2.868E+01 2.000E+05
 7.55481936E-04   7613.6 5.191E-02 2.336E+10 3.244E-01 2.822E+01 2.000E+05
 9.97369341E-04   7698.7 6.939E-02 3.088E+10 3.294E-01 2.726E+01 2.000E+05
 1.31452338E-03   7785.3 9.253E-02 4.070E+10 3.356E-01 2.684E+01 2.000E+05
 1.72930544E-03   7876.0 1.230E-01 5.348E+10 3.425E-01 2.619E+01 2.000E+05
 2.27032539E-03   7969.5 1.631E-01 7.005E+10 3.507E-01 2.579E+01 2.000E+05
 2.97335119E-03   8067.0 2.152E-01 9.133E+10 3.606E-01 2.578E+01 2.000E+05
 3.88363888E-03   8169.5 2.828E-01 1.185E+11 3.719E-01 2.564E+01 2.000E+05
 5.06011118E-03   8275.0 3.709E-01 1.534E+11 3.840E-01 2.464E+01 2.000E+05
 6.57602923E-03   8375.6 4.857E-01 1.985E+11 3.983E-01 2.400E+01 2.000E+05
 8.51931117E-03   8472.8 6.336E-01 2.559E+11 4.154E-01 2.391E+01 2.000E+05
 1.09972077E-02   8569.4 8.217E-01 3.281E+11 4.355E-01 2.423E+01 2.000E+05
 1.41415921E-02   8667.2 1.059E+00 4.180E+11 4.586E-01 2.481E+01 2.000E+05
 1.81206160E-02   8767.7 1.358E+00 5.298E+11 4.836E-01 2.491E+01 2.000E+05
 2.31405855E-02   8864.9 1.734E+00 6.690E+11 5.124E-01 2.519E+01 2.000E+05
 2.94420478E-02   8960.1 2.204E+00 8.408E+11 5.457E-01 2.588E+01 2.000E+05
 3.73135518E-02   9056.2 2.783E+00 1.050E+12 5.837E-01 2.690E+01 2.000E+05
 4.71113873E-02   9155.4 3.493E+00 1.304E+12 6.262E-01 2.808E+01 2.000E+05
 5.92755928E-02   9258.2 4.360E+00 1.609E+12 6.733E-01 2.940E+01 2.000E+05
 7.43431058E-02   9366.3 5.412E+00 1.975E+12 7.255E-01 3.097E+01 2.000E+05
 9.29918241E-02   9482.0 6.684E+00 2.409E+12 7.815E-01 3.260E+01 2.000E+05
 1.16077752E-01   9610.7 8.218E+00 2.924E+12 8.417E-01 3.447E+01 2.000E+05
 1.44691942E-01   9759.1 1.006E+01 3.529E+12 9.044E-01 3.645E+01 2.000E+05
 1.80298593E-01   9932.4 1.229E+01 4.239E+12 9.666E-01 3.821E+01 2.000E+05
 2.24867087E-01  10133.5 1.501E+01 5.079E+12 1.027E+00 3.971E+01 2.000E+05
 2.81062015E-01  10368.1 1.836E+01 6.080E+12 1.081E+00 4.088E+01 2.000E+05
 3.52516587E-01  10643.2 2.255E+01 7.283E+12 1.129E+00 4.176E+01 2.000E+05
 4.44231516E-01  10965.7 2.787E+01 8.744E+12 1.168E+00 4.230E+01 2.000E+05
 5.63124881E-01  11341.6 3.471E+01 1.054E+13 1.196E+00 4.253E+01 2.000E+05
 7.18742500E-01  11778.1 4.365E+01 1.279E+13 1.212E+00 4.246E+01 2.000E+05
 9.24875276E-01  12287.9 5.557E+01 1.564E+13 1.214E+00 4.192E+01 2.000E+05
 1.19903576E+00  12866.3 7.154E+01 1.931E+13 1.219E+00 4.162E+01 2.000E+05
 1.56271459E+00  13525.9 9.277E+01 2.401E+13 1.227E+00 4.166E+01 2.000E+05
 2.04494024E+00  14279.0 1.209E+02 2.999E+13 1.233E+00 4.155E+01 2.000E+05
 2.68323237E+00  15117.1 1.581E+02 3.743E+13 1.246E+00 4.185E+01 2.000E+05
 3.53266353E+00  16053.8 2.077E+02 4.659E+13 1.238E+00 4.141E+01 2.000E+05
 4.66861214E+00  17087.7 2.743E+02 5.797E+13 1.239E+00 4.136E+01 2.000E+05
 6.18442241E+00  18223.7 3.634E+02 7.211E+13 1.236E+00 4.106E+01 2.000E+05
 8.20573047E+00  19461.8 4.825E+02 8.969E+13 1.239E+00 4.114E+01 2.000E+05
 1.09121251E+01  20816.6 6.428E+02 1.117E+14 1.226E+00 4.041E+01 2.000E+05
 1.45547757E+01  22278.1 8.607E+02 1.398E+14 1.218E+00 4.000E+01 2.000E+05
 1.94152914E+01  23869.6 1.153E+03 1.748E+14 1.225E+00 3.994E+01 2.000E+05
 2.58053383E+01  25587.0 1.535E+03 2.171E+14 1.253E+00 4.059E+01 2.000E+05
 3.40169107E+01  27445.6 2.016E+03 2.659E+14 1.316E+00 4.232E+01 2.000E+05
 4.43757189E+01  29455.4 2.602E+03 3.200E+14 1.400E+00 4.446E+01 2.000E+05
 5.72394706E+01  31626.0 3.298E+03 3.787E+14 1.516E+00 4.738E+01 2.000E+05
 7.30925312E+01  33959.9 4.136E+03 4.452E+14 1.640E+00 4.688E+01 2.000E+05
PRADK 2.3554E+01
BEGIN                    ITERATION  10 COMPLETED
