EFF  33000.  GRAVITY 5.00000 LTE 
ITLE SDSC GRID  [-2.5]   VTURB 2.0 KM/S                                        
OPACITY IFOP 1 1 1 1 1 1 1 1 1 1 1 1 1 0 1 0 0 0 0 0
CONVECTION OFF  1.00 TURBULENCE OFF  0.00  0.00  0.00  0.00
BUNDANCE SCALE  0.003162 ABUNDANCE CHANGE 1 0.91100 2 0.08900
ABUNDANCE CHANGE  3 -10.88  4 -10.89  5  -9.44  6  -3.48  7  -3.99  8  -3.11
ABUNDANCE CHANGE  9  -7.48 10  -3.95 11  -5.71 12  -4.46 13  -5.57 14  -4.49
ABUNDANCE CHANGE 15  -6.59 16  -4.83 17  -6.54 18  -5.48 19  -6.82 20  -5.68
ABUNDANCE CHANGE 21  -8.94 22  -7.05 23  -8.04 24  -6.37 25  -6.65 26  -4.37
ABUNDANCE CHANGE 27  -7.12 28  -5.79 29  -7.83 30  -7.44 31  -9.16 32  -8.63
ABUNDANCE CHANGE 33  -9.67 34  -8.69 35  -9.41 36  -8.81 37  -9.44 38  -9.14
ABUNDANCE CHANGE 39  -9.80 40  -9.54 41 -10.62 42 -10.12 43 -20.00 44 -10.20
ABUNDANCE CHANGE 45 -10.92 46 -10.35 47 -11.10 48 -10.18 49 -10.58 50 -10.04
ABUNDANCE CHANGE 51 -11.04 52  -9.80 53 -10.53 54  -9.81 55 -10.92 56  -9.91
ABUNDANCE CHANGE 57 -10.82 58 -10.49 59 -11.33 60 -10.54 61 -20.00 62 -11.04
ABUNDANCE CHANGE 63 -11.53 64 -10.92 65 -11.94 66 -10.94 67 -11.78 68 -11.11
ABUNDANCE CHANGE 69 -12.04 70 -10.96 71 -11.28 72 -11.16 73 -11.91 74 -10.93
ABUNDANCE CHANGE 75 -11.77 76 -10.59 77 -10.69 78 -10.24 79 -11.03 80 -10.95
ABUNDANCE CHANGE 81 -11.14 82 -10.19 83 -11.33 84 -20.00 85 -20.00 86 -20.00
ABUNDANCE CHANGE 87 -20.00 88 -20.00 89 -20.00 90 -11.92 91 -20.00 92 -12.51
ABUNDANCE CHANGE 93 -20.00 94 -20.00 95 -20.00 96 -20.00 97 -20.00 98 -20.00
ABUNDANCE CHANGE 99 -20.00
EAD DECK6 64 RHOX,T,P,XNE,ABROSS,ACCRAD,VTURB
4.75822576E-06  19808.7 4.720E-01 8.629E+10 3.244E-01 7.967E+02 2.000E+05
5.48317838E-06  19875.9 5.440E-01 9.910E+10 3.244E-01 7.966E+02 2.000E+05
7.30373910E-06  19910.3 7.246E-01 1.318E+11 3.262E-01 8.016E+02 2.000E+05
9.72014326E-06  19911.3 9.642E-01 1.754E+11 3.284E-01 8.083E+02 2.000E+05
1.29201186E-05  20013.0 1.282E+00 2.319E+11 3.308E-01 8.143E+02 2.000E+05
1.71542126E-05  20069.4 1.702E+00 3.070E+11 3.335E-01 8.228E+02 2.000E+05
2.27510747E-05  20151.2 2.257E+00 4.055E+11 3.366E-01 8.332E+02 2.000E+05
3.01426604E-05  20233.1 2.990E+00 5.350E+11 3.400E-01 8.462E+02 2.000E+05
3.98946905E-05  20303.9 3.956E+00 7.055E+11 3.439E-01 8.640E+02 2.000E+05
5.27477644E-05  20388.9 5.231E+00 9.288E+11 3.481E-01 8.854E+02 2.000E+05
6.96704705E-05  20476.9 6.908E+00 1.221E+12 3.527E-01 9.113E+02 2.000E+05
9.19254075E-05  20572.2 9.112E+00 1.604E+12 3.579E-01 9.424E+02 2.000E+05
1.21150955E-04  20671.7 1.201E+01 2.103E+12 3.637E-01 9.799E+02 2.000E+05
1.59463963E-04  20779.3 1.580E+01 2.753E+12 3.703E-01 1.024E+03 2.000E+05
2.09589573E-04  20888.5 2.076E+01 3.598E+12 3.779E-01 1.078E+03 2.000E+05
2.75017165E-04  21004.5 2.723E+01 4.693E+12 3.865E-01 1.141E+03 2.000E+05
3.60182866E-04  21125.4 3.565E+01 6.108E+12 3.965E-01 1.215E+03 2.000E+05
4.70683782E-04  21253.7 4.656E+01 7.929E+12 4.082E-01 1.302E+03 2.000E+05
6.13550041E-04  21389.2 6.065E+01 1.026E+13 4.218E-01 1.402E+03 2.000E+05
7.97567650E-04  21534.5 7.878E+01 1.324E+13 4.375E-01 1.514E+03 2.000E+05
1.03364434E-03  21686.9 1.020E+02 1.703E+13 4.557E-01 1.638E+03 2.000E+05
1.33517470E-03  21843.2 1.317E+02 2.181E+13 4.768E-01 1.777E+03 2.000E+05
1.71850586E-03  21996.3 1.693E+02 2.785E+13 5.013E-01 1.939E+03 2.000E+05
2.20347493E-03  22143.9 2.168E+02 3.543E+13 5.297E-01 2.133E+03 2.000E+05
2.81393007E-03  22284.9 2.765E+02 4.489E+13 5.626E-01 2.371E+03 2.000E+05
3.57835198E-03  22426.7 3.510E+02 5.663E+13 6.006E-01 2.658E+03 2.000E+05
4.53076101E-03  22580.8 4.435E+02 7.107E+13 6.443E-01 2.989E+03 2.000E+05
5.71228428E-03  22754.7 5.579E+02 8.871E+13 6.938E-01 3.360E+03 2.000E+05
7.17312471E-03  22957.1 6.988E+02 1.101E+14 7.493E-01 3.759E+03 2.000E+05
8.97465057E-03  23193.1 8.718E+02 1.360E+14 8.111E-01 4.178E+03 2.000E+05
1.11920257E-02  23469.1 1.084E+03 1.670E+14 8.794E-01 4.603E+03 2.000E+05
1.39172015E-02  23789.8 1.343E+03 2.042E+14 9.547E-01 5.023E+03 2.000E+05
1.72633217E-02  24156.8 1.660E+03 2.486E+14 1.037E+00 5.432E+03 2.000E+05
2.13700943E-02  24573.2 2.048E+03 3.014E+14 1.127E+00 5.824E+03 2.000E+05
2.64095320E-02  25041.2 2.521E+03 3.642E+14 1.225E+00 6.199E+03 2.000E+05
3.25901693E-02  25563.2 3.100E+03 4.386E+14 1.332E+00 6.565E+03 2.000E+05
4.01634140E-02  26142.3 3.806E+03 5.265E+14 1.451E+00 6.916E+03 2.000E+05
4.94378761E-02  26780.1 4.668E+03 6.303E+14 1.580E+00 7.267E+03 2.000E+05
6.07944773E-02  27482.2 5.719E+03 7.525E+14 1.720E+00 7.620E+03 2.000E+05
7.47005823E-02  28255.6 7.001E+03 8.960E+14 1.874E+00 7.978E+03 2.000E+05
9.17118437E-02  29106.9 8.563E+03 1.064E+15 2.044E+00 8.349E+03 2.000E+05
1.12504491E-01  30044.8 1.046E+04 1.260E+15 2.231E+00 8.717E+03 2.000E+05
1.37901206E-01  31074.7 1.278E+04 1.488E+15 2.437E+00 9.083E+03 2.000E+05
1.68859759E-01  32201.1 1.559E+04 1.752E+15 2.670E+00 9.461E+03 2.000E+05
2.06481183E-01  33431.0 1.899E+04 2.057E+15 2.935E+00 9.863E+03 2.000E+05
2.52035156E-01  34765.2 2.308E+04 2.409E+15 3.238E+00 1.029E+04 2.000E+05
3.06933557E-01  36211.9 2.799E+04 2.812E+15 3.593E+00 1.076E+04 2.000E+05
3.72733199E-01  37763.1 3.385E+04 3.274E+15 4.006E+00 1.123E+04 2.000E+05
4.51472757E-01  39414.4 4.082E+04 3.803E+15 4.454E+00 1.165E+04 2.000E+05
5.46650649E-01  41156.6 4.922E+04 4.418E+15 4.866E+00 1.189E+04 2.000E+05
6.64706378E-01  43038.2 5.962E+04 5.148E+15 5.144E+00 1.187E+04 2.000E+05
8.16889030E-01  45091.6 7.305E+04 6.050E+15 5.216E+00 1.163E+04 2.000E+05
1.02154924E+00  47394.2 9.118E+04 7.210E+15 5.077E+00 1.118E+04 2.000E+05
1.30608701E+00  50024.2 1.165E+05 8.752E+15 4.808E+00 1.062E+04 2.000E+05
1.71006827E+00  53012.7 1.528E+05 1.084E+16 4.490E+00 1.000E+04 2.000E+05
2.28907705E+00  56406.6 2.051E+05 1.369E+16 4.168E+00 9.352E+03 2.000E+05
3.12081223E+00  60176.0 2.808E+05 1.758E+16 3.876E+00 8.712E+03 2.000E+05
4.30768064E+00  64321.0 3.895E+05 2.282E+16 3.638E+00 8.151E+03 2.000E+05
5.98393678E+00  68806.9 5.438E+05 2.978E+16 3.457E+00 7.723E+03 2.000E+05
8.32288583E+00  73707.4 7.601E+05 3.886E+16 3.320E+00 7.383E+03 2.000E+05
1.15430502E+01  78957.7 1.059E+06 5.054E+16 3.238E+00 7.153E+03 2.000E+05
1.59273091E+01  84700.5 1.466E+06 6.524E+16 3.191E+00 6.996E+03 2.000E+05
2.18066001E+01  90853.6 2.013E+06 8.351E+16 3.189E+00 6.896E+03 2.000E+05
2.96135767E+01  97515.6 2.741E+06 1.059E+17 3.224E+00 6.780E+03 2.000E+05
RADK 2.2346E+03
EGIN                    ITERATION   9 COMPLETED
