TEFF  14000.  GRAVITY 3.50000 LTE 
TITLE SDSC GRID  [+0.1]   VTURB 2.0 KM/S                                        
 OPACITY IFOP 1 1 1 1 1 1 1 1 1 1 1 1 1 0 1 0 0 0 0 0
 CONVECTION OFF  1.00 TURBULENCE OFF  0.00  0.00  0.00  0.00
ABUNDANCE SCALE   1.25890 ABUNDANCE CHANGE 1 0.91100 2 0.08900
 ABUNDANCE CHANGE  3 -10.88  4 -10.89  5  -9.44  6  -3.48  7  -3.99  8  -3.11
 ABUNDANCE CHANGE  9  -7.48 10  -3.95 11  -5.71 12  -4.46 13  -5.57 14  -4.49
 ABUNDANCE CHANGE 15  -6.59 16  -4.83 17  -6.54 18  -5.48 19  -6.82 20  -5.68
 ABUNDANCE CHANGE 21  -8.94 22  -7.05 23  -8.04 24  -6.37 25  -6.65 26  -4.37
 ABUNDANCE CHANGE 27  -7.12 28  -5.79 29  -7.83 30  -7.44 31  -9.16 32  -8.63
 ABUNDANCE CHANGE 33  -9.67 34  -8.69 35  -9.41 36  -8.81 37  -9.44 38  -9.14
 ABUNDANCE CHANGE 39  -9.80 40  -9.54 41 -10.62 42 -10.12 43 -20.00 44 -10.20
 ABUNDANCE CHANGE 45 -10.92 46 -10.35 47 -11.10 48 -10.18 49 -10.58 50 -10.04
 ABUNDANCE CHANGE 51 -11.04 52  -9.80 53 -10.53 54  -9.81 55 -10.92 56  -9.91
 ABUNDANCE CHANGE 57 -10.82 58 -10.49 59 -11.33 60 -10.54 61 -20.00 62 -11.04
 ABUNDANCE CHANGE 63 -11.53 64 -10.92 65 -11.94 66 -10.94 67 -11.78 68 -11.11
 ABUNDANCE CHANGE 69 -12.04 70 -10.96 71 -11.28 72 -11.16 73 -11.91 74 -10.93
 ABUNDANCE CHANGE 75 -11.77 76 -10.59 77 -10.69 78 -10.24 79 -11.03 80 -10.95
 ABUNDANCE CHANGE 81 -11.14 82 -10.19 83 -11.33 84 -20.00 85 -20.00 86 -20.00
 ABUNDANCE CHANGE 87 -20.00 88 -20.00 89 -20.00 90 -11.92 91 -20.00 92 -12.51
 ABUNDANCE CHANGE 93 -20.00 94 -20.00 95 -20.00 96 -20.00 97 -20.00 98 -20.00
 ABUNDANCE CHANGE 99 -20.00
READ DECK6 64 RHOX,T,P,XNE,ABROSS,ACCRAD,VTURB
 5.70164601E-06   7673.5 1.733E-02 7.785E+09 3.077E-01 1.221E+02 2.000E+05
 5.78992802E-06   7901.9 1.760E-02 7.684E+09 3.077E-01 1.141E+02 2.000E+05
 7.69748972E-06   7952.0 2.341E-02 1.015E+10 3.105E-01 1.194E+02 2.000E+05
 1.02317107E-05   8013.7 3.112E-02 1.339E+10 3.137E-01 1.232E+02 2.000E+05
 1.35748399E-05   8071.1 4.127E-02 1.763E+10 3.172E-01 1.281E+02 2.000E+05
 1.79791764E-05   8137.1 5.462E-02 2.314E+10 3.213E-01 1.326E+02 2.000E+05
 2.37730239E-05   8205.8 7.217E-02 3.031E+10 3.260E-01 1.351E+02 2.000E+05
 3.13827568E-05   8281.9 9.520E-02 3.961E+10 3.312E-01 1.359E+02 2.000E+05
 4.13619033E-05   8361.8 1.254E-01 5.167E+10 3.371E-01 1.336E+02 2.000E+05
 5.44203586E-05   8444.1 1.650E-01 6.729E+10 3.440E-01 1.320E+02 2.000E+05
 7.14551828E-05   8528.4 2.166E-01 8.746E+10 3.522E-01 1.320E+02 2.000E+05
 9.35997025E-05   8615.8 2.837E-01 1.134E+11 3.619E-01 1.336E+02 2.000E+05
 1.22290289E-04   8707.3 3.706E-01 1.465E+11 3.730E-01 1.343E+02 2.000E+05
 1.59372613E-04   8803.8 4.829E-01 1.888E+11 3.853E-01 1.300E+02 2.000E+05
 2.07142751E-04   8900.0 6.279E-01 2.428E+11 3.997E-01 1.274E+02 2.000E+05
 2.68405459E-04   8998.0 8.138E-01 3.112E+11 4.165E-01 1.261E+02 2.000E+05
 3.46635086E-04   9098.8 1.051E+00 3.976E+11 4.358E-01 1.251E+02 2.000E+05
 4.46159803E-04   9203.8 1.354E+00 5.060E+11 4.576E-01 1.227E+02 2.000E+05
 5.72202912E-04   9309.5 1.737E+00 6.417E+11 4.831E-01 1.223E+02 2.000E+05
 7.31119735E-04   9418.7 2.220E+00 8.107E+11 5.118E-01 1.204E+02 2.000E+05
 9.30670341E-04   9526.7 2.827E+00 1.021E+12 5.447E-01 1.189E+02 2.000E+05
 1.18014544E-03   9633.0 3.587E+00 1.280E+12 5.823E-01 1.175E+02 2.000E+05
 1.49059789E-03   9736.3 4.532E+00 1.600E+12 6.255E-01 1.170E+02 2.000E+05
 1.87481318E-03   9835.3 5.702E+00 1.993E+12 6.758E-01 1.186E+02 2.000E+05
 2.34777177E-03   9933.1 7.141E+00 2.470E+12 7.338E-01 1.220E+02 2.000E+05
 2.92738324E-03  10031.2 8.902E+00 3.049E+12 7.999E-01 1.263E+02 2.000E+05
 3.63573321E-03  10130.3 1.105E+01 3.747E+12 8.737E-01 1.294E+02 2.000E+05
 4.49909524E-03  10226.8 1.367E+01 4.590E+12 9.576E-01 1.328E+02 2.000E+05
 5.54716750E-03  10320.2 1.684E+01 5.603E+12 1.054E+00 1.379E+02 2.000E+05
 6.81449884E-03  10411.5 2.067E+01 6.814E+12 1.164E+00 1.445E+02 2.000E+05
 8.34211411E-03  10501.9 2.527E+01 8.258E+12 1.290E+00 1.526E+02 2.000E+05
 1.01785967E-02  10591.9 3.079E+01 9.972E+12 1.432E+00 1.624E+02 2.000E+05
 1.23837543E-02  10684.3 3.739E+01 1.200E+13 1.591E+00 1.728E+02 2.000E+05
 1.50292657E-02  10778.6 4.529E+01 1.440E+13 1.769E+00 1.852E+02 2.000E+05
 1.82004059E-02  10878.3 5.470E+01 1.724E+13 1.968E+00 1.998E+02 2.000E+05
 2.20040161E-02  10987.2 6.594E+01 2.057E+13 2.187E+00 2.161E+02 2.000E+05
 2.65762512E-02  11110.2 7.937E+01 2.448E+13 2.422E+00 2.341E+02 2.000E+05
 3.20954363E-02  11252.6 9.548E+01 2.908E+13 2.668E+00 2.524E+02 2.000E+05
 3.88069758E-02  11415.9 1.150E+02 3.452E+13 2.913E+00 2.681E+02 2.000E+05
 4.70363338E-02  11605.4 1.387E+02 4.100E+13 3.156E+00 2.833E+02 2.000E+05
 5.72109732E-02  11827.4 1.679E+02 4.873E+13 3.389E+00 2.973E+02 2.000E+05
 6.99195333E-02  12089.4 2.043E+02 5.804E+13 3.598E+00 3.093E+02 2.000E+05
 8.59845066E-02  12399.1 2.500E+02 6.934E+13 3.773E+00 3.186E+02 2.000E+05
 1.06545270E-01  12765.1 3.084E+02 8.320E+13 3.908E+00 3.250E+02 2.000E+05
 1.33181582E-01  13195.8 3.839E+02 1.004E+14 4.000E+00 3.280E+02 2.000E+05
 1.68129125E-01  13696.4 4.830E+02 1.220E+14 4.043E+00 3.274E+02 2.000E+05
 2.14390575E-01  14275.6 6.142E+02 1.496E+14 4.065E+00 3.253E+02 2.000E+05
 2.75620637E-01  14942.2 7.879E+02 1.847E+14 4.104E+00 3.251E+02 2.000E+05
 3.56894268E-01  15696.2 1.019E+03 2.294E+14 4.103E+00 3.208E+02 2.000E+05
 4.64700035E-01  16544.3 1.325E+03 2.856E+14 4.148E+00 3.206E+02 2.000E+05
 6.07880230E-01  17488.3 1.732E+03 3.555E+14 4.136E+00 3.160E+02 2.000E+05
 7.99315605E-01  18531.8 2.278E+03 4.428E+14 4.128E+00 3.117E+02 2.000E+05
 1.05482608E+00  19678.9 3.006E+03 5.515E+14 4.129E+00 3.095E+02 2.000E+05
 1.39502991E+00  20936.0 3.977E+03 6.865E+14 4.142E+00 3.068E+02 2.000E+05
 1.84514316E+00  22310.2 5.262E+03 8.527E+14 4.192E+00 3.092E+02 2.000E+05
 2.44108510E+00  23803.5 6.963E+03 1.058E+15 4.202E+00 3.059E+02 2.000E+05
 3.22936165E+00  25431.3 9.213E+03 1.310E+15 4.269E+00 3.100E+02 2.000E+05
 4.25370812E+00  27195.4 1.213E+04 1.613E+15 4.424E+00 3.188E+02 2.000E+05
 5.55764815E+00  29115.3 1.583E+04 1.966E+15 4.678E+00 3.364E+02 2.000E+05
 7.18957996E+00  31193.2 2.042E+04 2.369E+15 5.019E+00 3.604E+02 2.000E+05
 9.20009051E+00  33453.6 2.602E+04 2.818E+15 5.472E+00 3.922E+02 2.000E+05
 1.16479540E+01  35884.5 3.275E+04 3.317E+15 6.017E+00 4.321E+02 2.000E+05
 1.46173393E+01  38543.9 4.080E+04 3.875E+15 6.594E+00 4.708E+02 2.000E+05
 1.82919872E+01  41397.2 5.070E+04 4.532E+15 7.020E+00 4.622E+02 2.000E+05
PRADK 6.8792E+01
BEGIN                    ITERATION   6 COMPLETED
