TEFF   7500.  GRAVITY 2.00000 LTE 
TITLE SDSC GRID  [-3.0]   VTURB 2.0 KM/S    L/H 1.25                            
 OPACITY IFOP 1 1 1 1 1 1 1 1 1 1 1 1 1 0 1 0 0 0 0 0
 CONVECTION ON   1.25 TURBULENCE OFF  0.00  0.00  0.00  0.00
ABUNDANCE SCALE   0.00100 ABUNDANCE CHANGE 1 0.91100 2 0.08900
 ABUNDANCE CHANGE  3 -10.88  4 -10.89  5  -9.44  6  -3.48  7  -3.99  8  -3.11
 ABUNDANCE CHANGE  9  -7.48 10  -3.95 11  -5.71 12  -4.46 13  -5.57 14  -4.49
 ABUNDANCE CHANGE 15  -6.59 16  -4.83 17  -6.54 18  -5.48 19  -6.82 20  -5.68
 ABUNDANCE CHANGE 21  -8.94 22  -7.05 23  -8.04 24  -6.37 25  -6.65 26  -4.37
 ABUNDANCE CHANGE 27  -7.12 28  -5.79 29  -7.83 30  -7.44 31  -9.16 32  -8.63
 ABUNDANCE CHANGE 33  -9.67 34  -8.69 35  -9.41 36  -8.81 37  -9.44 38  -9.14
 ABUNDANCE CHANGE 39  -9.80 40  -9.54 41 -10.62 42 -10.12 43 -20.00 44 -10.20
 ABUNDANCE CHANGE 45 -10.92 46 -10.35 47 -11.10 48 -10.18 49 -10.58 50 -10.04
 ABUNDANCE CHANGE 51 -11.04 52  -9.80 53 -10.53 54  -9.81 55 -10.92 56  -9.91
 ABUNDANCE CHANGE 57 -10.82 58 -10.49 59 -11.33 60 -10.54 61 -20.00 62 -11.04
 ABUNDANCE CHANGE 63 -11.53 64 -10.92 65 -11.94 66 -10.94 67 -11.78 68 -11.11
 ABUNDANCE CHANGE 69 -12.04 70 -10.96 71 -11.28 72 -11.16 73 -11.91 74 -10.93
 ABUNDANCE CHANGE 75 -11.77 76 -10.59 77 -10.69 78 -10.24 79 -11.03 80 -10.95
 ABUNDANCE CHANGE 81 -11.14 82 -10.19 83 -11.33 84 -20.00 85 -20.00 86 -20.00
 ABUNDANCE CHANGE 87 -20.00 88 -20.00 89 -20.00 90 -11.92 91 -20.00 92 -12.51
 ABUNDANCE CHANGE 93 -20.00 94 -20.00 95 -20.00 96 -20.00 97 -20.00 98 -20.00
 ABUNDANCE CHANGE 99 -20.00
READ DECK6 72 RHOX,T,P,XNE,ABROSS,ACCRAD,VTURB
 7.21359776E-07   5213.9 7.132E-05 3.657E+07 1.849E-01 1.125E+00 2.000E+05 0.000E+00 0.000E+00
 9.71828489E-07   5218.5 9.610E-05 4.669E+07 1.703E-01 1.038E+00 2.000E+05 0.000E+00 0.000E+00
 1.33748998E-06   5222.1 1.323E-04 6.010E+07 1.541E-01 9.413E-01 2.000E+05 0.000E+00 0.000E+00
 1.87993983E-06   5226.7 1.861E-04 7.803E+07 1.375E-01 8.422E-01 2.000E+05 0.000E+00 0.000E+00
 2.70056186E-06   5231.5 2.675E-04 1.020E+08 1.206E-01 7.417E-01 2.000E+05 0.000E+00 0.000E+00
 3.95925773E-06   5235.8 3.925E-04 1.338E+08 1.040E-01 6.427E-01 2.000E+05 0.000E+00 0.000E+00
 5.92218096E-06   5240.2 5.876E-04 1.762E+08 8.830E-02 5.492E-01 2.000E+05 0.000E+00 0.000E+00
 9.02790085E-06   5244.9 8.966E-04 2.327E+08 7.398E-02 4.641E-01 2.000E+05 0.000E+00 0.000E+00
 1.39858289E-05   5251.7 1.390E-03 3.089E+08 6.163E-02 3.908E-01 2.000E+05 0.000E+00 0.000E+00
 2.19795700E-05   5256.9 2.187E-03 4.089E+08 5.063E-02 3.256E-01 2.000E+05 0.000E+00 0.000E+00
 3.50086210E-05   5262.4 3.486E-03 5.417E+08 4.128E-02 2.702E-01 2.000E+05 0.000E+00 0.000E+00
 5.64000248E-05   5267.4 5.620E-03 7.170E+08 3.341E-02 2.236E-01 2.000E+05 0.000E+00 0.000E+00
 9.17716126E-05   5272.0 9.150E-03 9.477E+08 2.687E-02 1.850E-01 2.000E+05 0.000E+00 0.000E+00
 1.50324473E-04   5278.5 1.500E-02 1.258E+09 2.169E-02 1.546E-01 2.000E+05 0.000E+00 0.000E+00
 2.46835666E-04   5286.5 2.463E-02 1.673E+09 1.759E-02 1.308E-01 2.000E+05 0.000E+00 0.000E+00
 4.04722543E-04   5297.2 4.040E-02 2.232E+09 1.442E-02 1.124E-01 2.000E+05 0.000E+00 0.000E+00
 6.59421983E-04   5311.6 6.585E-02 2.994E+09 1.202E-02 9.854E-02 2.000E+05 0.000E+00 0.000E+00
 1.06308086E-03   5329.6 1.062E-01 4.025E+09 1.021E-02 8.821E-02 2.000E+05 0.000E+00 0.000E+00
 1.68978215E-03   5351.9 1.688E-01 5.429E+09 8.865E-03 8.072E-02 2.000E+05 0.000E+00 0.000E+00
 2.63886249E-03   5379.3 2.636E-01 7.346E+09 7.909E-03 7.553E-02 2.000E+05 0.000E+00 0.000E+00
 4.03514297E-03   5412.2 4.032E-01 9.973E+09 7.274E-03 7.225E-02 2.000E+05 0.000E+00 0.000E+00
 6.02787960E-03   5450.3 6.023E-01 1.354E+10 6.894E-03 7.054E-02 2.000E+05 0.000E+00 0.000E+00
 8.79084722E-03   5492.6 8.784E-01 1.834E+10 6.721E-03 7.014E-02 2.000E+05 0.000E+00 0.000E+00
 1.25123978E-02   5539.7 1.250E+00 2.479E+10 6.750E-03 7.101E-02 2.000E+05 0.000E+00 0.000E+00
 1.73791364E-02   5591.7 1.737E+00 3.344E+10 6.980E-03 7.314E-02 2.000E+05 0.000E+00 0.000E+00
 2.35597678E-02   5648.5 2.354E+00 4.498E+10 7.428E-03 7.644E-02 2.000E+05 0.000E+00 0.000E+00
 3.12103871E-02   5708.1 3.119E+00 6.005E+10 8.077E-03 8.056E-02 2.000E+05 0.000E+00 0.000E+00
 4.05557535E-02   5765.8 4.052E+00 7.877E+10 8.841E-03 8.474E-02 2.000E+05 0.000E+00 0.000E+00
 5.19973491E-02   5814.8 5.196E+00 1.003E+11 9.550E-03 8.807E-02 2.000E+05 0.000E+00 0.000E+00
 6.63308596E-02   5849.8 6.628E+00 1.231E+11 1.002E-02 9.010E-02 2.000E+05 0.000E+00 0.000E+00
 8.47684061E-02   5873.5 8.470E+00 1.473E+11 1.029E-02 9.144E-02 2.000E+05 0.000E+00 0.000E+00
 1.08843129E-01   5890.6 1.088E+01 1.738E+11 1.048E-02 9.269E-02 2.000E+05 0.000E+00 0.000E+00
 1.40278069E-01   5905.9 1.402E+01 2.047E+11 1.074E-02 9.450E-02 2.000E+05 0.000E+00 0.000E+00
 1.81007554E-01   5921.2 1.808E+01 2.411E+11 1.111E-02 9.705E-02 2.000E+05 0.000E+00 0.000E+00
 2.33140648E-01   5937.3 2.329E+01 2.842E+11 1.164E-02 1.006E-01 2.000E+05 0.000E+00 0.000E+00
 2.99127443E-01   5953.5 2.988E+01 3.343E+11 1.233E-02 1.049E-01 2.000E+05 0.000E+00 0.000E+00
 3.81611659E-01   5972.1 3.812E+01 3.940E+11 1.324E-02 1.107E-01 2.000E+05 0.000E+00 0.000E+00
 4.83540801E-01   5991.4 4.831E+01 4.634E+11 1.435E-02 1.176E-01 2.000E+05 0.000E+00 0.000E+00
 6.08162524E-01   6013.4 6.075E+01 5.462E+11 1.575E-02 1.262E-01 2.000E+05 0.000E+00 0.000E+00
 7.59033936E-01   6036.8 7.582E+01 6.429E+11 1.741E-02 1.364E-01 2.000E+05 0.000E+00 0.000E+00
 9.40049742E-01   6063.5 9.390E+01 7.589E+11 1.945E-02 1.491E-01 2.000E+05 0.000E+00 0.000E+00
 1.15503106E+00   6093.6 1.154E+02 8.983E+11 2.194E-02 1.646E-01 2.000E+05 0.000E+00 0.000E+00
 1.40771142E+00   6128.5 1.406E+02 1.069E+12 2.504E-02 1.840E-01 2.000E+05 0.000E+00 0.000E+00
 1.70135254E+00   6168.7 1.699E+02 1.281E+12 2.889E-02 2.084E-01 2.000E+05 0.000E+00 0.000E+00
 2.03812667E+00   6216.7 2.035E+02 1.550E+12 3.385E-02 2.400E-01 2.000E+05 0.000E+00 0.000E+00
 2.41825454E+00   6273.5 2.414E+02 1.897E+12 4.033E-02 2.817E-01 2.000E+05 0.000E+00 0.000E+00
 2.83956021E+00   6341.5 2.834E+02 2.358E+12 4.902E-02 3.383E-01 2.000E+05 0.000E+00 0.000E+00
 3.29616984E+00   6423.6 3.289E+02 2.985E+12 6.108E-02 4.176E-01 2.000E+05 0.000E+00 0.000E+00
 3.77764797E+00   6523.4 3.768E+02 3.865E+12 7.846E-02 5.333E-01 2.000E+05 0.000E+00 0.000E+00
 4.26886513E+00   6644.3 4.256E+02 5.133E+12 1.045E-01 7.082E-01 2.000E+05 2.655E-16 0.000E+00
 4.75030838E+00   6791.6 4.734E+02 7.021E+12 1.454E-01 9.856E-01 2.000E+05 1.443E-14 4.769E+01
 5.20012807E+00   6969.5 5.178E+02 9.894E+12 2.130E-01 1.448E+00 2.000E+05 4.008E-13 1.330E+02
 5.59742708E+00   7184.3 5.568E+02 1.439E+13 3.317E-01 2.261E+00 2.000E+05 1.678E-11 3.711E+02
 5.92615074E+00   7441.7 5.887E+02 2.153E+13 5.526E-01 3.768E+00 2.000E+05 1.358E-09 1.264E+03
 6.18043870E+00   7744.5 6.129E+02 3.283E+13 9.814E-01 6.651E+00 2.000E+05 1.558E-07 5.146E+03
 6.36667337E+00   8091.1 6.298E+02 5.006E+13 1.821E+00 1.213E+01 2.000E+05 1.946E-05 2.316E+04
 6.49945167E+00   8482.0 6.409E+02 7.495E+13 3.412E+00 2.214E+01 2.000E+05 1.863E-04 9.303E+04
 6.59529131E+00   8918.4 6.477E+02 1.076E+14 6.161E+00 3.884E+01 2.000E+05 8.460E-04 1.314E+05
 6.66886074E+00   9398.7 6.514E+02 1.436E+14 9.963E+00 6.095E+01 2.000E+05 4.533E-03 2.740E+05
 6.73675277E+00   9925.2 6.534E+02 1.740E+14 1.328E+01 7.951E+01 2.000E+05 9.236E-03 4.020E+05
 6.81350243E+00  10510.2 6.547E+02 1.906E+14 1.383E+01 8.293E+01 2.000E+05 2.917E-03 2.498E+05
 6.92390909E+00  11177.1 6.573E+02 1.934E+14 1.165E+01 7.038E+01 2.000E+05 1.982E-04 9.422E+04
 7.11081788E+00  11905.2 6.646E+02 1.890E+14 8.582E+00 5.178E+01 2.000E+05 4.818E-06 1.704E+04
 7.45979760E+00  12713.5 6.845E+02 1.844E+14 6.051E+00 3.644E+01 2.000E+05 1.579E-08 4.131E+03
 8.11246366E+00  13585.1 7.297E+02 1.851E+14 4.392E+00 2.632E+01 2.000E+05 2.544E-10 1.708E+03
 9.27086077E+00  14539.7 8.189E+02 1.959E+14 3.426E+00 2.049E+01 2.000E+05 7.920E-11 1.266E+03
 1.11586647E+01  15569.6 9.723E+02 2.203E+14 2.926E+00 1.745E+01 2.000E+05 4.615E-11 1.003E+03
 1.40244284E+01  16691.3 1.212E+03 2.595E+14 2.629E+00 1.566E+01 2.000E+05 6.793E-12 4.456E+02
 1.82190683E+01  17900.3 1.568E+03 3.153E+14 2.423E+00 1.442E+01 2.000E+05 1.012E-13 0.000E+00
 2.42051752E+01  19208.4 2.083E+03 3.914E+14 2.292E+00 1.363E+01 2.000E+05 0.000E+00 0.000E+00
 3.25334275E+01  20618.5 2.805E+03 4.914E+14 2.223E+00 1.319E+01 2.000E+05 0.000E+00 0.000E+00
 4.38243690E+01  22134.5 3.787E+03 6.183E+14 2.207E+00 1.288E+01 2.000E+05 0.000E+00 0.000E+00
PRADK 4.2394E+00
BEGIN                    ITERATION  15 COMPLETED
