TEFF   8750.  GRAVITY 4.00000 LTE 
TITLE SDSC GRID  [+0.3]   VTURB 2.0 KM/S    L/H 1.25                            
 OPACITY IFOP 1 1 1 1 1 1 1 1 1 1 1 1 1 0 1 0 0 0 0 0
 CONVECTION ON   1.25 TURBULENCE OFF  0.00  0.00  0.00  0.00
ABUNDANCE SCALE   1.99526 ABUNDANCE CHANGE 1 0.91100 2 0.08900
 ABUNDANCE CHANGE  3 -10.88  4 -10.89  5  -9.44  6  -3.48  7  -3.99  8  -3.11
 ABUNDANCE CHANGE  9  -7.48 10  -3.95 11  -5.71 12  -4.46 13  -5.57 14  -4.49
 ABUNDANCE CHANGE 15  -6.59 16  -4.83 17  -6.54 18  -5.48 19  -6.82 20  -5.68
 ABUNDANCE CHANGE 21  -8.94 22  -7.05 23  -8.04 24  -6.37 25  -6.65 26  -4.37
 ABUNDANCE CHANGE 27  -7.12 28  -5.79 29  -7.83 30  -7.44 31  -9.16 32  -8.63
 ABUNDANCE CHANGE 33  -9.67 34  -8.69 35  -9.41 36  -8.81 37  -9.44 38  -9.14
 ABUNDANCE CHANGE 39  -9.80 40  -9.54 41 -10.62 42 -10.12 43 -20.00 44 -10.20
 ABUNDANCE CHANGE 45 -10.92 46 -10.35 47 -11.10 48 -10.18 49 -10.58 50 -10.04
 ABUNDANCE CHANGE 51 -11.04 52  -9.80 53 -10.53 54  -9.81 55 -10.92 56  -9.91
 ABUNDANCE CHANGE 57 -10.82 58 -10.49 59 -11.33 60 -10.54 61 -20.00 62 -11.04
 ABUNDANCE CHANGE 63 -11.53 64 -10.92 65 -11.94 66 -10.94 67 -11.78 68 -11.11
 ABUNDANCE CHANGE 69 -12.04 70 -10.96 71 -11.28 72 -11.16 73 -11.91 74 -10.93
 ABUNDANCE CHANGE 75 -11.77 76 -10.59 77 -10.69 78 -10.24 79 -11.03 80 -10.95
 ABUNDANCE CHANGE 81 -11.14 82 -10.19 83 -11.33 84 -20.00 85 -20.00 86 -20.00
 ABUNDANCE CHANGE 87 -20.00 88 -20.00 89 -20.00 90 -11.92 91 -20.00 92 -12.51
 ABUNDANCE CHANGE 93 -20.00 94 -20.00 95 -20.00 96 -20.00 97 -20.00 98 -20.00
 ABUNDANCE CHANGE 99 -20.00
READ DECK6 72 RHOX,T,P,XNE,ABROSS,ACCRAD,VTURB
 1.29539999E-05   5337.0 1.295E-01 4.617E+09 1.029E-02 6.244E+00 2.000E+05 0.000E+00 0.000E+00
 1.73830317E-05   5362.4 1.737E-01 5.760E+09 9.789E-03 6.176E+00 2.000E+05 0.000E+00 0.000E+00
 2.35598516E-05   5392.6 2.355E-01 7.310E+09 9.414E-03 6.014E+00 2.000E+05 0.000E+00 0.000E+00
 3.20650793E-05   5427.6 3.205E-01 9.406E+09 9.183E-03 5.804E+00 2.000E+05 0.000E+00 0.000E+00
 4.36299054E-05   5466.4 4.360E-01 1.220E+10 9.076E-03 5.572E+00 2.000E+05 0.000E+00 0.000E+00
 5.91465317E-05   5507.3 5.911E-01 1.586E+10 9.064E-03 5.326E+00 2.000E+05 0.000E+00 0.000E+00
 7.97763098E-05   5549.0 7.973E-01 2.058E+10 9.125E-03 5.082E+00 2.000E+05 0.000E+00 0.000E+00
 1.07010091E-04   5590.8 1.070E+00 2.658E+10 9.244E-03 4.856E+00 2.000E+05 0.000E+00 0.000E+00
 1.42745627E-04   5632.1 1.427E+00 3.415E+10 9.422E-03 4.660E+00 2.000E+05 0.000E+00 0.000E+00
 1.89368767E-04   5672.6 1.893E+00 4.360E+10 9.657E-03 4.500E+00 2.000E+05 0.000E+00 0.000E+00
 2.49793882E-04   5712.9 2.497E+00 5.539E+10 9.975E-03 4.378E+00 2.000E+05 0.000E+00 0.000E+00
 3.27436194E-04   5753.3 3.273E+00 7.006E+10 1.040E-02 4.289E+00 2.000E+05 0.000E+00 0.000E+00
 4.26098683E-04   5794.8 4.259E+00 8.837E+10 1.098E-02 4.229E+00 2.000E+05 0.000E+00 0.000E+00
 5.49956705E-04   5837.0 5.497E+00 1.111E+11 1.173E-02 4.182E+00 2.000E+05 0.000E+00 0.000E+00
 7.03642234E-04   5880.2 7.033E+00 1.390E+11 1.268E-02 4.146E+00 2.000E+05 0.000E+00 0.000E+00
 8.92214232E-04   5924.3 8.918E+00 1.734E+11 1.385E-02 4.118E+00 2.000E+05 0.000E+00 0.000E+00
 1.12120680E-03   5969.2 1.121E+01 2.152E+11 1.528E-02 4.099E+00 2.000E+05 0.000E+00 0.000E+00
 1.39676802E-03   6014.9 1.396E+01 2.661E+11 1.700E-02 4.087E+00 2.000E+05 0.000E+00 0.000E+00
 1.72583925E-03   6061.1 1.725E+01 3.274E+11 1.904E-02 4.078E+00 2.000E+05 0.000E+00 0.000E+00
 2.11638591E-03   6107.7 2.116E+01 4.010E+11 2.146E-02 4.072E+00 2.000E+05 0.000E+00 0.000E+00
 2.57753067E-03   6154.7 2.577E+01 4.891E+11 2.428E-02 4.070E+00 2.000E+05 0.000E+00 0.000E+00
 3.11971241E-03   6201.9 3.118E+01 5.940E+11 2.759E-02 4.077E+00 2.000E+05 0.000E+00 0.000E+00
 3.75482829E-03   6249.3 3.753E+01 7.188E+11 3.146E-02 4.103E+00 2.000E+05 0.000E+00 0.000E+00
 4.49680932E-03   6296.9 4.495E+01 8.664E+11 3.595E-02 4.134E+00 2.000E+05 0.000E+00 0.000E+00
 5.36206538E-03   6344.6 5.360E+01 1.041E+12 4.114E-02 4.172E+00 2.000E+05 0.000E+00 0.000E+00
 6.36986285E-03   6392.2 6.367E+01 1.246E+12 4.711E-02 4.216E+00 2.000E+05 0.000E+00 0.000E+00
 7.54306213E-03   6439.7 7.540E+01 1.487E+12 5.398E-02 4.271E+00 2.000E+05 0.000E+00 0.000E+00
 8.90864866E-03   6486.9 8.905E+01 1.769E+12 6.183E-02 4.339E+00 2.000E+05 0.000E+00 0.000E+00
 1.04984128E-02   6533.9 1.049E+02 2.098E+12 7.083E-02 4.426E+00 2.000E+05 0.000E+00 0.000E+00
 1.23488932E-02   6581.0 1.234E+02 2.484E+12 8.116E-02 4.537E+00 2.000E+05 0.000E+00 0.000E+00
 1.45018784E-02   6628.1 1.450E+02 2.935E+12 9.304E-02 4.670E+00 2.000E+05 0.000E+00 0.000E+00
 1.70057404E-02   6675.4 1.700E+02 3.462E+12 1.067E-01 4.827E+00 2.000E+05 0.000E+00 0.000E+00
 1.99164517E-02   6722.9 1.991E+02 4.078E+12 1.224E-01 5.008E+00 2.000E+05 0.000E+00 0.000E+00
 2.32992935E-02   6770.8 2.329E+02 4.799E+12 1.405E-01 5.216E+00 2.000E+05 0.000E+00 0.000E+00
 2.72303186E-02   6819.0 2.722E+02 5.640E+12 1.612E-01 5.454E+00 2.000E+05 0.000E+00 0.000E+00
 3.17978827E-02   6867.6 3.178E+02 6.623E+12 1.851E-01 5.732E+00 2.000E+05 0.000E+00 0.000E+00
 3.71012880E-02   6917.0 3.708E+02 7.776E+12 2.127E-01 6.067E+00 2.000E+05 0.000E+00 0.000E+00
 4.32524483E-02   6967.5 4.323E+02 9.130E+12 2.446E-01 6.454E+00 2.000E+05 0.000E+00 0.000E+00
 5.03788922E-02   7019.1 5.035E+02 1.072E+13 2.818E-01 6.905E+00 2.000E+05 0.000E+00 0.000E+00
 5.86235806E-02   7072.3 5.859E+02 1.260E+13 3.250E-01 7.437E+00 2.000E+05 0.000E+00 0.000E+00
 6.81376374E-02   7127.7 6.810E+02 1.484E+13 3.763E-01 8.082E+00 2.000E+05 0.000E+00 0.000E+00
 7.90725887E-02   7186.2 7.902E+02 1.751E+13 4.376E-01 8.868E+00 2.000E+05 0.000E+00 0.000E+00
 9.15774912E-02   7249.0 9.152E+02 2.074E+13 5.118E-01 9.839E+00 2.000E+05 0.000E+00 0.000E+00
 1.05775795E-01   7317.9 1.057E+03 2.472E+13 6.038E-01 1.106E+01 2.000E+05 0.000E+00 0.000E+00
 1.21737937E-01   7394.6 1.216E+03 2.968E+13 7.203E-01 1.264E+01 2.000E+05 0.000E+00 0.000E+00
 1.39464838E-01   7481.1 1.393E+03 3.595E+13 8.707E-01 1.468E+01 2.000E+05 0.000E+00 0.000E+00
 1.58867905E-01   7579.6 1.587E+03 4.399E+13 1.070E+00 1.739E+01 2.000E+05 2.784E-16 0.000E+00
 1.79707146E-01   7693.3 1.795E+03 5.452E+13 1.343E+00 2.109E+01 2.000E+05 1.155E-13 5.444E+01
 2.01596478E-01   7824.5 2.014E+03 6.846E+13 1.724E+00 2.622E+01 2.000E+05 3.933E-12 2.311E+02
 2.24032001E-01   7976.8 2.237E+03 8.720E+13 2.274E+00 3.352E+01 2.000E+05 2.943E-11 4.321E+02
 2.46388593E-01   8154.1 2.460E+03 1.127E+14 3.090E+00 4.417E+01 2.000E+05 1.611E-10 7.301E+02
 2.67959633E-01   8361.1 2.675E+03 1.480E+14 4.344E+00 6.000E+01 2.000E+05 1.075E-09 1.323E+03
 2.88096046E-01   8600.8 2.874E+03 1.966E+14 6.301E+00 8.402E+01 2.000E+05 1.127E-08 2.806E+03
 3.06347260E-01   8877.9 3.055E+03 2.632E+14 9.394E+00 1.206E+02 2.000E+05 1.890E-07 7.020E+03
 3.22469282E-01   9199.1 3.214E+03 3.537E+14 1.430E+01 1.764E+02 2.000E+05 3.954E-06 1.894E+04
 3.36660269E-01   9558.4 3.353E+03 4.686E+14 2.152E+01 2.562E+02 2.000E+05 8.052E-05 5.033E+04
 3.49220794E-01   9983.1 3.475E+03 6.123E+14 3.190E+01 3.687E+02 2.000E+05 7.676E-04 1.096E+05
 3.61114713E-01  10445.0 3.588E+03 7.616E+14 4.289E+01 4.843E+02 2.000E+05 1.979E-03 1.627E+05
 3.73506159E-01  10994.7 3.706E+03 9.027E+14 5.231E+01 5.873E+02 2.000E+05 1.700E-03 1.650E+05
 3.88199928E-01  11595.7 3.844E+03 1.002E+15 5.425E+01 6.076E+02 2.000E+05 3.553E-04 9.282E+04
 4.08653981E-01  12302.4 4.036E+03 1.064E+15 4.884E+01 5.503E+02 2.000E+05 1.536E-05 2.630E+04
 4.40221422E-01  13063.2 4.336E+03 1.112E+15 4.027E+01 4.526E+02 2.000E+05 2.078E-07 6.131E+03
 4.92746247E-01  13931.9 4.840E+03 1.183E+15 3.196E+01 3.590E+02 2.000E+05 1.724E-09 1.534E+03
 5.79735649E-01  14857.8 5.682E+03 1.313E+15 2.623E+01 2.922E+02 2.000E+05 3.581E-11 5.956E+02
 7.18268903E-01  15888.7 7.031E+03 1.532E+15 2.246E+01 2.493E+02 2.000E+05 3.856E-11 5.700E+02
 9.25149781E-01  16985.3 9.050E+03 1.866E+15 2.077E+01 2.295E+02 2.000E+05 1.066E-10 7.798E+02
 1.21847867E+00  18197.2 1.192E+04 2.323E+15 1.981E+01 2.186E+02 2.000E+05 7.046E-11 6.338E+02
 1.62180683E+00  19489.1 1.586E+04 2.913E+15 1.945E+01 2.142E+02 2.000E+05 6.162E-12 0.000E+00
 2.16811095E+00  20908.5 2.121E+04 3.649E+15 1.920E+01 2.112E+02 2.000E+05 0.000E+00 0.000E+00
 2.90075110E+00  22423.2 2.838E+04 4.565E+15 1.923E+01 2.112E+02 2.000E+05 0.000E+00 0.000E+00
 3.87093385E+00  24074.9 3.788E+04 5.681E+15 1.946E+01 2.126E+02 2.000E+05 0.000E+00 0.000E+00
 5.13974329E+00  25840.4 5.030E+04 7.032E+15 1.996E+01 2.074E+02 2.000E+05 0.000E+00 0.000E+00
PRADK 7.8347E+00
BEGIN                    ITERATION  15 COMPLETED
