TEFF  29000.  GRAVITY 3.50000 LTE 
TITLE SDSC GRID  [+0.2]   VTURB 2.0 KM/S                                        
 OPACITY IFOP 1 1 1 1 1 1 1 1 1 1 1 1 1 0 1 0 0 0 0 0
 CONVECTION OFF  1.00 TURBULENCE OFF  0.00  0.00  0.00  0.00
ABUNDANCE SCALE   1.58490 ABUNDANCE CHANGE 1 0.91100 2 0.08900
 ABUNDANCE CHANGE  3 -10.88  4 -10.89  5  -9.44  6  -3.48  7  -3.99  8  -3.11
 ABUNDANCE CHANGE  9  -7.48 10  -3.95 11  -5.71 12  -4.46 13  -5.57 14  -4.49
 ABUNDANCE CHANGE 15  -6.59 16  -4.83 17  -6.54 18  -5.48 19  -6.82 20  -5.68
 ABUNDANCE CHANGE 21  -8.94 22  -7.05 23  -8.04 24  -6.37 25  -6.65 26  -4.37
 ABUNDANCE CHANGE 27  -7.12 28  -5.79 29  -7.83 30  -7.44 31  -9.16 32  -8.63
 ABUNDANCE CHANGE 33  -9.67 34  -8.69 35  -9.41 36  -8.81 37  -9.44 38  -9.14
 ABUNDANCE CHANGE 39  -9.80 40  -9.54 41 -10.62 42 -10.12 43 -20.00 44 -10.20
 ABUNDANCE CHANGE 45 -10.92 46 -10.35 47 -11.10 48 -10.18 49 -10.58 50 -10.04
 ABUNDANCE CHANGE 51 -11.04 52  -9.80 53 -10.53 54  -9.81 55 -10.92 56  -9.91
 ABUNDANCE CHANGE 57 -10.82 58 -10.49 59 -11.33 60 -10.54 61 -20.00 62 -11.04
 ABUNDANCE CHANGE 63 -11.53 64 -10.92 65 -11.94 66 -10.94 67 -11.78 68 -11.11
 ABUNDANCE CHANGE 69 -12.04 70 -10.96 71 -11.28 72 -11.16 73 -11.91 74 -10.93
 ABUNDANCE CHANGE 75 -11.77 76 -10.59 77 -10.69 78 -10.24 79 -11.03 80 -10.95
 ABUNDANCE CHANGE 81 -11.14 82 -10.19 83 -11.33 84 -20.00 85 -20.00 86 -20.00
 ABUNDANCE CHANGE 87 -20.00 88 -20.00 89 -20.00 90 -11.92 91 -20.00 92 -12.51
 ABUNDANCE CHANGE 93 -20.00 94 -20.00 95 -20.00 96 -20.00 97 -20.00 98 -20.00
 ABUNDANCE CHANGE 99 -20.00
READ DECK6 64 RHOX,T,P,XNE,ABROSS,ACCRAD,VTURB
 5.34554663E-06  14422.8 6.983E-03 1.755E+09 3.274E-01 1.856E+03 2.000E+05
 5.43854841E-06  15572.5 7.121E-03 1.657E+09 3.274E-01 1.494E+03 2.000E+05
 7.24406483E-06  15670.3 1.020E-02 2.360E+09 3.273E-01 1.417E+03 2.000E+05
 9.65480853E-06  15802.5 1.441E-02 3.305E+09 3.288E-01 1.416E+03 2.000E+05
 1.28532386E-05  15951.4 2.001E-02 4.545E+09 3.306E-01 1.410E+03 2.000E+05
 1.70938203E-05  16118.4 2.746E-02 6.175E+09 3.326E-01 1.397E+03 2.000E+05
 2.27142163E-05  16300.7 3.744E-02 8.325E+09 3.347E-01 1.374E+03 2.000E+05
 3.01615376E-05  16496.2 5.090E-02 1.118E+10 3.369E-01 1.336E+03 2.000E+05
 4.00292578E-05  16698.4 6.921E-02 1.502E+10 3.390E-01 1.279E+03 2.000E+05
 5.31058114E-05  16898.6 9.430E-02 2.022E+10 3.411E-01 1.209E+03 2.000E+05
 7.04273998E-05  17086.5 1.288E-01 2.731E+10 3.436E-01 1.141E+03 2.000E+05
 9.33553874E-05  17253.6 1.758E-01 3.693E+10 3.462E-01 1.085E+03 2.000E+05
 1.23687698E-04  17397.8 2.394E-01 4.986E+10 3.491E-01 1.052E+03 2.000E+05
 1.63795977E-04  17527.1 3.243E-01 6.705E+10 3.522E-01 1.042E+03 2.000E+05
 2.16777786E-04  17655.1 4.364E-01 8.957E+10 3.557E-01 1.051E+03 2.000E+05
 2.86702903E-04  17792.0 5.836E-01 1.189E+11 3.596E-01 1.064E+03 2.000E+05
 3.78849668E-04  17943.0 7.759E-01 1.567E+11 3.643E-01 1.087E+03 2.000E+05
 5.00119272E-04  18108.9 1.027E+00 2.054E+11 3.691E-01 1.101E+03 2.000E+05
 6.59603631E-04  18293.1 1.354E+00 2.683E+11 3.745E-01 1.111E+03 2.000E+05
 8.69176233E-04  18490.1 1.784E+00 3.497E+11 3.801E-01 1.111E+03 2.000E+05
 1.14447619E-03  18696.1 2.350E+00 4.555E+11 3.859E-01 1.103E+03 2.000E+05
 1.50596974E-03  18907.5 3.097E+00 5.935E+11 3.920E-01 1.091E+03 2.000E+05
 1.98011904E-03  19122.4 4.082E+00 7.733E+11 3.989E-01 1.081E+03 2.000E+05
 2.60112732E-03  19339.6 5.376E+00 1.007E+12 4.064E-01 1.075E+03 2.000E+05
 3.41347904E-03  19559.7 7.074E+00 1.310E+12 4.145E-01 1.071E+03 2.000E+05
 4.47490215E-03  19785.5 9.295E+00 1.702E+12 4.234E-01 1.068E+03 2.000E+05
 5.85798777E-03  20018.2 1.219E+01 2.206E+12 4.342E-01 1.077E+03 2.000E+05
 7.65198345E-03  20260.0 1.591E+01 2.845E+12 4.474E-01 1.099E+03 2.000E+05
 9.97175678E-03  20515.7 2.067E+01 3.650E+12 4.615E-01 1.116E+03 2.000E+05
 1.29688523E-02  20781.2 2.679E+01 4.669E+12 4.766E-01 1.128E+03 2.000E+05
 1.68353042E-02  21055.7 3.463E+01 5.958E+12 4.931E-01 1.140E+03 2.000E+05
 2.18117242E-02  21337.9 4.465E+01 7.580E+12 5.116E-01 1.156E+03 2.000E+05
 2.82031101E-02  21630.8 5.741E+01 9.614E+12 5.315E-01 1.174E+03 2.000E+05
 3.63998994E-02  21937.3 7.362E+01 1.216E+13 5.530E-01 1.195E+03 2.000E+05
 4.69050942E-02  22264.1 9.418E+01 1.532E+13 5.760E-01 1.216E+03 2.000E+05
 6.03012530E-02  22617.3 1.200E+02 1.921E+13 6.046E-01 1.259E+03 2.000E+05
 7.72807989E-02  23009.9 1.518E+02 2.390E+13 6.369E-01 1.308E+03 2.000E+05
 9.87851467E-02  23449.5 1.912E+02 2.954E+13 6.701E-01 1.349E+03 2.000E+05
 1.26057786E-01  23939.4 2.402E+02 3.634E+13 7.041E-01 1.384E+03 2.000E+05
 1.60704701E-01  24486.2 3.013E+02 4.456E+13 7.386E-01 1.414E+03 2.000E+05
 2.04767486E-01  25099.3 3.776E+02 5.449E+13 7.753E-01 1.445E+03 2.000E+05
 2.60362638E-01  25788.8 4.714E+02 6.621E+13 8.247E-01 1.505E+03 2.000E+05
 3.30062401E-01  26566.9 5.849E+02 7.975E+13 8.755E-01 1.560E+03 2.000E+05
 4.17722792E-01  27440.9 7.231E+02 9.547E+13 9.273E-01 1.610E+03 2.000E+05
 5.28198118E-01  28422.2 8.918E+02 1.138E+14 9.814E-01 1.659E+03 2.000E+05
 6.66893651E-01  29518.7 1.096E+03 1.347E+14 1.046E+00 1.721E+03 2.000E+05
 8.40031189E-01  30746.5 1.339E+03 1.584E+14 1.119E+00 1.790E+03 2.000E+05
 1.05630917E+00  32109.3 1.630E+03 1.853E+14 1.191E+00 1.846E+03 2.000E+05
 1.32853330E+00  33624.7 1.984E+03 2.168E+14 1.258E+00 1.872E+03 2.000E+05
 1.67163214E+00  35262.2 2.418E+03 2.539E+14 1.332E+00 1.924E+03 2.000E+05
 2.10872513E+00  37089.3 2.961E+03 2.979E+14 1.376E+00 1.913E+03 2.000E+05
 2.67811449E+00  39035.3 3.678E+03 3.534E+14 1.398E+00 1.896E+03 2.000E+05
 3.42905545E+00  41227.2 4.633E+03 4.230E+14 1.408E+00 1.883E+03 2.000E+05
 4.42793382E+00  43642.4 5.920E+03 5.114E+14 1.405E+00 1.866E+03 2.000E+05
 5.77460496E+00  46355.5 7.693E+03 6.262E+14 1.380E+00 1.826E+03 2.000E+05
 7.60857482E+00  49359.6 1.018E+04 7.787E+14 1.347E+00 1.784E+03 2.000E+05
 1.01279758E+01  52677.9 1.374E+04 9.851E+14 1.300E+00 1.713E+03 2.000E+05
 1.36205490E+01  56329.0 1.893E+04 1.269E+15 1.250E+00 1.644E+03 2.000E+05
 1.84568138E+01  60311.6 2.646E+04 1.657E+15 1.206E+00 1.572E+03 2.000E+05
 2.51418737E+01  64646.7 3.734E+04 2.181E+15 1.164E+00 1.502E+03 2.000E+05
 3.43256079E+01  69327.2 5.289E+04 2.881E+15 1.136E+00 1.441E+03 2.000E+05
 4.67936686E+01  74377.7 7.466E+04 3.790E+15 1.122E+00 1.393E+03 2.000E+05
 6.36088621E+01  79831.8 1.049E+05 4.962E+15 1.111E+00 1.338E+03 2.000E+05
 8.58510770E+01  85684.7 1.456E+05 6.416E+15 1.138E+00 1.327E+03 2.000E+05
PRADK 1.3055E+03
BEGIN                    ITERATION   9 COMPLETED
