TEFF   5000.  GRAVITY 2.00000 LTE 
TITLE SDSC GRID  [-0.3]   VTURB 2.0 KM/S    L/H 1.25                            
 OPACITY IFOP 1 1 1 1 1 1 1 1 1 1 1 1 1 0 1 0 0 0 0 0
 CONVECTION ON   1.25 TURBULENCE OFF  0.00  0.00  0.00  0.00
ABUNDANCE SCALE   0.50120 ABUNDANCE CHANGE 1 0.91100 2 0.08900
 ABUNDANCE CHANGE  3 -10.88  4 -10.89  5  -9.44  6  -3.48  7  -3.99  8  -3.11
 ABUNDANCE CHANGE  9  -7.48 10  -3.95 11  -5.71 12  -4.46 13  -5.57 14  -4.49
 ABUNDANCE CHANGE 15  -6.59 16  -4.83 17  -6.54 18  -5.48 19  -6.82 20  -5.68
 ABUNDANCE CHANGE 21  -8.94 22  -7.05 23  -8.04 24  -6.37 25  -6.65 26  -4.37
 ABUNDANCE CHANGE 27  -7.12 28  -5.79 29  -7.83 30  -7.44 31  -9.16 32  -8.63
 ABUNDANCE CHANGE 33  -9.67 34  -8.69 35  -9.41 36  -8.81 37  -9.44 38  -9.14
 ABUNDANCE CHANGE 39  -9.80 40  -9.54 41 -10.62 42 -10.12 43 -20.00 44 -10.20
 ABUNDANCE CHANGE 45 -10.92 46 -10.35 47 -11.10 48 -10.18 49 -10.58 50 -10.04
 ABUNDANCE CHANGE 51 -11.04 52  -9.80 53 -10.53 54  -9.81 55 -10.92 56  -9.91
 ABUNDANCE CHANGE 57 -10.82 58 -10.49 59 -11.33 60 -10.54 61 -20.00 62 -11.04
 ABUNDANCE CHANGE 63 -11.53 64 -10.92 65 -11.94 66 -10.94 67 -11.78 68 -11.11
 ABUNDANCE CHANGE 69 -12.04 70 -10.96 71 -11.28 72 -11.16 73 -11.91 74 -10.93
 ABUNDANCE CHANGE 75 -11.77 76 -10.59 77 -10.69 78 -10.24 79 -11.03 80 -10.95
 ABUNDANCE CHANGE 81 -11.14 82 -10.19 83 -11.33 84 -20.00 85 -20.00 86 -20.00
 ABUNDANCE CHANGE 87 -20.00 88 -20.00 89 -20.00 90 -11.92 91 -20.00 92 -12.51
 ABUNDANCE CHANGE 93 -20.00 94 -20.00 95 -20.00 96 -20.00 97 -20.00 98 -20.00
 ABUNDANCE CHANGE 99 -20.00
READ DECK6 72 RHOX,T,P,XNE,ABROSS,ACCRAD,VTURB
 6.12699765E-03   2813.2 6.127E-01 2.852E+07 2.176E-05 6.702E-03 2.000E+05 0.000E+00 0.000E+00
 8.05235770E-03   2859.2 8.052E-01 4.044E+07 2.443E-05 6.679E-03 2.000E+05 0.000E+00 0.000E+00
 1.03487644E-02   2901.5 1.035E+00 5.538E+07 2.722E-05 6.556E-03 2.000E+05 0.000E+00 0.000E+00
 1.31016600E-02   2941.9 1.310E+00 7.414E+07 3.024E-05 6.372E-03 2.000E+05 0.000E+00 0.000E+00
 1.63959901E-02   2983.2 1.639E+00 9.822E+07 3.377E-05 6.229E-03 2.000E+05 0.000E+00 0.000E+00
 2.03238593E-02   3024.9 2.032E+00 1.286E+08 3.780E-05 6.088E-03 2.000E+05 0.000E+00 0.000E+00
 2.50134250E-02   3064.9 2.501E+00 1.659E+08 4.215E-05 5.866E-03 2.000E+05 0.000E+00 0.000E+00
 3.06146826E-02   3105.2 3.061E+00 2.122E+08 4.712E-05 5.719E-03 2.000E+05 0.000E+00 0.000E+00
 3.72964930E-02   3144.5 3.729E+00 2.686E+08 5.264E-05 5.567E-03 2.000E+05 0.000E+00 0.000E+00
 4.52736501E-02   3183.3 4.527E+00 3.374E+08 5.879E-05 5.340E-03 2.000E+05 0.000E+00 0.000E+00
 5.48036815E-02   3221.1 5.480E+00 4.205E+08 6.561E-05 5.106E-03 2.000E+05 0.000E+00 0.000E+00
 6.61858250E-02   3258.2 6.618E+00 5.207E+08 7.331E-05 4.952E-03 2.000E+05 0.000E+00 0.000E+00
 7.97541132E-02   3294.9 7.975E+00 6.415E+08 8.209E-05 4.866E-03 2.000E+05 0.000E+00 0.000E+00
 9.58973107E-02   3332.0 9.589E+00 7.874E+08 9.207E-05 4.718E-03 2.000E+05 0.000E+00 0.000E+00
 1.15099211E-01   3368.0 1.151E+01 9.613E+08 1.032E-04 4.486E-03 2.000E+05 0.000E+00 0.000E+00
 1.37941487E-01   3402.5 1.379E+01 1.167E+09 1.157E-04 4.318E-03 2.000E+05 0.000E+00 0.000E+00
 1.65070343E-01   3436.3 1.651E+01 1.412E+09 1.301E-04 4.214E-03 2.000E+05 0.000E+00 0.000E+00
 1.97217625E-01   3469.4 1.972E+01 1.702E+09 1.465E-04 4.166E-03 2.000E+05 0.000E+00 0.000E+00
 2.35275820E-01   3503.7 2.353E+01 2.049E+09 1.650E-04 4.009E-03 2.000E+05 0.000E+00 0.000E+00
 2.80299527E-01   3535.9 2.803E+01 2.455E+09 1.862E-04 3.915E-03 2.000E+05 0.000E+00 0.000E+00
 3.33452908E-01   3567.6 3.334E+01 2.934E+09 2.106E-04 3.857E-03 2.000E+05 0.000E+00 0.000E+00
 3.96087284E-01   3599.1 3.961E+01 3.497E+09 2.384E-04 3.799E-03 2.000E+05 0.000E+00 0.000E+00
 4.69769976E-01   3629.8 4.697E+01 4.157E+09 2.705E-04 3.795E-03 2.000E+05 0.000E+00 0.000E+00
 5.56473546E-01   3661.8 5.564E+01 4.938E+09 3.063E-04 3.719E-03 2.000E+05 0.000E+00 0.000E+00
 6.58500380E-01   3692.4 6.585E+01 5.849E+09 3.474E-04 3.680E-03 2.000E+05 0.000E+00 0.000E+00
 7.78286912E-01   3722.6 7.782E+01 6.915E+09 3.951E-04 3.679E-03 2.000E+05 0.000E+00 0.000E+00
 9.18602515E-01   3752.3 9.186E+01 8.158E+09 4.502E-04 3.715E-03 2.000E+05 0.000E+00 0.000E+00
 1.08272331E+00   3782.1 1.083E+02 9.609E+09 5.134E-04 3.764E-03 2.000E+05 0.000E+00 0.000E+00
 1.27474535E+00   3812.3 1.275E+02 1.130E+10 5.847E-04 3.798E-03 2.000E+05 0.000E+00 0.000E+00
 1.49980755E+00   3842.6 1.500E+02 1.329E+10 6.649E-04 3.809E-03 2.000E+05 0.000E+00 0.000E+00
 1.76352347E+00   3872.0 1.763E+02 1.559E+10 7.573E-04 3.859E-03 2.000E+05 0.000E+00 0.000E+00
 2.07204001E+00   3900.8 2.072E+02 1.827E+10 8.638E-04 3.947E-03 2.000E+05 0.000E+00 0.000E+00
 2.43246101E+00   3929.3 2.432E+02 2.138E+10 9.866E-04 4.071E-03 2.000E+05 0.000E+00 0.000E+00
 2.85301085E+00   3957.5 2.853E+02 2.499E+10 1.128E-03 4.235E-03 2.000E+05 0.000E+00 0.000E+00
 3.34351390E+00   3985.8 3.343E+02 2.918E+10 1.289E-03 4.421E-03 2.000E+05 0.000E+00 0.000E+00
 3.91697657E+00   4014.7 3.917E+02 3.407E+10 1.468E-03 4.579E-03 2.000E+05 0.000E+00 0.000E+00
 4.58804321E+00   4043.0 4.588E+02 3.975E+10 1.674E-03 4.786E-03 2.000E+05 0.000E+00 0.000E+00
 5.37229544E+00   4071.1 5.372E+02 4.635E+10 1.912E-03 5.047E-03 2.000E+05 0.000E+00 0.000E+00
 6.28782745E+00   4099.6 6.288E+02 5.401E+10 2.185E-03 5.366E-03 2.000E+05 0.000E+00 0.000E+00
 7.35558771E+00   4128.6 7.355E+02 6.293E+10 2.499E-03 5.747E-03 2.000E+05 0.000E+00 0.000E+00
 8.59968291E+00   4158.8 8.599E+02 7.331E+10 2.861E-03 6.196E-03 2.000E+05 0.000E+00 0.000E+00
 1.00494510E+01   4190.6 1.005E+03 8.542E+10 3.272E-03 6.688E-03 2.000E+05 0.000E+00 0.000E+00
 1.17416104E+01   4224.9 1.174E+03 9.962E+10 3.736E-03 7.218E-03 2.000E+05 0.000E+00 0.000E+00
 1.37165534E+01   4261.7 1.372E+03 1.163E+11 4.272E-03 7.841E-03 2.000E+05 0.000E+00 0.000E+00
 1.60187915E+01   4302.3 1.602E+03 1.359E+11 4.889E-03 8.564E-03 2.000E+05 0.000E+00 0.000E+00
 1.86996672E+01   4348.1 1.870E+03 1.591E+11 5.602E-03 9.397E-03 2.000E+05 0.000E+00 0.000E+00
 2.18210208E+01   4400.1 2.182E+03 1.867E+11 6.413E-03 1.032E-02 2.000E+05 0.000E+00 0.000E+00
 2.54574594E+01   4460.0 2.546E+03 2.198E+11 7.340E-03 1.134E-02 2.000E+05 0.000E+00 0.000E+00
 2.96926183E+01   4529.2 2.969E+03 2.598E+11 8.410E-03 1.251E-02 2.000E+05 0.000E+00 0.000E+00
 3.46154979E+01   4610.5 3.461E+03 3.094E+11 9.662E-03 1.385E-02 2.000E+05 0.000E+00 0.000E+00
 4.03113582E+01   4705.1 4.031E+03 3.732E+11 1.118E-02 1.550E-02 2.000E+05 0.000E+00 0.000E+00
 4.68194983E+01   4817.9 4.681E+03 4.621E+11 1.319E-02 1.767E-02 2.000E+05 0.000E+00 0.000E+00
 5.40550321E+01   4948.6 5.405E+03 5.979E+11 1.613E-02 2.100E-02 2.000E+05 4.090E-09 0.000E+00
 6.17437550E+01   5100.7 6.174E+03 8.273E+11 2.091E-02 2.687E-02 2.000E+05 6.356E-06 0.000E+00
 6.89131971E+01   5345.6 6.890E+03 1.428E+12 3.235E-02 3.835E-02 2.000E+05 1.118E-02 0.000E+00
 7.52878063E+01   5525.9 7.527E+03 2.224E+12 4.668E-02 4.907E-02 2.000E+05 1.025E-01 0.000E+00
 8.14100536E+01   5669.0 8.139E+03 3.187E+12 6.299E-02 6.079E-02 2.000E+05 1.634E-01 2.858E+02
 8.72337116E+01   5865.1 8.721E+03 5.083E+12 9.323E-02 8.692E-02 2.000E+05 1.950E-01 4.174E+03
 9.22328137E+01   6117.7 9.221E+03 8.922E+12 1.507E-01 1.348E-01 2.000E+05 2.313E-01 1.416E+04
 9.63409036E+01   6385.2 9.631E+03 1.553E+13 2.452E-01 2.079E-01 2.000E+05 2.734E-01 3.776E+04
 9.96235117E+01   6694.6 9.958E+03 2.794E+13 4.188E-01 3.360E-01 2.000E+05 3.187E-01 7.443E+04
 1.02168964E+02   7025.2 1.021E+04 4.942E+13 7.244E-01 5.386E-01 2.000E+05 3.691E-01 1.010E+05
 1.04104851E+02   7381.7 1.040E+04 8.621E+13 1.282E+00 8.575E-01 2.000E+05 4.260E-01 2.318E+05
 1.05563304E+02   7735.5 1.055E+04 1.420E+14 2.223E+00 1.127E+00 2.000E+05 5.555E-01 3.762E+05
 1.06766896E+02   8003.1 1.067E+04 2.010E+14 3.338E+00 1.035E+00 2.000E+05 7.471E-01 4.102E+05
 1.07909410E+02   8197.0 1.078E+04 2.550E+14 4.459E+00 8.871E-01 2.000E+05 8.321E-01 4.090E+05
 1.09074336E+02   8368.4 1.090E+04 3.115E+14 5.733E+00 7.997E-01 2.000E+05 8.816E-01 4.067E+05
 1.10306543E+02   8518.3 1.102E+04 3.687E+14 7.112E+00 7.328E-01 2.000E+05 9.138E-01 4.067E+05
 1.11633323E+02   8668.2 1.115E+04 4.337E+14 8.785E+00 6.778E-01 2.000E+05 9.344E-01 4.010E+05
 1.13088127E+02   8801.5 1.129E+04 4.987E+14 1.055E+01 6.227E-01 2.000E+05 9.501E-01 3.987E+05
 1.14694124E+02   8946.2 1.145E+04 5.770E+14 1.280E+01 5.912E-01 2.000E+05 9.611E-01 3.958E+05
 1.16482671E+02   9075.8 1.163E+04 6.552E+14 1.516E+01 5.792E-01 2.000E+05 9.676E-01 3.918E+05
PRADK 8.3110E-01
BEGIN                    ITERATION  15 COMPLETED
