TEFF   3500.  GRAVITY 5.00000 LTE 
TITLE SDSC GRID  [+0.3]   VTURB 2.0 KM/S    L/H 1.25                            
 OPACITY IFOP 1 1 1 1 1 1 1 1 1 1 1 1 1 0 1 0 0 0 0 0
 CONVECTION ON   1.25 TURBULENCE OFF  0.00  0.00  0.00  0.00
ABUNDANCE SCALE   1.99526 ABUNDANCE CHANGE 1 0.91100 2 0.08900
 ABUNDANCE CHANGE  3 -10.88  4 -10.89  5  -9.44  6  -3.48  7  -3.99  8  -3.11
 ABUNDANCE CHANGE  9  -7.48 10  -3.95 11  -5.71 12  -4.46 13  -5.57 14  -4.49
 ABUNDANCE CHANGE 15  -6.59 16  -4.83 17  -6.54 18  -5.48 19  -6.82 20  -5.68
 ABUNDANCE CHANGE 21  -8.94 22  -7.05 23  -8.04 24  -6.37 25  -6.65 26  -4.37
 ABUNDANCE CHANGE 27  -7.12 28  -5.79 29  -7.83 30  -7.44 31  -9.16 32  -8.63
 ABUNDANCE CHANGE 33  -9.67 34  -8.69 35  -9.41 36  -8.81 37  -9.44 38  -9.14
 ABUNDANCE CHANGE 39  -9.80 40  -9.54 41 -10.62 42 -10.12 43 -20.00 44 -10.20
 ABUNDANCE CHANGE 45 -10.92 46 -10.35 47 -11.10 48 -10.18 49 -10.58 50 -10.04
 ABUNDANCE CHANGE 51 -11.04 52  -9.80 53 -10.53 54  -9.81 55 -10.92 56  -9.91
 ABUNDANCE CHANGE 57 -10.82 58 -10.49 59 -11.33 60 -10.54 61 -20.00 62 -11.04
 ABUNDANCE CHANGE 63 -11.53 64 -10.92 65 -11.94 66 -10.94 67 -11.78 68 -11.11
 ABUNDANCE CHANGE 69 -12.04 70 -10.96 71 -11.28 72 -11.16 73 -11.91 74 -10.93
 ABUNDANCE CHANGE 75 -11.77 76 -10.59 77 -10.69 78 -10.24 79 -11.03 80 -10.95
 ABUNDANCE CHANGE 81 -11.14 82 -10.19 83 -11.33 84 -20.00 85 -20.00 86 -20.00
 ABUNDANCE CHANGE 87 -20.00 88 -20.00 89 -20.00 90 -11.92 91 -20.00 92 -12.51
 ABUNDANCE CHANGE 93 -20.00 94 -20.00 95 -20.00 96 -20.00 97 -20.00 98 -20.00
 ABUNDANCE CHANGE 99 -20.00
READ DECK6 72 RHOX,T,P,XNE,ABROSS,ACCRAD,VTURB
 1.29684067E-03   2570.0 1.297E+02 2.315E+09 1.028E-04 3.242E-02 2.000E+05 0.000E+00 0.000E+00
 1.68736209E-03   2590.5 1.687E+02 2.970E+09 1.249E-04 3.194E-02 2.000E+05 0.000E+00 0.000E+00
 2.12207451E-03   2606.0 2.122E+02 3.686E+09 1.479E-04 3.186E-02 2.000E+05 0.000E+00 0.000E+00
 2.61414375E-03   2621.1 2.614E+02 4.492E+09 1.735E-04 3.200E-02 2.000E+05 0.000E+00 0.000E+00
 3.17525895E-03   2636.3 3.175E+02 5.410E+09 2.022E-04 3.189E-02 2.000E+05 0.000E+00 0.000E+00
 3.82741686E-03   2644.9 3.827E+02 6.404E+09 2.291E-04 3.111E-02 2.000E+05 0.000E+00 0.000E+00
 4.59283474E-03   2655.5 4.593E+02 7.579E+09 2.610E-04 3.040E-02 2.000E+05 0.000E+00 0.000E+00
 5.48919206E-03   2666.2 5.489E+02 8.938E+09 2.969E-04 2.987E-02 2.000E+05 0.000E+00 0.000E+00
 6.54039598E-03   2676.9 6.540E+02 1.051E+10 3.374E-04 2.955E-02 2.000E+05 0.000E+00 0.000E+00
 7.77458025E-03   2687.4 7.775E+02 1.234E+10 3.831E-04 2.943E-02 2.000E+05 0.000E+00 0.000E+00
 9.22391761E-03   2698.3 9.224E+02 1.447E+10 4.350E-04 2.950E-02 2.000E+05 0.000E+00 0.000E+00
 1.09302779E-02   2707.9 1.093E+03 1.690E+10 4.912E-04 2.945E-02 2.000E+05 0.000E+00 0.000E+00
 1.29517550E-02   2716.3 1.295E+03 1.971E+10 5.517E-04 2.924E-02 2.000E+05 0.000E+00 0.000E+00
 1.53506709E-02   2725.1 1.535E+03 2.301E+10 6.203E-04 2.913E-02 2.000E+05 0.000E+00 0.000E+00
 1.81968640E-02   2733.9 1.820E+03 2.684E+10 6.969E-04 2.912E-02 2.000E+05 0.000E+00 0.000E+00
 2.15762380E-02   2742.7 2.158E+03 3.132E+10 7.825E-04 2.921E-02 2.000E+05 0.000E+00 0.000E+00
 2.55882740E-02   2751.8 2.559E+03 3.655E+10 8.791E-04 2.940E-02 2.000E+05 0.000E+00 0.000E+00
 3.03543085E-02   2760.9 3.035E+03 4.264E+10 9.860E-04 2.946E-02 2.000E+05 0.000E+00 0.000E+00
 3.60267033E-02   2769.7 3.603E+03 4.972E+10 1.104E-03 2.926E-02 2.000E+05 0.000E+00 0.000E+00
 4.27787780E-02   2779.0 4.278E+03 5.802E+10 1.238E-03 2.904E-02 2.000E+05 0.000E+00 0.000E+00
 5.08060976E-02   2788.7 5.081E+03 6.773E+10 1.389E-03 2.891E-02 2.000E+05 0.000E+00 0.000E+00
 6.03379326E-02   2799.0 6.034E+03 7.908E+10 1.561E-03 2.887E-02 2.000E+05 0.000E+00 0.000E+00
 7.16380840E-02   2810.0 7.164E+03 9.236E+10 1.758E-03 2.893E-02 2.000E+05 0.000E+00 0.000E+00
 8.50029009E-02   2821.9 8.500E+03 1.079E+11 1.984E-03 2.908E-02 2.000E+05 0.000E+00 0.000E+00
 1.00780055E-01   2834.3 1.008E+04 1.261E+11 2.243E-03 2.933E-02 2.000E+05 0.000E+00 0.000E+00
 1.19354645E-01   2848.3 1.194E+04 1.474E+11 2.545E-03 2.931E-02 2.000E+05 0.000E+00 0.000E+00
 1.41177881E-01   2862.8 1.412E+04 1.723E+11 2.890E-03 2.934E-02 2.000E+05 0.000E+00 0.000E+00
 1.66751769E-01   2878.4 1.668E+04 2.015E+11 3.295E-03 2.942E-02 2.000E+05 0.000E+00 0.000E+00
 1.96647954E-01   2894.7 1.966E+04 2.355E+11 3.761E-03 2.938E-02 2.000E+05 0.000E+00 0.000E+00
 2.31518363E-01   2912.0 2.315E+04 2.753E+11 4.306E-03 2.937E-02 2.000E+05 0.000E+00 0.000E+00
 2.72063916E-01   2930.4 2.721E+04 3.217E+11 4.947E-03 2.953E-02 2.000E+05 0.000E+00 0.000E+00
 3.19014578E-01   2950.0 3.190E+04 3.760E+11 5.707E-03 2.986E-02 2.000E+05 0.000E+00 0.000E+00
 3.73290402E-01   2970.5 3.733E+04 4.393E+11 6.583E-03 3.014E-02 2.000E+05 0.000E+00 0.000E+00
 4.35904786E-01   2992.5 4.359E+04 5.135E+11 7.630E-03 3.056E-02 2.000E+05 0.000E+00 0.000E+00
 5.07756231E-01   3016.0 5.078E+04 6.003E+11 8.887E-03 3.113E-02 2.000E+05 0.000E+00 0.000E+00
 5.89909272E-01   3040.7 5.899E+04 7.016E+11 1.038E-02 3.157E-02 2.000E+05 0.000E+00 0.000E+00
 6.83532608E-01   3067.0 6.835E+04 8.199E+11 1.217E-02 3.225E-02 2.000E+05 0.000E+00 0.000E+00
 7.89550671E-01   3095.7 7.895E+04 9.592E+11 1.439E-02 3.330E-02 2.000E+05 0.000E+00 0.000E+00
 9.08967972E-01   3126.1 9.090E+04 1.121E+12 1.707E-02 3.488E-02 2.000E+05 0.000E+00 0.000E+00
 1.04156220E+00   3165.1 1.042E+05 1.323E+12 2.086E-02 3.713E-02 2.000E+05 8.095E-05 0.000E+00
 1.17950218E+00   3227.5 1.180E+05 1.598E+12 2.750E-02 3.839E-02 2.000E+05 3.530E-03 0.000E+00
 1.32385939E+00   3275.9 1.324E+05 1.873E+12 3.401E-02 3.896E-02 2.000E+05 1.024E-02 0.000E+00
 1.48521508E+00   3307.3 1.485E+05 2.139E+12 3.950E-02 3.950E-02 2.000E+05 1.660E-02 0.000E+00
 1.67052485E+00   3339.3 1.671E+05 2.449E+12 4.588E-02 4.012E-02 2.000E+05 2.412E-02 7.550E+03
 1.88240920E+00   3374.7 1.882E+05 2.819E+12 5.377E-02 4.115E-02 2.000E+05 4.423E-02 2.050E+04
 2.12273941E+00   3412.3 2.123E+05 3.254E+12 6.333E-02 4.244E-02 2.000E+05 5.717E-02 2.164E+04
 2.39510157E+00   3450.0 2.395E+05 3.755E+12 7.445E-02 4.387E-02 2.000E+05 7.828E-02 1.995E+04
 2.70396929E+00   3489.2 2.704E+05 4.341E+12 8.760E-02 4.520E-02 2.000E+05 1.053E-01 2.257E+04
 3.05363779E+00   3530.2 3.054E+05 5.027E+12 1.033E-01 4.646E-02 2.000E+05 1.341E-01 2.562E+04
 3.44892399E+00   3573.0 3.449E+05 5.831E+12 1.219E-01 4.740E-02 2.000E+05 1.715E-01 2.771E+04
 3.89542347E+00   3617.4 3.895E+05 6.774E+12 1.439E-01 4.805E-02 2.000E+05 2.141E-01 2.899E+04
 4.39965841E+00   3663.3 4.400E+05 7.879E+12 1.699E-01 4.815E-02 2.000E+05 2.628E-01 2.885E+04
 4.96949414E+00   3710.1 4.969E+05 9.172E+12 2.005E-01 4.780E-02 2.000E+05 3.180E-01 2.971E+04
 5.61278246E+00   3759.2 5.613E+05 1.070E+13 2.372E-01 4.708E-02 2.000E+05 3.789E-01 3.226E+04
 6.33721803E+00   3810.1 6.337E+05 1.251E+13 2.810E-01 4.578E-02 2.000E+05 4.399E-01 3.296E+04
 7.15280363E+00   3862.2 7.153E+05 1.464E+13 3.328E-01 4.395E-02 2.000E+05 5.090E-01 3.377E+04
 8.07026237E+00   3916.5 8.070E+05 1.718E+13 3.949E-01 4.182E-02 2.000E+05 5.714E-01 3.413E+04
 9.10183606E+00   3971.7 9.102E+05 2.018E+13 4.682E-01 3.956E-02 2.000E+05 6.378E-01 3.460E+04
 1.02603436E+01   4029.4 1.026E+06 2.377E+13 5.566E-01 3.731E-02 2.000E+05 6.962E-01 3.468E+04
 1.15611013E+01   4087.9 1.156E+06 2.804E+13 6.605E-01 3.512E-02 2.000E+05 7.545E-01 3.486E+04
 1.30199532E+01   4149.6 1.302E+06 3.322E+13 7.867E-01 3.304E-02 2.000E+05 8.031E-01 3.464E+04
 1.46545615E+01   4211.8 1.465E+06 3.938E+13 9.358E-01 3.110E-02 2.000E+05 8.496E-01 3.465E+04
 1.64830219E+01   4277.7 1.648E+06 4.690E+13 1.118E+00 2.927E-02 2.000E+05 8.844E-01 3.416E+04
 1.85279022E+01   4344.0 1.853E+06 5.588E+13 1.331E+00 2.767E-02 2.000E+05 9.151E-01 3.402E+04
 2.08118994E+01   4414.8 2.081E+06 6.695E+13 1.592E+00 2.639E-02 2.000E+05 9.350E-01 3.335E+04
 2.33629949E+01   4485.9 2.336E+06 8.017E+13 1.898E+00 2.531E-02 2.000E+05 9.511E-01 3.307E+04
 2.62097873E+01   4562.6 2.621E+06 9.663E+13 2.273E+00 2.467E-02 2.000E+05 9.606E-01 3.236E+04
 2.93871977E+01   4639.6 2.939E+06 1.163E+14 2.710E+00 2.415E-02 2.000E+05 9.687E-01 3.205E+04
 3.29305289E+01   4723.3 3.293E+06 1.411E+14 3.248E+00 2.390E-02 2.000E+05 9.737E-01 3.100E+04
 3.68848036E+01   4807.4 3.688E+06 1.708E+14 3.872E+00 2.371E-02 2.000E+05 9.788E-01 3.115E+04
 4.12937786E+01   4900.2 4.129E+06 2.085E+14 4.642E+00 2.379E-02 2.000E+05 9.816E-01 3.019E+04
 4.62117804E+01   4993.5 4.621E+06 2.537E+14 5.529E+00 2.469E-02 2.000E+05 9.840E-01 3.017E+04
PRADK 1.9503E-01
BEGIN                    ITERATION  15 COMPLETED
