TEFF   5500.  GRAVITY 0.50000 LTE 
TITLE SDSC GRID  [-3.0]   VTURB 2.0 KM/S    L/H 1.25                            
 OPACITY IFOP 1 1 1 1 1 1 1 1 1 1 1 1 1 0 1 0 0 0 0 0
 CONVECTION ON   1.25 TURBULENCE OFF  0.00  0.00  0.00  0.00
ABUNDANCE SCALE   0.00100 ABUNDANCE CHANGE 1 0.91100 2 0.08900
 ABUNDANCE CHANGE  3 -10.88  4 -10.89  5  -9.44  6  -3.48  7  -3.99  8  -3.11
 ABUNDANCE CHANGE  9  -7.48 10  -3.95 11  -5.71 12  -4.46 13  -5.57 14  -4.49
 ABUNDANCE CHANGE 15  -6.59 16  -4.83 17  -6.54 18  -5.48 19  -6.82 20  -5.68
 ABUNDANCE CHANGE 21  -8.94 22  -7.05 23  -8.04 24  -6.37 25  -6.65 26  -4.37
 ABUNDANCE CHANGE 27  -7.12 28  -5.79 29  -7.83 30  -7.44 31  -9.16 32  -8.63
 ABUNDANCE CHANGE 33  -9.67 34  -8.69 35  -9.41 36  -8.81 37  -9.44 38  -9.14
 ABUNDANCE CHANGE 39  -9.80 40  -9.54 41 -10.62 42 -10.12 43 -20.00 44 -10.20
 ABUNDANCE CHANGE 45 -10.92 46 -10.35 47 -11.10 48 -10.18 49 -10.58 50 -10.04
 ABUNDANCE CHANGE 51 -11.04 52  -9.80 53 -10.53 54  -9.81 55 -10.92 56  -9.91
 ABUNDANCE CHANGE 57 -10.82 58 -10.49 59 -11.33 60 -10.54 61 -20.00 62 -11.04
 ABUNDANCE CHANGE 63 -11.53 64 -10.92 65 -11.94 66 -10.94 67 -11.78 68 -11.11
 ABUNDANCE CHANGE 69 -12.04 70 -10.96 71 -11.28 72 -11.16 73 -11.91 74 -10.93
 ABUNDANCE CHANGE 75 -11.77 76 -10.59 77 -10.69 78 -10.24 79 -11.03 80 -10.95
 ABUNDANCE CHANGE 81 -11.14 82 -10.19 83 -11.33 84 -20.00 85 -20.00 86 -20.00
 ABUNDANCE CHANGE 87 -20.00 88 -20.00 89 -20.00 90 -11.92 91 -20.00 92 -12.51
 ABUNDANCE CHANGE 93 -20.00 94 -20.00 95 -20.00 96 -20.00 97 -20.00 98 -20.00
 ABUNDANCE CHANGE 99 -20.00
READ DECK6 72 RHOX,T,P,XNE,ABROSS,ACCRAD,VTURB
 1.02805139E-03   3771.7 3.250E-03 1.474E+06 1.297E-04 9.150E-04 2.000E+05 0.000E+00 0.000E+00
 1.37801589E-03   3786.2 4.356E-03 1.849E+06 1.245E-04 9.069E-04 2.000E+05 0.000E+00 0.000E+00
 1.87493720E-03   3791.9 5.927E-03 2.227E+06 1.142E-04 8.920E-04 2.000E+05 0.000E+00 0.000E+00
 2.58441177E-03   3806.5 8.170E-03 2.835E+06 1.087E-04 8.828E-04 2.000E+05 0.000E+00 0.000E+00
 3.57992623E-03   3821.9 1.132E-02 3.630E+06 1.036E-04 8.732E-04 2.000E+05 0.000E+00 0.000E+00
 4.96113540E-03   3840.9 1.568E-02 4.741E+06 1.004E-04 8.649E-04 2.000E+05 0.000E+00 0.000E+00
 6.85279982E-03   3862.0 2.166E-02 6.240E+06 9.817E-05 8.573E-04 2.000E+05 0.000E+00 0.000E+00
 9.41903548E-03   3885.0 2.978E-02 8.268E+06 9.693E-05 8.501E-04 2.000E+05 0.000E+00 0.000E+00
 1.28714352E-02   3909.3 4.069E-02 1.099E+07 9.638E-05 8.432E-04 2.000E+05 0.000E+00 0.000E+00
 1.74892885E-02   3934.4 5.529E-02 1.459E+07 9.628E-05 8.364E-04 2.000E+05 0.000E+00 0.000E+00
 2.36484740E-02   3959.6 7.476E-02 1.930E+07 9.631E-05 8.297E-04 2.000E+05 0.000E+00 0.000E+00
 3.18614425E-02   3984.4 1.007E-01 2.539E+07 9.627E-05 8.231E-04 2.000E+05 0.000E+00 0.000E+00
 4.28334681E-02   4008.2 1.354E-01 3.318E+07 9.596E-05 8.169E-04 2.000E+05 0.000E+00 0.000E+00
 5.75306328E-02   4031.2 1.819E-01 4.309E+07 9.543E-05 8.114E-04 2.000E+05 0.000E+00 0.000E+00
 7.72508100E-02   4053.8 2.442E-01 5.575E+07 9.481E-05 8.067E-04 2.000E+05 0.000E+00 0.000E+00
 1.03698873E-01   4076.5 3.278E-01 7.208E+07 9.438E-05 8.028E-04 2.000E+05 0.000E+00 0.000E+00
 1.39056120E-01   4099.7 4.396E-01 9.326E+07 9.434E-05 7.997E-04 2.000E+05 0.000E+00 0.000E+00
 1.86123740E-01   4123.2 5.884E-01 1.206E+08 9.469E-05 7.973E-04 2.000E+05 0.000E+00 0.000E+00
 2.48530539E-01   4146.7 7.857E-01 1.555E+08 9.539E-05 7.954E-04 2.000E+05 0.000E+00 0.000E+00
 3.31037061E-01   4169.7 1.047E+00 1.996E+08 9.633E-05 7.943E-04 2.000E+05 0.000E+00 0.000E+00
 4.39811092E-01   4192.0 1.390E+00 2.548E+08 9.759E-05 7.944E-04 2.000E+05 0.000E+00 0.000E+00
 5.82690435E-01   4213.7 1.842E+00 3.235E+08 9.928E-05 7.956E-04 2.000E+05 0.000E+00 0.000E+00
 7.69490893E-01   4234.8 2.433E+00 4.087E+08 1.015E-04 7.983E-04 2.000E+05 0.000E+00 0.000E+00
 1.01214116E+00   4255.7 3.200E+00 5.143E+08 1.046E-04 8.026E-04 2.000E+05 0.000E+00 0.000E+00
 1.32478843E+00   4276.6 4.188E+00 6.449E+08 1.087E-04 8.090E-04 2.000E+05 0.000E+00 0.000E+00
 1.72367998E+00   4297.9 5.449E+00 8.070E+08 1.143E-04 8.176E-04 2.000E+05 0.000E+00 0.000E+00
 2.22698958E+00   4319.6 7.041E+00 1.007E+09 1.214E-04 8.286E-04 2.000E+05 0.000E+00 0.000E+00
 2.85535629E+00   4341.7 9.027E+00 1.253E+09 1.303E-04 8.421E-04 2.000E+05 0.000E+00 0.000E+00
 3.63231335E+00   4363.7 1.148E+01 1.551E+09 1.411E-04 8.584E-04 2.000E+05 0.000E+00 0.000E+00
 4.58610196E+00   4385.1 1.450E+01 1.906E+09 1.537E-04 8.776E-04 2.000E+05 0.000E+00 0.000E+00
 5.74952255E+00   4406.3 1.818E+01 2.330E+09 1.686E-04 9.001E-04 2.000E+05 0.000E+00 0.000E+00
 7.16056687E+00   4426.9 2.264E+01 2.829E+09 1.858E-04 9.260E-04 2.000E+05 0.000E+00 0.000E+00
 8.86459082E+00   4446.9 2.802E+01 3.414E+09 2.055E-04 9.557E-04 2.000E+05 0.000E+00 0.000E+00
 1.09158605E+01   4466.0 3.451E+01 4.093E+09 2.279E-04 9.895E-04 2.000E+05 0.000E+00 0.000E+00
 1.33803143E+01   4484.3 4.230E+01 4.874E+09 2.531E-04 1.028E-03 2.000E+05 0.000E+00 0.000E+00
 1.63375636E+01   4501.5 5.165E+01 5.767E+09 2.814E-04 1.072E-03 2.000E+05 0.000E+00 0.000E+00
 1.98828771E+01   4518.0 6.286E+01 6.788E+09 3.132E-04 1.121E-03 2.000E+05 0.000E+00 0.000E+00
 2.41282915E+01   4533.9 7.628E+01 7.958E+09 3.491E-04 1.178E-03 2.000E+05 0.000E+00 0.000E+00
 2.92023417E+01   4549.8 9.232E+01 9.311E+09 3.900E-04 1.245E-03 2.000E+05 0.000E+00 0.000E+00
 3.52445045E+01   4566.5 1.114E+02 1.091E+10 4.379E-04 1.324E-03 2.000E+05 0.000E+00 0.000E+00
 4.23975512E+01   4584.8 1.340E+02 1.283E+10 4.948E-04 1.419E-03 2.000E+05 0.000E+00 0.000E+00
 5.08024909E+01   4605.6 1.606E+02 1.520E+10 5.641E-04 1.535E-03 2.000E+05 0.000E+00 0.000E+00
 6.05810822E+01   4630.0 1.915E+02 1.819E+10 6.500E-04 1.680E-03 2.000E+05 0.000E+00 0.000E+00
 7.18265514E+01   4658.8 2.270E+02 2.204E+10 7.585E-04 1.864E-03 2.000E+05 0.000E+00 0.000E+00
 8.45871086E+01   4693.1 2.674E+02 2.711E+10 8.979E-04 2.100E-03 2.000E+05 0.000E+00 0.000E+00
 9.88347679E+01   4734.6 3.124E+02 3.403E+10 1.082E-03 2.414E-03 2.000E+05 0.000E+00 0.000E+00
 1.14439432E+02   4784.7 3.617E+02 4.371E+10 1.331E-03 2.837E-03 2.000E+05 0.000E+00 0.000E+00
 1.31202131E+02   4844.3 4.146E+02 5.751E+10 1.671E-03 3.420E-03 2.000E+05 0.000E+00 0.000E+00
 1.48387403E+02   4926.5 4.689E+02 8.052E+10 2.210E-03 4.339E-03 2.000E+05 5.179E-13 0.000E+00
 1.66548453E+02   4980.0 5.263E+02 1.019E+11 2.689E-03 5.204E-03 2.000E+05 1.036E-09 0.000E+00
 1.79556170E+02   5314.0 5.672E+02 2.894E+11 6.446E-03 1.134E-02 2.000E+05 7.671E-03 0.000E+00
 1.89948451E+02   5421.1 6.001E+02 4.017E+11 8.527E-03 1.408E-02 2.000E+05 6.718E-02 0.000E+00
 2.01943659E+02   5436.8 6.378E+02 4.327E+11 9.084E-03 1.429E-02 2.000E+05 9.438E-02 0.000E+00
 2.16180231E+02   5507.2 6.826E+02 5.407E+11 1.100E-02 1.687E-02 2.000E+05 1.119E-01 0.000E+00
 2.30180666E+02   5676.5 7.266E+02 8.606E+11 1.653E-02 2.477E-02 2.000E+05 1.337E-01 1.968E+02
 2.42277858E+02   5870.5 7.645E+02 1.409E+12 2.575E-02 3.728E-02 2.000E+05 1.611E-01 6.128E+02
 2.52542066E+02   6082.9 7.964E+02 2.317E+12 4.094E-02 5.690E-02 2.000E+05 1.948E-01 1.765E+03
 2.60955495E+02   6326.6 8.224E+02 3.911E+12 6.821E-02 9.083E-02 2.000E+05 2.344E-01 5.495E+03
 2.67462431E+02   6610.1 8.423E+02 6.808E+12 1.210E-01 1.515E-01 2.000E+05 2.806E-01 1.783E+04
 2.72355466E+02   6902.3 8.568E+02 1.144E+13 2.153E-01 2.548E-01 2.000E+05 3.275E-01 5.519E+04
 2.75790787E+02   7260.6 8.664E+02 2.024E+13 4.287E-01 4.635E-01 2.000E+05 3.790E-01 1.422E+05
 2.78212343E+02   7581.1 8.726E+02 3.198E+13 7.823E-01 8.019E-01 2.000E+05 4.210E-01 2.167E+05
 2.79774723E+02   8024.0 8.757E+02 5.555E+13 1.722E+00 1.543E+00 2.000E+05 4.935E-01 7.786E+05
 2.80879466E+02   8317.8 8.777E+02 7.648E+13 2.803E+00 1.270E+00 2.000E+05 7.322E-01 8.824E+05
 2.81925997E+02   8473.4 8.798E+02 8.928E+13 3.573E+00 9.894E-01 2.000E+05 8.336E-01 9.151E+05
 2.83004739E+02   8655.2 8.822E+02 1.055E+14 4.672E+00 9.197E-01 2.000E+05 8.874E-01 9.453E+05
 2.84167197E+02   8778.0 8.849E+02 1.172E+14 5.533E+00 7.732E-01 2.000E+05 9.176E-01 9.513E+05
 2.85452283E+02   8935.7 8.879E+02 1.329E+14 6.775E+00 7.620E-01 2.000E+05 9.359E-01 9.768E+05
 2.86895168E+02   9058.2 8.915E+02 1.454E+14 7.844E+00 6.717E-01 2.000E+05 9.495E-01 9.779E+05
 2.88534001E+02   9214.9 8.956E+02 1.616E+14 9.320E+00 6.767E-01 2.000E+05 9.590E-01 1.008E+06
 2.90407389E+02   9354.0 9.003E+02 1.759E+14 1.070E+01 6.139E-01 2.000E+05 9.661E-01 9.939E+05
 2.92585415E+02   9516.1 9.058E+02 1.921E+14 1.227E+01 6.733E-01 2.000E+05 9.690E-01 1.044E+06
PRADK 1.2120E+00
BEGIN                    ITERATION  15 COMPLETED
