TEFF   9750.  GRAVITY 4.00000 LTE
TITLE SDSC GRID  [+0.0]   VTURB 2.0 KM/S    L/H 1.25
 OPACITY IFOP 1 1 1 1 1 1 1 1 1 1 1 1 1 0 1 0 0 0 0 0
 CONVECTION OFF  1.00 TURBULENCE OFF  0.00  0.00  0.00  0.00
ABUNDANCE SCALE   1.00000 ABUNDANCE CHANGE 1 0.91100 2 0.08900
 ABUNDANCE CHANGE  3 -10.88  4 -10.89  5  -9.44  6  -3.48  7  -3.99  8  -3.11
 ABUNDANCE CHANGE  9  -7.48 10  -3.95 11  -5.71 12  -4.46 13  -5.57 14  -4.49
 ABUNDANCE CHANGE 15  -6.59 16  -4.83 17  -6.54 18  -5.48 19  -6.82 20  -5.68
 ABUNDANCE CHANGE 21  -8.94 22  -7.05 23  -8.04 24  -6.37 25  -6.65 26  -4.37
 ABUNDANCE CHANGE 27  -7.12 28  -5.79 29  -7.83 30  -7.44 31  -9.16 32  -8.63
 ABUNDANCE CHANGE 33  -9.67 34  -8.69 35  -9.41 36  -8.81 37  -9.44 38  -9.14
 ABUNDANCE CHANGE 39  -9.80 40  -9.54 41 -10.62 42 -10.12 43 -20.00 44 -10.20
 ABUNDANCE CHANGE 45 -10.92 46 -10.35 47 -11.10 48 -10.18 49 -10.58 50 -10.04
 ABUNDANCE CHANGE 51 -11.04 52  -9.80 53 -10.53 54  -9.81 55 -10.92 56  -9.91
 ABUNDANCE CHANGE 57 -10.82 58 -10.49 59 -11.33 60 -10.54 61 -20.00 62 -11.04
 ABUNDANCE CHANGE 63 -11.53 64 -10.92 65 -11.94 66 -10.94 67 -11.78 68 -11.11
 ABUNDANCE CHANGE 69 -12.04 70 -10.96 71 -11.28 72 -11.16 73 -11.91 74 -10.93
 ABUNDANCE CHANGE 75 -11.77 76 -10.59 77 -10.69 78 -10.24 79 -11.03 80 -10.95
 ABUNDANCE CHANGE 81 -11.14 82 -10.19 83 -11.33 84 -20.00 85 -20.00 86 -20.00
 ABUNDANCE CHANGE 87 -20.00 88 -20.00 89 -20.00 90 -11.92 91 -20.00 92 -12.51
 ABUNDANCE CHANGE 93 -20.00 94 -20.00 95 -20.00 96 -20.00 97 -20.00 98 -20.00
 ABUNDANCE CHANGE 99 -20.00
READ DECK6 64 RHOX,T,P,XNE,ABROSS,ACCRAD,VTURB
 2.36458427E-05   5643.5 2.357E-01 1.365E+10 6.673E-02 3.100E+01 2.000E+05
 2.66410767E-05   6168.8 2.656E-01 4.303E+10 6.673E-02 2.345E+01 2.000E+05
 3.53602862E-05   6231.6 3.526E-01 5.654E+10 6.922E-02 2.197E+01 2.000E+05
 4.65736199E-05   6292.2 4.645E-01 7.353E+10 7.183E-02 2.088E+01 2.000E+05
 6.09930779E-05   6349.5 6.084E-01 9.462E+10 7.437E-02 2.002E+01 2.000E+05
 7.95589716E-05   6404.9 7.937E-01 1.209E+11 7.707E-02 1.933E+01 2.000E+05
 1.03406976E-04   6459.6 1.032E+00 1.537E+11 8.017E-02 1.876E+01 2.000E+05
 1.33912570E-04   6513.8 1.336E+00 1.946E+11 8.376E-02 1.827E+01 2.000E+05
 1.72736681E-04   6567.7 1.724E+00 2.453E+11 8.800E-02 1.787E+01 2.000E+05
 2.21901931E-04   6620.9 2.215E+00 3.077E+11 9.288E-02 1.755E+01 2.000E+05
 2.83787638E-04   6674.4 2.832E+00 3.847E+11 9.876E-02 1.735E+01 2.000E+05
 3.61098068E-04   6728.4 3.604E+00 4.792E+11 1.058E-01 1.725E+01 2.000E+05
 4.56874338E-04   6783.4 4.560E+00 5.951E+11 1.144E-01 1.723E+01 2.000E+05
 5.74479603E-04   6839.5 5.734E+00 7.367E+11 1.248E-01 1.727E+01 2.000E+05
 7.17681807E-04   6896.6 7.164E+00 9.085E+11 1.372E-01 1.734E+01 2.000E+05
 8.90750021E-04   6954.1 8.891E+00 1.115E+12 1.518E-01 1.743E+01 2.000E+05
 1.09882239E-03   7011.2 1.097E+01 1.362E+12 1.686E-01 1.755E+01 2.000E+05
 1.34836092E-03   7067.0 1.346E+01 1.653E+12 1.876E-01 1.772E+01 2.000E+05
 1.64739591E-03   7121.2 1.644E+01 1.995E+12 2.088E-01 1.794E+01 2.000E+05
 2.00588620E-03   7173.3 2.002E+01 2.393E+12 2.322E-01 1.824E+01 2.000E+05
 2.43570714E-03   7223.9 2.431E+01 2.858E+12 2.583E-01 1.865E+01 2.000E+05
 2.95089533E-03   7273.3 2.946E+01 3.399E+12 2.874E-01 1.917E+01 2.000E+05
 3.56773228E-03   7322.4 3.561E+01 4.034E+12 3.204E-01 1.981E+01 2.000E+05
 4.30499707E-03   7371.2 4.297E+01 4.777E+12 3.578E-01 2.055E+01 2.000E+05
 5.18481716E-03   7419.9 5.175E+01 5.644E+12 4.001E-01 2.139E+01 2.000E+05
 6.23314702E-03   7468.6 6.221E+01 6.656E+12 4.481E-01 2.235E+01 2.000E+05
 7.48056707E-03   7517.2 7.466E+01 7.835E+12 5.024E-01 2.343E+01 2.000E+05
 8.96349660E-03   7565.7 8.945E+01 9.206E+12 5.638E-01 2.466E+01 2.000E+05
 1.07243916E-02   7614.7 1.070E+02 1.081E+13 6.337E-01 2.606E+01 2.000E+05
 1.28119446E-02   7664.7 1.278E+02 1.268E+13 7.137E-01 2.768E+01 2.000E+05
 1.52818007E-02   7715.1 1.525E+02 1.486E+13 8.048E-01 2.956E+01 2.000E+05
 1.81978280E-02   7767.3 1.815E+02 1.742E+13 9.105E-01 3.179E+01 2.000E+05
 2.16256445E-02   7822.6 2.157E+02 2.045E+13 1.035E+00 3.446E+01 2.000E+05
 2.56307441E-02   7882.2 2.556E+02 2.407E+13 1.186E+00 3.771E+01 2.000E+05
 3.02748804E-02   7947.7 3.019E+02 2.843E+13 1.371E+00 4.173E+01 2.000E+05
 3.55984125E-02   8022.3 3.549E+02 3.379E+13 1.605E+00 4.681E+01 2.000E+05
 4.16187088E-02   8106.7 4.148E+02 4.039E+13 1.906E+00 5.324E+01 2.000E+05
 4.83243579E-02   8204.3 4.814E+02 4.863E+13 2.301E+00 6.147E+01 2.000E+05
 5.56697066E-02   8315.8 5.544E+02 5.894E+13 2.824E+00 7.216E+01 2.000E+05
 6.35743658E-02   8444.3 6.328E+02 7.194E+13 3.533E+00 8.638E+01 2.000E+05
 7.19166541E-02   8593.0 7.154E+02 8.843E+13 4.509E+00 1.056E+02 2.000E+05
 8.05425168E-02   8766.5 8.007E+02 1.095E+14 5.873E+00 1.317E+02 2.000E+05
 8.92993046E-02   8968.9 8.870E+02 1.362E+14 7.774E+00 1.667E+02 2.000E+05
 9.80640624E-02   9203.0 9.729E+02 1.695E+14 1.040E+01 2.140E+02 2.000E+05
 1.06798677E-01   9475.3 1.058E+03 2.099E+14 1.387E+01 2.740E+02 2.000E+05
 1.15599845E-01   9789.4 1.143E+03 2.566E+14 1.809E+01 3.444E+02 2.000E+05
 1.24848157E-01  10151.9 1.232E+03 3.070E+14 2.245E+01 4.146E+02 2.000E+05
 1.35156393E-01  10566.6 1.331E+03 3.569E+14 2.578E+01 4.638E+02 2.000E+05
 1.47634442E-01  11042.3 1.450E+03 4.037E+14 2.730E+01 4.848E+02 2.000E+05
 1.64155996E-01  11585.9 1.607E+03 4.492E+14 2.637E+01 4.637E+02 2.000E+05
 1.87713529E-01  12206.2 1.832E+03 5.006E+14 2.398E+01 4.206E+02 2.000E+05
 2.22801953E-01  12905.3 2.169E+03 5.694E+14 2.124E+01 3.729E+02 2.000E+05
 2.75975111E-01  13694.4 2.683E+03 6.693E+14 1.865E+01 3.271E+02 2.000E+05
 3.55828293E-01  14567.8 3.456E+03 8.156E+14 1.678E+01 2.928E+02 2.000E+05
 4.72550081E-01  15528.3 4.591E+03 1.024E+15 1.553E+01 2.687E+02 2.000E+05
 6.36755976E-01  16567.2 6.190E+03 1.307E+15 1.499E+01 2.574E+02 2.000E+05
 8.62182038E-01  17702.1 8.387E+03 1.677E+15 1.466E+01 2.503E+02 2.000E+05
 1.16630150E+00  18931.6 1.135E+04 2.143E+15 1.460E+01 2.485E+02 2.000E+05
 1.57374730E+00  20268.8 1.533E+04 2.717E+15 1.451E+01 2.464E+02 2.000E+05
 2.11719223E+00  21716.2 2.063E+04 3.423E+15 1.458E+01 2.471E+02 2.000E+05
 2.83780696E+00  23287.1 2.765E+04 4.285E+15 1.469E+01 2.480E+02 2.000E+05
 3.78396288E+00  24981.1 3.688E+04 5.331E+15 1.504E+01 2.531E+02 2.000E+05
 5.01341630E+00  26813.8 4.886E+04 6.582E+15 1.547E+01 2.571E+02 2.000E+05
 6.59412342E+00  28784.9 6.426E+04 8.066E+15 1.616E+01 2.511E+02 2.000E+05
PRADK 1.6268E+01
BEGIN                    ITERATION  10 COMPLETED
