EFF  12500.  GRAVITY 3.00000 LTE 
ITLE SDSC GRID  [-1.0]   VTURB 2.0 KM/S                                        
OPACITY IFOP 1 1 1 1 1 1 1 1 1 1 1 1 1 0 1 0 0 0 0 0
CONVECTION OFF  1.00 TURBULENCE OFF  0.00  0.00  0.00  0.00
BUNDANCE SCALE   0.10000 ABUNDANCE CHANGE 1 0.91100 2 0.08900
ABUNDANCE CHANGE  3 -10.88  4 -10.89  5  -9.44  6  -3.48  7  -3.99  8  -3.11
ABUNDANCE CHANGE  9  -7.48 10  -3.95 11  -5.71 12  -4.46 13  -5.57 14  -4.49
ABUNDANCE CHANGE 15  -6.59 16  -4.83 17  -6.54 18  -5.48 19  -6.82 20  -5.68
ABUNDANCE CHANGE 21  -8.94 22  -7.05 23  -8.04 24  -6.37 25  -6.65 26  -4.37
ABUNDANCE CHANGE 27  -7.12 28  -5.79 29  -7.83 30  -7.44 31  -9.16 32  -8.63
ABUNDANCE CHANGE 33  -9.67 34  -8.69 35  -9.41 36  -8.81 37  -9.44 38  -9.14
ABUNDANCE CHANGE 39  -9.80 40  -9.54 41 -10.62 42 -10.12 43 -20.00 44 -10.20
ABUNDANCE CHANGE 45 -10.92 46 -10.35 47 -11.10 48 -10.18 49 -10.58 50 -10.04
ABUNDANCE CHANGE 51 -11.04 52  -9.80 53 -10.53 54  -9.81 55 -10.92 56  -9.91
ABUNDANCE CHANGE 57 -10.82 58 -10.49 59 -11.33 60 -10.54 61 -20.00 62 -11.04
ABUNDANCE CHANGE 63 -11.53 64 -10.92 65 -11.94 66 -10.94 67 -11.78 68 -11.11
ABUNDANCE CHANGE 69 -12.04 70 -10.96 71 -11.28 72 -11.16 73 -11.91 74 -10.93
ABUNDANCE CHANGE 75 -11.77 76 -10.59 77 -10.69 78 -10.24 79 -11.03 80 -10.95
ABUNDANCE CHANGE 81 -11.14 82 -10.19 83 -11.33 84 -20.00 85 -20.00 86 -20.00
ABUNDANCE CHANGE 87 -20.00 88 -20.00 89 -20.00 90 -11.92 91 -20.00 92 -12.51
ABUNDANCE CHANGE 93 -20.00 94 -20.00 95 -20.00 96 -20.00 97 -20.00 98 -20.00
ABUNDANCE CHANGE 99 -20.00
EAD DECK6 64 RHOX,T,P,XNE,ABROSS,ACCRAD,VTURB
5.81749882E-06   7546.6 5.682E-03 2.597E+09 2.969E-01 2.323E+01 2.000E+05
5.99030753E-06   7589.0 5.851E-03 2.659E+09 2.969E-01 2.311E+01 2.000E+05
7.98687088E-06   7596.7 7.802E-03 3.541E+09 2.973E-01 2.297E+01 2.000E+05
1.06446979E-05   7606.9 1.040E-02 4.712E+09 2.979E-01 2.299E+01 2.000E+05
1.41763033E-05   7631.2 1.385E-02 6.252E+09 2.994E-01 2.419E+01 2.000E+05
1.88598895E-05   7658.0 1.841E-02 8.281E+09 3.012E-01 2.548E+01 2.000E+05
2.50651695E-05   7690.3 2.446E-02 1.095E+10 3.033E-01 2.679E+01 2.000E+05
3.32771686E-05   7730.3 3.244E-02 1.444E+10 3.058E-01 2.798E+01 2.000E+05
4.41321047E-05   7771.7 4.299E-02 1.902E+10 3.087E-01 2.884E+01 2.000E+05
5.84587636E-05   7821.7 5.690E-02 2.500E+10 3.122E-01 2.964E+01 2.000E+05
7.73281923E-05   7877.8 7.520E-02 3.279E+10 3.164E-01 3.049E+01 2.000E+05
1.02119773E-04   7939.2 9.922E-02 4.290E+10 3.215E-01 3.146E+01 2.000E+05
1.34616974E-04   8007.9 1.307E-01 5.599E+10 3.275E-01 3.179E+01 2.000E+05
1.77098024E-04   8079.7 1.718E-01 7.292E+10 3.346E-01 3.241E+01 2.000E+05
2.32444532E-04   8156.1 2.253E-01 9.470E+10 3.430E-01 3.298E+01 2.000E+05
3.04330997E-04   8238.1 2.949E-01 1.226E+11 3.527E-01 3.306E+01 2.000E+05
3.97415060E-04   8323.9 3.849E-01 1.584E+11 3.638E-01 3.275E+01 2.000E+05
5.17489349E-04   8410.4 5.010E-01 2.040E+11 3.769E-01 3.268E+01 2.000E+05
6.71668777E-04   8497.6 6.501E-01 2.619E+11 3.923E-01 3.302E+01 2.000E+05
8.68684429E-04   8586.7 8.406E-01 3.349E+11 4.103E-01 3.369E+01 2.000E+05
1.11922449E-03   8676.4 1.083E+00 4.267E+11 4.312E-01 3.450E+01 2.000E+05
1.43661631E-03   8769.2 1.389E+00 5.416E+11 4.547E-01 3.455E+01 2.000E+05
1.83683783E-03   8853.8 1.775E+00 6.852E+11 4.823E-01 3.499E+01 2.000E+05
2.33826760E-03   8929.2 2.259E+00 8.639E+11 5.150E-01 3.619E+01 2.000E+05
2.96240579E-03   8998.3 2.860E+00 1.084E+12 5.533E-01 3.808E+01 2.000E+05
3.73502694E-03   9065.1 3.602E+00 1.354E+12 5.975E-01 4.027E+01 2.000E+05
4.68682499E-03   9129.3 4.514E+00 1.684E+12 6.483E-01 4.285E+01 2.000E+05
5.85324065E-03   9190.4 5.629E+00 2.083E+12 7.073E-01 4.608E+01 2.000E+05
7.27572668E-03   9251.4 6.983E+00 2.563E+12 7.750E-01 4.991E+01 2.000E+05
9.00321725E-03   9312.8 8.621E+00 3.139E+12 8.525E-01 5.436E+01 2.000E+05
1.10950873E-02   9377.6 1.059E+01 3.826E+12 9.396E-01 5.894E+01 2.000E+05
1.36234406E-02   9443.6 1.297E+01 4.645E+12 1.038E+00 6.374E+01 2.000E+05
1.66705154E-02   9508.7 1.581E+01 5.617E+12 1.150E+00 6.950E+01 2.000E+05
2.03328124E-02   9577.2 1.921E+01 6.766E+12 1.277E+00 7.616E+01 2.000E+05
2.47292735E-02   9652.5 2.325E+01 8.119E+12 1.419E+00 8.364E+01 2.000E+05
3.00074744E-02   9738.3 2.807E+01 9.709E+12 1.575E+00 9.184E+01 2.000E+05
3.63553068E-02   9839.3 3.380E+01 1.157E+13 1.744E+00 1.004E+02 2.000E+05
4.40169251E-02   9959.5 4.066E+01 1.377E+13 1.923E+00 1.090E+02 2.000E+05
5.33097172E-02  10098.5 4.890E+01 1.635E+13 2.108E+00 1.172E+02 2.000E+05
6.46527260E-02  10262.3 5.887E+01 1.941E+13 2.295E+00 1.250E+02 2.000E+05
7.86102771E-02  10456.8 7.103E+01 2.304E+13 2.476E+00 1.321E+02 2.000E+05
9.59586157E-02  10688.0 8.603E+01 2.737E+13 2.642E+00 1.383E+02 2.000E+05
1.17789091E-01  10962.3 1.048E+02 3.260E+13 2.781E+00 1.430E+02 2.000E+05
1.45660830E-01  11285.9 1.286E+02 3.897E+13 2.883E+00 1.459E+02 2.000E+05
1.81840463E-01  11662.2 1.595E+02 4.688E+13 2.938E+00 1.465E+02 2.000E+05
2.29592726E-01  12101.4 2.003E+02 5.685E+13 2.946E+00 1.455E+02 2.000E+05
2.93606330E-01  12612.7 2.551E+02 6.961E+13 2.912E+00 1.431E+02 2.000E+05
3.80385576E-01  13204.8 3.296E+02 8.616E+13 2.853E+00 1.401E+02 2.000E+05
4.98829086E-01  13885.2 4.316E+02 1.078E+14 2.781E+00 1.365E+02 2.000E+05
6.60189839E-01  14658.5 5.712E+02 1.363E+14 2.736E+00 1.339E+02 2.000E+05
8.78154507E-01  15519.3 7.602E+02 1.732E+14 2.707E+00 1.315E+02 2.000E+05
1.17202499E+00  16472.0 1.016E+03 2.203E+14 2.676E+00 1.285E+02 2.000E+05
1.56883684E+00  17510.2 1.362E+03 2.796E+14 2.641E+00 1.252E+02 2.000E+05
2.10496949E+00  18641.1 1.832E+03 3.544E+14 2.609E+00 1.223E+02 2.000E+05
2.82668480E+00  19869.4 2.466E+03 4.482E+14 2.591E+00 1.205E+02 2.000E+05
3.79389079E+00  21207.9 3.318E+03 5.653E+14 2.584E+00 1.192E+02 2.000E+05
5.07844331E+00  22663.1 4.449E+03 7.095E+14 2.609E+00 1.198E+02 2.000E+05
6.77139212E+00  24244.7 5.938E+03 8.854E+14 2.646E+00 1.205E+02 2.000E+05
8.98179210E+00  25963.2 7.880E+03 1.097E+15 2.722E+00 1.231E+02 2.000E+05
1.18322516E+01  27823.7 1.037E+04 1.348E+15 2.830E+00 1.268E+02 2.000E+05
1.54447901E+01  29841.1 1.352E+04 1.638E+15 3.009E+00 1.329E+02 2.000E+05
1.99546557E+01  32016.1 1.741E+04 1.968E+15 3.228E+00 1.401E+02 2.000E+05
2.55113418E+01  34376.0 2.216E+04 2.338E+15 3.528E+00 1.492E+02 2.000E+05
3.22190915E+01  36908.8 2.787E+04 2.753E+15 3.930E+00 1.502E+02 2.000E+05
RADK 4.3565E+01
EGIN                    ITERATION   6 COMPLETED
