TEFF   6500.  GRAVITY 1.50000 LTE
TITLE SDSC GRID  [+1.0]   VTURB 2.0 KM/S    L/H 1.25
 OPACITY IFOP 1 1 1 1 1 1 1 1 1 1 1 1 1 0 1 0 0 0 0 0
 CONVECTION ON   1.25 TURBULENCE OFF  0.00  0.00  0.00  0.00
ABUNDANCE SCALE  10.00000 ABUNDANCE CHANGE 1 0.91100 2 0.08900
 ABUNDANCE CHANGE  3 -10.88  4 -10.89  5  -9.44  6  -3.48  7  -3.99  8  -3.11
 ABUNDANCE CHANGE  9  -7.48 10  -3.95 11  -5.71 12  -4.46 13  -5.57 14  -4.49
 ABUNDANCE CHANGE 15  -6.59 16  -4.83 17  -6.54 18  -5.48 19  -6.82 20  -5.68
 ABUNDANCE CHANGE 21  -8.94 22  -7.05 23  -8.04 24  -6.37 25  -6.65 26  -4.37
 ABUNDANCE CHANGE 27  -7.12 28  -5.79 29  -7.83 30  -7.44 31  -9.16 32  -8.63
 ABUNDANCE CHANGE 33  -9.67 34  -8.69 35  -9.41 36  -8.81 37  -9.44 38  -9.14
 ABUNDANCE CHANGE 39  -9.80 40  -9.54 41 -10.62 42 -10.12 43 -20.00 44 -10.20
 ABUNDANCE CHANGE 45 -10.92 46 -10.35 47 -11.10 48 -10.18 49 -10.58 50 -10.04
 ABUNDANCE CHANGE 51 -11.04 52  -9.80 53 -10.53 54  -9.81 55 -10.92 56  -9.91
 ABUNDANCE CHANGE 57 -10.82 58 -10.49 59 -11.33 60 -10.54 61 -20.00 62 -11.04
 ABUNDANCE CHANGE 63 -11.53 64 -10.92 65 -11.94 66 -10.94 67 -11.78 68 -11.11
 ABUNDANCE CHANGE 69 -12.04 70 -10.96 71 -11.28 72 -11.16 73 -11.91 74 -10.93
 ABUNDANCE CHANGE 75 -11.77 76 -10.59 77 -10.69 78 -10.24 79 -11.03 80 -10.95
 ABUNDANCE CHANGE 81 -11.14 82 -10.19 83 -11.33 84 -20.00 85 -20.00 86 -20.00
 ABUNDANCE CHANGE 87 -20.00 88 -20.00 89 -20.00 90 -11.92 91 -20.00 92 -12.51
 ABUNDANCE CHANGE 93 -20.00 94 -20.00 95 -20.00 96 -20.00 97 -20.00 98 -20.00
 ABUNDANCE CHANGE 99 -20.00
READ DECK6 72 RHOX,T,P,XNE,ABROSS,ACCRAD,VTURB
 2.81177842E-04   3738.8 8.871E-03 2.163E+07 4.743E-04 7.190E-02 2.000E+05 0.000E+00 0.000E+00
 3.74749866E-04   3761.6 1.182E-02 2.854E+07 4.764E-04 7.157E-02 2.000E+05 0.000E+00 0.000E+00
 4.98992297E-04   3776.5 1.574E-02 3.748E+07 4.784E-04 7.285E-02 2.000E+05 0.000E+00 0.000E+00
 6.63643635E-04   3795.5 2.094E-02 4.927E+07 4.822E-04 7.387E-02 2.000E+05 0.000E+00 0.000E+00
 8.81123466E-04   3816.7 2.780E-02 6.474E+07 4.876E-04 7.462E-02 2.000E+05 0.000E+00 0.000E+00
 1.16748214E-03   3840.5 3.684E-02 8.498E+07 4.945E-04 7.546E-02 2.000E+05 0.000E+00 0.000E+00
 1.54346829E-03   3866.8 4.870E-02 1.114E+08 5.028E-04 7.592E-02 2.000E+05 0.000E+00 0.000E+00
 2.03608761E-03   3895.5 6.424E-02 1.458E+08 5.121E-04 7.528E-02 2.000E+05 0.000E+00 0.000E+00
 2.68067862E-03   3925.8 8.458E-02 1.905E+08 5.224E-04 7.360E-02 2.000E+05 0.000E+00 0.000E+00
 3.52242940E-03   3957.3 1.111E-01 2.485E+08 5.340E-04 7.155E-02 2.000E+05 0.000E+00 0.000E+00
 4.61890066E-03   3989.4 1.457E-01 3.235E+08 5.475E-04 7.001E-02 2.000E+05 0.000E+00 0.000E+00
 6.04238416E-03   4022.0 1.906E-01 4.202E+08 5.633E-04 6.900E-02 2.000E+05 0.000E+00 0.000E+00
 7.88536614E-03   4055.1 2.488E-01 5.445E+08 5.808E-04 6.763E-02 2.000E+05 0.000E+00 0.000E+00
 1.02665006E-02   4088.6 3.239E-01 7.041E+08 6.002E-04 6.617E-02 2.000E+05 0.000E+00 0.000E+00
 1.33326713E-02   4122.9 4.207E-01 9.084E+08 6.228E-04 6.558E-02 2.000E+05 0.000E+00 0.000E+00
 1.72664543E-02   4158.2 5.448E-01 1.169E+09 6.485E-04 6.452E-02 2.000E+05 0.000E+00 0.000E+00
 2.22892163E-02   4194.7 7.034E-01 1.501E+09 6.792E-04 6.378E-02 2.000E+05 0.000E+00 0.000E+00
 2.86682320E-02   4232.6 9.047E-01 1.920E+09 7.147E-04 6.281E-02 2.000E+05 0.000E+00 0.000E+00
 3.67317341E-02   4271.7 1.159E+00 2.449E+09 7.558E-04 6.199E-02 2.000E+05 0.000E+00 0.000E+00
 4.68740270E-02   4311.7 1.479E+00 3.113E+09 8.032E-04 6.106E-02 2.000E+05 0.000E+00 0.000E+00
 5.95725887E-02   4352.1 1.880E+00 3.943E+09 8.574E-04 5.961E-02 2.000E+05 0.000E+00 0.000E+00
 7.53739700E-02   4392.8 2.379E+00 4.975E+09 9.222E-04 5.860E-02 2.000E+05 0.000E+00 0.000E+00
 9.49095114E-02   4433.7 2.995E+00 6.250E+09 9.972E-04 5.768E-02 2.000E+05 0.000E+00 0.000E+00
 1.18928840E-01   4474.9 3.754E+00 7.820E+09 1.084E-03 5.736E-02 2.000E+05 0.000E+00 0.000E+00
 1.48307601E-01   4516.5 4.681E+00 9.743E+09 1.185E-03 5.697E-02 2.000E+05 0.000E+00 0.000E+00
 1.84091294E-01   4558.4 5.811E+00 1.209E+10 1.300E-03 5.627E-02 2.000E+05 0.000E+00 0.000E+00
 2.27412607E-01   4600.4 7.178E+00 1.495E+10 1.437E-03 5.616E-02 2.000E+05 0.000E+00 0.000E+00
 2.79543267E-01   4643.1 8.824E+00 1.841E+10 1.596E-03 5.618E-02 2.000E+05 0.000E+00 0.000E+00
 3.42025864E-01   4686.6 1.080E+01 2.260E+10 1.779E-03 5.635E-02 2.000E+05 0.000E+00 0.000E+00
 4.16609669E-01   4731.3 1.315E+01 2.767E+10 1.991E-03 5.684E-02 2.000E+05 0.000E+00 0.000E+00
 5.05346603E-01   4777.2 1.595E+01 3.379E+10 2.236E-03 5.691E-02 2.000E+05 0.000E+00 0.000E+00
 6.10348442E-01   4824.0 1.927E+01 4.118E+10 2.528E-03 5.765E-02 2.000E+05 0.000E+00 0.000E+00
 7.33961942E-01   4872.1 2.317E+01 5.008E+10 2.867E-03 5.832E-02 2.000E+05 0.000E+00 0.000E+00
 8.79193366E-01   4921.3 2.775E+01 6.081E+10 3.257E-03 5.869E-02 2.000E+05 0.000E+00 0.000E+00
 1.04953567E+00   4971.3 3.313E+01 7.375E+10 3.707E-03 5.903E-02 2.000E+05 0.000E+00 0.000E+00
 1.24869413E+00   5022.0 3.941E+01 8.936E+10 4.236E-03 6.007E-02 2.000E+05 0.000E+00 0.000E+00
 1.48023446E+00   5073.9 4.672E+01 1.082E+11 4.874E-03 6.223E-02 2.000E+05 0.000E+00 0.000E+00
 1.74839819E+00   5127.6 5.519E+01 1.310E+11 5.616E-03 6.436E-02 2.000E+05 0.000E+00 0.000E+00
 2.05857314E+00   5182.7 6.497E+01 1.586E+11 6.479E-03 6.646E-02 2.000E+05 0.000E+00 0.000E+00
 2.41686073E+00   5239.3 7.628E+01 1.923E+11 7.484E-03 6.860E-02 2.000E+05 0.000E+00 0.000E+00
 2.83016464E+00   5297.2 8.932E+01 2.332E+11 8.658E-03 7.088E-02 2.000E+05 0.000E+00 0.000E+00
 3.30617703E+00   5356.5 1.043E+02 2.832E+11 1.004E-02 7.355E-02 2.000E+05 0.000E+00 0.000E+00
 3.85081283E+00   5417.7 1.215E+02 3.444E+11 1.176E-02 7.870E-02 2.000E+05 0.000E+00 0.000E+00
 4.46862371E+00   5482.1 1.410E+02 4.202E+11 1.386E-02 8.510E-02 2.000E+05 0.000E+00 0.000E+00
 5.16639204E+00   5550.5 1.630E+02 5.148E+11 1.640E-02 9.255E-02 2.000E+05 0.000E+00 0.000E+00
 5.95116167E+00   5623.3 1.878E+02 6.342E+11 1.949E-02 1.014E-01 2.000E+05 0.000E+00 0.000E+00
 6.82926471E+00   5701.3 2.154E+02 7.866E+11 2.330E-02 1.122E-01 2.000E+05 0.000E+00 0.000E+00
 7.80361352E+00   5785.9 2.461E+02 9.841E+11 2.817E-02 1.268E-01 2.000E+05 0.000E+00 0.000E+00
 8.86843429E+00   5879.8 2.797E+02 1.247E+12 3.470E-02 1.479E-01 2.000E+05 0.000E+00 0.000E+00
 1.00119039E+01   5985.4 3.156E+02 1.605E+12 4.345E-02 1.762E-01 2.000E+05 5.790E-22 0.000E+00
 1.12178178E+01   6105.9 3.535E+02 2.109E+12 5.554E-02 2.162E-01 2.000E+05 2.553E-17 0.000E+00
 1.24568259E+01   6244.9 3.924E+02 2.840E+12 7.330E-02 2.765E-01 2.000E+05 5.372E-15 1.892E+00
 1.36838531E+01   6407.8 4.308E+02 3.942E+12 1.008E-01 3.722E-01 2.000E+05 5.713E-13 3.334E+01
 1.48488156E+01   6599.0 4.671E+02 5.656E+12 1.450E-01 5.287E-01 2.000E+05 7.014E-11 1.176E+02
 1.58898463E+01   6832.2 4.994E+02 8.504E+12 2.249E-01 8.189E-01 2.000E+05 1.845E-07 4.037E+02
 1.67503119E+01   7110.7 5.257E+02 1.330E+13 3.754E-01 1.343E+00 2.000E+05 9.927E-04 1.470E+03
 1.74238068E+01   7413.8 5.458E+02 2.077E+13 6.509E-01 2.268E+00 2.000E+05 3.195E-02 5.664E+03
 1.79293761E+01   7755.2 5.603E+02 3.257E+13 1.186E+00 4.092E+00 2.000E+05 3.388E-02 2.560E+04
 1.82842045E+01   8164.2 5.694E+02 5.198E+13 2.335E+00 8.189E+00 2.000E+05 3.080E-02 1.030E+05
 1.85158886E+01   8657.7 5.740E+02 8.239E+13 4.832E+00 1.667E+01 2.000E+05 2.710E-02 1.957E+05
 1.86731141E+01   9167.8 5.755E+02 1.172E+14 8.758E+00 2.678E+01 2.000E+05 8.608E-02 6.132E+05
 1.88048989E+01   9629.0 5.757E+02 1.445E+14 1.258E+01 3.343E+01 2.000E+05 2.280E-01 9.293E+05
 1.89384819E+01  10109.9 5.749E+02 1.627E+14 1.523E+01 4.184E+01 2.000E+05 2.056E-01 9.792E+05
 1.91006886E+01  10771.1 5.727E+02 1.705E+14 1.526E+01 4.812E+01 2.000E+05 2.343E-02 5.352E+05
 1.93411552E+01  11569.6 5.695E+02 1.658E+14 1.248E+01 4.143E+01 2.000E+05 1.230E-02 1.560E+05
 1.97570762E+01  12418.0 5.678E+02 1.566E+14 9.159E+00 3.030E+01 2.000E+05 1.099E-02 3.843E+04
 2.05314708E+01  13350.2 5.727E+02 1.480E+14 6.485E+00 2.142E+01 2.000E+05 9.841E-03 1.452E+04
 2.19615349E+01  14340.4 5.918E+02 1.438E+14 4.812E+00 1.584E+01 2.000E+05 2.396E-04 9.514E+03
 2.44174669E+01  15429.2 6.350E+02 1.459E+14 3.909E+00 1.277E+01 2.000E+05 2.147E-08 6.245E+03
 2.82994368E+01  16576.7 7.124E+02 1.544E+14 3.408E+00 1.092E+01 2.000E+05 3.343E-09 2.897E+03
 3.41309200E+01  17832.4 8.381E+02 1.700E+14 3.086E+00 9.675E+00 2.000E+05 3.489E-10 1.351E+03
 4.23889828E+01  19164.5 1.023E+03 1.937E+14 2.980E+00 9.250E+00 2.000E+05 1.728E-10 1.444E+03
PRADK 2.3857E+00
BEGIN                    ITERATION  15 COMPLETED
