TEFF  25000.  GRAVITY 3.50000 LTE 
TITLE SDSC GRID  [+0.1]   VTURB 2.0 KM/S                                        
 OPACITY IFOP 1 1 1 1 1 1 1 1 1 1 1 1 1 0 1 0 0 0 0 0
 CONVECTION OFF  1.00 TURBULENCE OFF  0.00  0.00  0.00  0.00
ABUNDANCE SCALE   1.25890 ABUNDANCE CHANGE 1 0.91100 2 0.08900
 ABUNDANCE CHANGE  3 -10.88  4 -10.89  5  -9.44  6  -3.48  7  -3.99  8  -3.11
 ABUNDANCE CHANGE  9  -7.48 10  -3.95 11  -5.71 12  -4.46 13  -5.57 14  -4.49
 ABUNDANCE CHANGE 15  -6.59 16  -4.83 17  -6.54 18  -5.48 19  -6.82 20  -5.68
 ABUNDANCE CHANGE 21  -8.94 22  -7.05 23  -8.04 24  -6.37 25  -6.65 26  -4.37
 ABUNDANCE CHANGE 27  -7.12 28  -5.79 29  -7.83 30  -7.44 31  -9.16 32  -8.63
 ABUNDANCE CHANGE 33  -9.67 34  -8.69 35  -9.41 36  -8.81 37  -9.44 38  -9.14
 ABUNDANCE CHANGE 39  -9.80 40  -9.54 41 -10.62 42 -10.12 43 -20.00 44 -10.20
 ABUNDANCE CHANGE 45 -10.92 46 -10.35 47 -11.10 48 -10.18 49 -10.58 50 -10.04
 ABUNDANCE CHANGE 51 -11.04 52  -9.80 53 -10.53 54  -9.81 55 -10.92 56  -9.91
 ABUNDANCE CHANGE 57 -10.82 58 -10.49 59 -11.33 60 -10.54 61 -20.00 62 -11.04
 ABUNDANCE CHANGE 63 -11.53 64 -10.92 65 -11.94 66 -10.94 67 -11.78 68 -11.11
 ABUNDANCE CHANGE 69 -12.04 70 -10.96 71 -11.28 72 -11.16 73 -11.91 74 -10.93
 ABUNDANCE CHANGE 75 -11.77 76 -10.59 77 -10.69 78 -10.24 79 -11.03 80 -10.95
 ABUNDANCE CHANGE 81 -11.14 82 -10.19 83 -11.33 84 -20.00 85 -20.00 86 -20.00
 ABUNDANCE CHANGE 87 -20.00 88 -20.00 89 -20.00 90 -11.92 91 -20.00 92 -12.51
 ABUNDANCE CHANGE 93 -20.00 94 -20.00 95 -20.00 96 -20.00 97 -20.00 98 -20.00
 ABUNDANCE CHANGE 99 -20.00
READ DECK6 64 RHOX,T,P,XNE,ABROSS,ACCRAD,VTURB
 4.98991764E-06  12995.9 1.280E-02 3.568E+09 3.339E-01 5.979E+02 2.000E+05
 5.33251467E-06  13462.8 1.369E-02 3.683E+09 3.339E-01 5.292E+02 2.000E+05
 7.09859235E-06  13503.3 1.832E-02 4.917E+09 3.355E-01 5.432E+02 2.000E+05
 9.44969383E-06  13551.0 2.446E-02 6.539E+09 3.373E-01 5.642E+02 2.000E+05
 1.25672004E-05  13601.3 3.252E-02 8.661E+09 3.393E-01 5.899E+02 2.000E+05
 1.67011966E-05  13654.7 4.310E-02 1.144E+10 3.411E-01 6.131E+02 2.000E+05
 2.21823679E-05  13717.0 5.700E-02 1.505E+10 3.432E-01 6.393E+02 2.000E+05
 2.94439584E-05  13791.5 7.521E-02 1.976E+10 3.456E-01 6.678E+02 2.000E+05
 3.90544859E-05  13879.3 9.903E-02 2.585E+10 3.484E-01 6.990E+02 2.000E+05
 5.17704026E-05  13982.3 1.303E-01 3.375E+10 3.511E-01 7.135E+02 2.000E+05
 6.85900827E-05  14095.5 1.713E-01 4.402E+10 3.541E-01 7.277E+02 2.000E+05
 9.08481906E-05  14217.3 2.256E-01 5.748E+10 3.565E-01 7.168E+02 2.000E+05
 1.20323679E-04  14344.2 2.979E-01 7.523E+10 3.591E-01 7.025E+02 2.000E+05
 1.59342160E-04  14476.3 3.943E-01 9.865E+10 3.618E-01 6.838E+02 2.000E+05
 2.10944417E-04  14613.0 5.225E-01 1.295E+11 3.651E-01 6.698E+02 2.000E+05
 2.79071160E-04  14755.6 6.927E-01 1.700E+11 3.691E-01 6.624E+02 2.000E+05
 3.68821321E-04  14904.7 9.171E-01 2.229E+11 3.740E-01 6.612E+02 2.000E+05
 4.86836149E-04  15061.0 1.212E+00 2.916E+11 3.796E-01 6.582E+02 2.000E+05
 6.41758993E-04  15221.2 1.600E+00 3.808E+11 3.860E-01 6.576E+02 2.000E+05
 8.44660467E-04  15385.0 2.108E+00 4.963E+11 3.935E-01 6.635E+02 2.000E+05
 1.10963467E-03  15554.4 2.769E+00 6.446E+11 4.024E-01 6.764E+02 2.000E+05
 1.45478178E-03  15733.4 3.624E+00 8.342E+11 4.123E-01 6.876E+02 2.000E+05
 1.90420801E-03  15921.9 4.738E+00 1.078E+12 4.219E-01 6.794E+02 2.000E+05
 2.49012292E-03  16111.2 6.199E+00 1.393E+12 4.317E-01 6.569E+02 2.000E+05
 3.25199818E-03  16290.7 8.112E+00 1.803E+12 4.437E-01 6.480E+02 2.000E+05
 4.23798688E-03  16468.6 1.059E+01 2.329E+12 4.582E-01 6.485E+02 2.000E+05
 5.50914294E-03  16649.6 1.379E+01 2.998E+12 4.747E-01 6.511E+02 2.000E+05
 7.14117883E-03  16832.2 1.788E+01 3.845E+12 4.942E-01 6.623E+02 2.000E+05
 9.22642758E-03  17023.0 2.307E+01 4.906E+12 5.170E-01 6.808E+02 2.000E+05
 1.18781772E-02  17227.4 2.962E+01 6.224E+12 5.433E-01 7.056E+02 2.000E+05
 1.52393624E-02  17451.4 3.784E+01 7.849E+12 5.721E-01 7.278E+02 2.000E+05
 1.94897294E-02  17691.9 4.813E+01 9.849E+12 6.039E-01 7.506E+02 2.000E+05
 2.48685568E-02  17949.6 6.108E+01 1.232E+13 6.352E-01 7.578E+02 2.000E+05
 3.16872846E-02  18217.7 7.746E+01 1.539E+13 6.686E-01 7.626E+02 2.000E+05
 4.03097260E-02  18501.7 9.810E+01 1.919E+13 7.063E-01 7.753E+02 2.000E+05
 5.11852640E-02  18807.5 1.240E+02 2.386E+13 7.472E-01 7.898E+02 2.000E+05
 6.48746408E-02  19138.0 1.563E+02 2.957E+13 7.927E-01 8.116E+02 2.000E+05
 8.20632854E-02  19499.9 1.965E+02 3.647E+13 8.427E-01 8.415E+02 2.000E+05
 1.03601066E-01  19901.8 2.460E+02 4.475E+13 8.970E-01 8.805E+02 2.000E+05
 1.30738516E-01  20347.1 3.076E+02 5.473E+13 9.439E-01 9.015E+02 2.000E+05
 1.65217965E-01  20842.4 3.852E+02 6.690E+13 9.890E-01 9.224E+02 2.000E+05
 2.09121740E-01  21406.2 4.829E+02 8.166E+13 1.035E+00 9.518E+02 2.000E+05
 2.65114682E-01  22060.8 6.057E+02 9.938E+13 1.081E+00 9.875E+02 2.000E+05
 3.36652192E-01  22825.8 7.599E+02 1.205E+14 1.128E+00 1.023E+03 2.000E+05
 4.28356885E-01  23706.1 9.549E+02 1.458E+14 1.170E+00 1.049E+03 2.000E+05
 5.46406635E-01  24709.3 1.203E+03 1.762E+14 1.212E+00 1.071E+03 2.000E+05
 6.97298883E-01  25851.4 1.516E+03 2.122E+14 1.274E+00 1.110E+03 2.000E+05
 8.88219362E-01  27117.8 1.903E+03 2.541E+14 1.345E+00 1.152E+03 2.000E+05
 1.12943374E+00  28533.3 2.384E+03 3.025E+14 1.420E+00 1.190E+03 2.000E+05
 1.43121314E+00  30072.8 2.969E+03 3.578E+14 1.527E+00 1.254E+03 2.000E+05
 1.80451535E+00  31766.0 3.668E+03 4.193E+14 1.648E+00 1.327E+03 2.000E+05
 2.26763949E+00  33620.3 4.505E+03 4.888E+14 1.767E+00 1.383E+03 2.000E+05
 2.84088214E+00  35614.7 5.501E+03 5.682E+14 1.911E+00 1.465E+03 2.000E+05
 3.55908117E+00  37802.5 6.711E+03 6.595E+14 1.993E+00 1.486E+03 2.000E+05
 4.49210548E+00  40159.4 8.272E+03 7.711E+14 2.018E+00 1.488E+03 2.000E+05
 5.73935986E+00  42745.6 1.038E+04 9.132E+14 1.990E+00 1.455E+03 2.000E+05
 7.43886200E+00  45567.5 1.332E+04 1.101E+15 1.935E+00 1.415E+03 2.000E+05
 9.78100475E+00  48685.6 1.747E+04 1.353E+15 1.863E+00 1.364E+03 2.000E+05
 1.30421643E+01  52089.6 2.344E+04 1.698E+15 1.777E+00 1.298E+03 2.000E+05
 1.76183175E+01  55806.6 3.214E+04 2.174E+15 1.685E+00 1.228E+03 2.000E+05
 2.40316631E+01  59835.6 4.478E+04 2.825E+15 1.609E+00 1.160E+03 2.000E+05
 3.29885717E+01  64185.5 6.301E+04 3.705E+15 1.537E+00 1.098E+03 2.000E+05
 4.54543556E+01  68895.3 8.916E+04 4.885E+15 1.478E+00 1.036E+03 2.000E+05
 6.25807752E+01  73933.9 1.259E+05 6.427E+15 1.443E+00 9.995E+02 2.000E+05
PRADK 7.0962E+02
BEGIN                    ITERATION   9 COMPLETED
