EFF   5250.  GRAVITY 1.50000 LTE 
ITLE SDSC GRID  [-2.0]   VTURB 2.0 KM/S    L/H 1.25                            
OPACITY IFOP 1 1 1 1 1 1 1 1 1 1 1 1 1 0 1 0 0 0 0 0
CONVECTION ON   1.25 TURBULENCE OFF  0.00  0.00  0.00  0.00
BUNDANCE SCALE   0.01000 ABUNDANCE CHANGE 1 0.91100 2 0.08900
ABUNDANCE CHANGE  3 -10.88  4 -10.89  5  -9.44  6  -3.48  7  -3.99  8  -3.11
ABUNDANCE CHANGE  9  -7.48 10  -3.95 11  -5.71 12  -4.46 13  -5.57 14  -4.49
ABUNDANCE CHANGE 15  -6.59 16  -4.83 17  -6.54 18  -5.48 19  -6.82 20  -5.68
ABUNDANCE CHANGE 21  -8.94 22  -7.05 23  -8.04 24  -6.37 25  -6.65 26  -4.37
ABUNDANCE CHANGE 27  -7.12 28  -5.79 29  -7.83 30  -7.44 31  -9.16 32  -8.63
ABUNDANCE CHANGE 33  -9.67 34  -8.69 35  -9.41 36  -8.81 37  -9.44 38  -9.14
ABUNDANCE CHANGE 39  -9.80 40  -9.54 41 -10.62 42 -10.12 43 -20.00 44 -10.20
ABUNDANCE CHANGE 45 -10.92 46 -10.35 47 -11.10 48 -10.18 49 -10.58 50 -10.04
ABUNDANCE CHANGE 51 -11.04 52  -9.80 53 -10.53 54  -9.81 55 -10.92 56  -9.91
ABUNDANCE CHANGE 57 -10.82 58 -10.49 59 -11.33 60 -10.54 61 -20.00 62 -11.04
ABUNDANCE CHANGE 63 -11.53 64 -10.92 65 -11.94 66 -10.94 67 -11.78 68 -11.11
ABUNDANCE CHANGE 69 -12.04 70 -10.96 71 -11.28 72 -11.16 73 -11.91 74 -10.93
ABUNDANCE CHANGE 75 -11.77 76 -10.59 77 -10.69 78 -10.24 79 -11.03 80 -10.95
ABUNDANCE CHANGE 81 -11.14 82 -10.19 83 -11.33 84 -20.00 85 -20.00 86 -20.00
ABUNDANCE CHANGE 87 -20.00 88 -20.00 89 -20.00 90 -11.92 91 -20.00 92 -12.51
ABUNDANCE CHANGE 93 -20.00 94 -20.00 95 -20.00 96 -20.00 97 -20.00 98 -20.00
ABUNDANCE CHANGE 99 -20.00
EAD DECK6 72 RHOX,T,P,XNE,ABROSS,ACCRAD,VTURB
5.51078485E-03   3669.1 1.743E-01 6.204E+06 2.420E-05 6.581E-04 2.000E+05 0.000E+00 0.000E+00
7.38440108E-03   3678.1 2.335E-01 7.598E+06 2.328E-05 6.595E-04 2.000E+05 0.000E+00 0.000E+00
9.96956600E-03   3689.7 3.153E-01 9.475E+06 2.261E-05 6.571E-04 2.000E+05 0.000E+00 0.000E+00
1.35073385E-02   3702.7 4.271E-01 1.194E+07 2.211E-05 6.539E-04 2.000E+05 0.000E+00 0.000E+00
1.83214509E-02   3716.8 5.794E-01 1.513E+07 2.175E-05 6.504E-04 2.000E+05 0.000E+00 0.000E+00
2.48319617E-02   3731.2 7.852E-01 1.919E+07 2.149E-05 6.469E-04 2.000E+05 0.000E+00 0.000E+00
3.36023584E-02   3745.6 1.063E+00 2.431E+07 2.131E-05 6.440E-04 2.000E+05 0.000E+00 0.000E+00
4.53783614E-02   3759.5 1.435E+00 3.068E+07 2.120E-05 6.428E-04 2.000E+05 0.000E+00 0.000E+00
6.11238266E-02   3773.1 1.933E+00 3.858E+07 2.119E-05 6.426E-04 2.000E+05 0.000E+00 0.000E+00
8.20732465E-02   3786.6 2.595E+00 4.840E+07 2.130E-05 6.437E-04 2.000E+05 0.000E+00 0.000E+00
1.09742839E-01   3800.5 3.470E+00 6.071E+07 2.160E-05 6.460E-04 2.000E+05 0.000E+00 0.000E+00
1.45931990E-01   3815.2 4.614E+00 7.621E+07 2.214E-05 6.500E-04 2.000E+05 0.000E+00 0.000E+00
1.92711949E-01   3831.2 6.093E+00 9.590E+07 2.298E-05 6.546E-04 2.000E+05 0.000E+00 0.000E+00
2.52391076E-01   3848.8 7.980E+00 1.210E+08 2.418E-05 6.596E-04 2.000E+05 0.000E+00 0.000E+00
3.27461407E-01   3868.2 1.035E+01 1.532E+08 2.581E-05 6.648E-04 2.000E+05 0.000E+00 0.000E+00
4.20555895E-01   3889.3 1.330E+01 1.943E+08 2.794E-05 6.708E-04 2.000E+05 0.000E+00 0.000E+00
5.34415115E-01   3912.2 1.690E+01 2.468E+08 3.066E-05 6.767E-04 2.000E+05 0.000E+00 0.000E+00
6.71931729E-01   3936.3 2.125E+01 3.132E+08 3.404E-05 6.822E-04 2.000E+05 0.000E+00 0.000E+00
8.36240691E-01   3961.4 2.644E+01 3.965E+08 3.817E-05 6.877E-04 2.000E+05 0.000E+00 0.000E+00
1.03080043E+00   3987.1 3.259E+01 4.999E+08 4.315E-05 6.936E-04 2.000E+05 0.000E+00 0.000E+00
1.25950904E+00   4013.0 3.983E+01 6.271E+08 4.910E-05 7.013E-04 2.000E+05 0.000E+00 0.000E+00
1.52682666E+00   4038.9 4.828E+01 7.824E+08 5.614E-05 7.095E-04 2.000E+05 0.000E+00 0.000E+00
1.83810020E+00   4064.5 5.812E+01 9.697E+08 6.437E-05 7.186E-04 2.000E+05 0.000E+00 0.000E+00
2.19988979E+00   4089.4 6.956E+01 1.193E+09 7.388E-05 7.287E-04 2.000E+05 0.000E+00 0.000E+00
2.62025928E+00   4113.4 8.285E+01 1.456E+09 8.478E-05 7.403E-04 2.000E+05 0.000E+00 0.000E+00
3.10901758E+00   4136.4 9.831E+01 1.764E+09 9.718E-05 7.538E-04 2.000E+05 0.000E+00 0.000E+00
3.67812037E+00   4158.3 1.163E+02 2.121E+09 1.112E-04 7.703E-04 2.000E+05 0.000E+00 0.000E+00
4.34186868E+00   4179.2 1.373E+02 2.534E+09 1.270E-04 7.897E-04 2.000E+05 0.000E+00 0.000E+00
5.11732288E+00   4199.1 1.618E+02 3.009E+09 1.449E-04 8.123E-04 2.000E+05 0.000E+00 0.000E+00
6.02503734E+00   4218.0 1.905E+02 3.553E+09 1.649E-04 8.383E-04 2.000E+05 0.000E+00 0.000E+00
7.08966150E+00   4235.9 2.242E+02 4.175E+09 1.873E-04 8.680E-04 2.000E+05 0.000E+00 0.000E+00
8.34033380E+00   4253.1 2.637E+02 4.887E+09 2.125E-04 9.021E-04 2.000E+05 0.000E+00 0.000E+00
9.81118741E+00   4269.6 3.102E+02 5.702E+09 2.408E-04 9.409E-04 2.000E+05 0.000E+00 0.000E+00
1.15425506E+01   4285.6 3.650E+02 6.634E+09 2.727E-04 9.864E-04 2.000E+05 0.000E+00 0.000E+00
1.35808497E+01   4301.4 4.294E+02 7.710E+09 3.090E-04 1.039E-03 2.000E+05 0.000E+00 0.000E+00
1.59799201E+01   4317.0 5.053E+02 8.948E+09 3.501E-04 1.098E-03 2.000E+05 0.000E+00 0.000E+00
1.88023872E+01   4332.6 5.945E+02 1.038E+10 3.970E-04 1.167E-03 2.000E+05 0.000E+00 0.000E+00
2.21201783E+01   4348.3 6.995E+02 1.205E+10 4.507E-04 1.246E-03 2.000E+05 0.000E+00 0.000E+00
2.60138301E+01   4364.7 8.226E+02 1.400E+10 5.127E-04 1.338E-03 2.000E+05 0.000E+00 0.000E+00
3.05692781E+01   4382.0 9.666E+02 1.632E+10 5.853E-04 1.448E-03 2.000E+05 0.000E+00 0.000E+00
3.58761819E+01   4401.1 1.134E+03 1.913E+10 6.721E-04 1.580E-03 2.000E+05 0.000E+00 0.000E+00
4.20194310E+01   4422.5 1.329E+03 2.259E+10 7.768E-04 1.741E-03 2.000E+05 0.000E+00 0.000E+00
4.90776921E+01   4446.9 1.552E+03 2.692E+10 9.055E-04 1.938E-03 2.000E+05 0.000E+00 0.000E+00
5.71122993E+01   4475.2 1.806E+03 3.244E+10 1.066E-03 2.183E-03 2.000E+05 0.000E+00 0.000E+00
6.61553909E+01   4508.2 2.092E+03 3.967E+10 1.271E-03 2.496E-03 2.000E+05 0.000E+00 0.000E+00
7.61947338E+01   4547.3 2.409E+03 4.938E+10 1.539E-03 2.901E-03 2.000E+05 9.077E-14 0.000E+00
8.71467159E+01   4594.5 2.756E+03 6.293E+10 1.901E-03 3.447E-03 2.000E+05 4.464E-12 0.000E+00
9.88307654E+01   4651.9 3.125E+03 8.255E+10 2.405E-03 4.204E-03 2.000E+05 4.495E-12 0.000E+00
1.11052999E+02   4719.2 3.511E+03 1.112E+11 3.108E-03 5.284E-03 2.000E+05 1.631E-09 0.000E+00
1.22521499E+02   4862.2 3.873E+03 1.901E+11 4.898E-03 7.886E-03 2.000E+05 1.896E-06 0.000E+00
1.31894785E+02   5032.7 4.170E+03 3.416E+11 8.011E-03 1.210E-02 2.000E+05 1.185E-03 2.954E+02
1.39799901E+02   5180.7 4.420E+03 5.526E+11 1.198E-02 1.686E-02 2.000E+05 5.701E-02 0.000E+00
1.47722417E+02   5251.5 4.671E+03 7.000E+11 1.461E-02 1.923E-02 2.000E+05 1.145E-01 0.000E+00
1.56512286E+02   5313.9 4.948E+03 8.619E+11 1.741E-02 2.172E-02 2.000E+05 1.354E-01 0.000E+00
1.65909821E+02   5426.7 5.245E+03 1.212E+12 2.319E-02 2.794E-02 2.000E+05 1.576E-01 5.402E+02
1.74763098E+02   5597.3 5.525E+03 1.949E+12 3.461E-02 4.042E-02 2.000E+05 1.836E-01 3.049E+03
1.82441817E+02   5803.5 5.767E+03 3.311E+12 5.435E-02 6.100E-02 2.000E+05 2.143E-01 8.492E+03
1.88899253E+02   6031.6 5.971E+03 5.685E+12 8.691E-02 9.284E-02 2.000E+05 2.505E-01 2.086E+04
1.94218802E+02   6286.4 6.138E+03 9.889E+12 1.426E-01 1.445E-01 2.000E+05 2.908E-01 4.765E+04
1.98465108E+02   6573.8 6.272E+03 1.747E+13 2.421E-01 2.313E-01 2.000E+05 3.348E-01 7.850E+04
2.01760499E+02   6887.1 6.375E+03 3.070E+13 4.208E-01 3.751E-01 2.000E+05 3.811E-01 1.060E+05
2.04247229E+02   7229.4 6.453E+03 5.357E+13 7.535E-01 6.133E-01 2.000E+05 4.320E-01 2.682E+05
2.06077081E+02   7580.3 6.509E+03 8.966E+13 1.346E+00 8.461E-01 2.000E+05 5.470E-01 4.626E+05
2.07560743E+02   7838.6 6.555E+03 1.270E+14 2.040E+00 7.763E-01 2.000E+05 7.457E-01 5.093E+05
2.08957137E+02   8025.9 6.598E+03 1.611E+14 2.745E+00 6.541E-01 2.000E+05 8.335E-01 5.070E+05
2.10378920E+02   8186.1 6.642E+03 1.955E+14 3.521E+00 5.864E-01 2.000E+05 8.842E-01 5.067E+05
2.11879307E+02   8331.6 6.689E+03 2.315E+14 4.394E+00 5.343E-01 2.000E+05 9.159E-01 5.048E+05
2.13496588E+02   8469.0 6.739E+03 2.699E+14 5.396E+00 4.912E-01 2.000E+05 9.368E-01 5.007E+05
2.15264924E+02   8600.7 6.794E+03 3.110E+14 6.544E+00 4.542E-01 2.000E+05 9.514E-01 4.959E+05
2.17217132E+02   8730.2 6.855E+03 3.558E+14 7.876E+00 4.278E-01 2.000E+05 9.627E-01 4.955E+05
2.19382728E+02   8861.9 6.923E+03 4.060E+14 9.449E+00 3.958E-01 2.000E+05 9.706E-01 4.864E+05
2.21808356E+02   8986.3 6.998E+03 4.580E+14 1.117E+01 3.992E-01 2.000E+05 9.752E-01 4.878E+05
RADK 1.0050E+00
EGIN                    ITERATION  15 COMPLETED
