TEFF   7500.  GRAVITY 2.00000 LTE 
TITLE SDSC GRID  [+0.3]   VTURB 2.0 KM/S    L/H 1.25                            
 OPACITY IFOP 1 1 1 1 1 1 1 1 1 1 1 1 1 0 1 0 0 0 0 0
 CONVECTION ON   1.25 TURBULENCE OFF  0.00  0.00  0.00  0.00
ABUNDANCE SCALE   1.99526 ABUNDANCE CHANGE 1 0.91100 2 0.08900
 ABUNDANCE CHANGE  3 -10.88  4 -10.89  5  -9.44  6  -3.48  7  -3.99  8  -3.11
 ABUNDANCE CHANGE  9  -7.48 10  -3.95 11  -5.71 12  -4.46 13  -5.57 14  -4.49
 ABUNDANCE CHANGE 15  -6.59 16  -4.83 17  -6.54 18  -5.48 19  -6.82 20  -5.68
 ABUNDANCE CHANGE 21  -8.94 22  -7.05 23  -8.04 24  -6.37 25  -6.65 26  -4.37
 ABUNDANCE CHANGE 27  -7.12 28  -5.79 29  -7.83 30  -7.44 31  -9.16 32  -8.63
 ABUNDANCE CHANGE 33  -9.67 34  -8.69 35  -9.41 36  -8.81 37  -9.44 38  -9.14
 ABUNDANCE CHANGE 39  -9.80 40  -9.54 41 -10.62 42 -10.12 43 -20.00 44 -10.20
 ABUNDANCE CHANGE 45 -10.92 46 -10.35 47 -11.10 48 -10.18 49 -10.58 50 -10.04
 ABUNDANCE CHANGE 51 -11.04 52  -9.80 53 -10.53 54  -9.81 55 -10.92 56  -9.91
 ABUNDANCE CHANGE 57 -10.82 58 -10.49 59 -11.33 60 -10.54 61 -20.00 62 -11.04
 ABUNDANCE CHANGE 63 -11.53 64 -10.92 65 -11.94 66 -10.94 67 -11.78 68 -11.11
 ABUNDANCE CHANGE 69 -12.04 70 -10.96 71 -11.28 72 -11.16 73 -11.91 74 -10.93
 ABUNDANCE CHANGE 75 -11.77 76 -10.59 77 -10.69 78 -10.24 79 -11.03 80 -10.95
 ABUNDANCE CHANGE 81 -11.14 82 -10.19 83 -11.33 84 -20.00 85 -20.00 86 -20.00
 ABUNDANCE CHANGE 87 -20.00 88 -20.00 89 -20.00 90 -11.92 91 -20.00 92 -12.51
 ABUNDANCE CHANGE 93 -20.00 94 -20.00 95 -20.00 96 -20.00 97 -20.00 98 -20.00
 ABUNDANCE CHANGE 99 -20.00
READ DECK6 72 RHOX,T,P,XNE,ABROSS,ACCRAD,VTURB
 7.67240038E-05   4433.0 7.652E-03 5.764E+07 1.738E-03 2.649E-01 2.000E+05 0.000E+00 0.000E+00
 1.03062707E-04   4450.3 1.028E-02 7.200E+07 1.639E-03 2.618E-01 2.000E+05 0.000E+00 0.000E+00
 1.40155566E-04   4470.7 1.398E-02 9.156E+07 1.559E-03 2.520E-01 2.000E+05 0.000E+00 0.000E+00
 1.92111183E-04   4492.7 1.916E-02 1.175E+08 1.486E-03 2.415E-01 2.000E+05 0.000E+00 0.000E+00
 2.64821634E-04   4515.9 2.642E-02 1.518E+08 1.420E-03 2.324E-01 2.000E+05 0.000E+00 0.000E+00
 3.66217297E-04   4539.9 3.653E-02 1.969E+08 1.359E-03 2.250E-01 2.000E+05 0.000E+00 0.000E+00
 5.07252007E-04   4565.0 5.060E-02 2.564E+08 1.305E-03 2.193E-01 2.000E+05 0.000E+00 0.000E+00
 7.02396086E-04   4592.0 7.008E-02 3.356E+08 1.262E-03 2.147E-01 2.000E+05 0.000E+00 0.000E+00
 9.70214701E-04   4621.4 9.680E-02 4.418E+08 1.232E-03 2.108E-01 2.000E+05 0.000E+00 0.000E+00
 1.33398532E-03   4653.5 1.331E-01 5.845E+08 1.216E-03 2.073E-01 2.000E+05 0.000E+00 0.000E+00
 1.82262022E-03   4688.1 1.819E-01 7.760E+08 1.214E-03 2.034E-01 2.000E+05 0.000E+00 0.000E+00
 2.47195626E-03   4724.9 2.467E-01 1.032E+09 1.224E-03 1.992E-01 2.000E+05 0.000E+00 0.000E+00
 3.32656312E-03   4763.4 3.320E-01 1.371E+09 1.245E-03 1.946E-01 2.000E+05 0.000E+00 0.000E+00
 4.44195912E-03   4803.1 4.433E-01 1.817E+09 1.277E-03 1.900E-01 2.000E+05 0.000E+00 0.000E+00
 5.88714303E-03   4843.6 5.875E-01 2.400E+09 1.319E-03 1.855E-01 2.000E+05 0.000E+00 0.000E+00
 7.74715469E-03   4884.7 7.732E-01 3.158E+09 1.370E-03 1.811E-01 2.000E+05 0.000E+00 0.000E+00
 1.01271085E-02   4926.2 1.011E+00 4.134E+09 1.432E-03 1.772E-01 2.000E+05 0.000E+00 0.000E+00
 1.31533950E-02   4968.1 1.313E+00 5.391E+09 1.507E-03 1.743E-01 2.000E+05 0.000E+00 0.000E+00
 1.69743344E-02   5010.7 1.694E+00 7.005E+09 1.597E-03 1.718E-01 2.000E+05 0.000E+00 0.000E+00
 2.17600471E-02   5054.0 2.172E+00 9.071E+09 1.708E-03 1.701E-01 2.000E+05 0.000E+00 0.000E+00
 2.77012065E-02   5098.3 2.765E+00 1.171E+10 1.842E-03 1.688E-01 2.000E+05 0.000E+00 0.000E+00
 3.50097747E-02   5143.5 3.495E+00 1.507E+10 2.006E-03 1.681E-01 2.000E+05 0.000E+00 0.000E+00
 4.39191498E-02   5189.6 4.384E+00 1.932E+10 2.204E-03 1.678E-01 2.000E+05 0.000E+00 0.000E+00
 5.46863180E-02   5236.5 5.459E+00 2.467E+10 2.441E-03 1.676E-01 2.000E+05 0.000E+00 0.000E+00
 6.75987929E-02   5283.8 6.748E+00 3.135E+10 2.724E-03 1.674E-01 2.000E+05 0.000E+00 0.000E+00
 8.29828173E-02   5331.5 8.284E+00 3.964E+10 3.058E-03 1.674E-01 2.000E+05 0.000E+00 0.000E+00
 1.01201886E-01   5379.4 1.010E+01 4.989E+10 3.453E-03 1.677E-01 2.000E+05 0.000E+00 0.000E+00
 1.22660771E-01   5427.4 1.225E+01 6.246E+10 3.919E-03 1.695E-01 2.000E+05 0.000E+00 0.000E+00
 1.47808557E-01   5475.8 1.476E+01 7.788E+10 4.470E-03 1.716E-01 2.000E+05 0.000E+00 0.000E+00
 1.77153432E-01   5524.3 1.769E+01 9.667E+10 5.117E-03 1.740E-01 2.000E+05 0.000E+00 0.000E+00
 2.11287652E-01   5572.8 2.109E+01 1.195E+11 5.873E-03 1.768E-01 2.000E+05 0.000E+00 0.000E+00
 2.50903481E-01   5621.1 2.505E+01 1.469E+11 6.754E-03 1.803E-01 2.000E+05 0.000E+00 0.000E+00
 2.96803732E-01   5669.3 2.963E+01 1.799E+11 7.779E-03 1.845E-01 2.000E+05 0.000E+00 0.000E+00
 3.49906773E-01   5717.5 3.493E+01 2.195E+11 8.973E-03 1.898E-01 2.000E+05 0.000E+00 0.000E+00
 4.11254459E-01   5765.6 4.105E+01 2.670E+11 1.037E-02 1.965E-01 2.000E+05 0.000E+00 0.000E+00
 4.82014645E-01   5813.9 4.811E+01 3.237E+11 1.199E-02 2.048E-01 2.000E+05 0.000E+00 0.000E+00
 5.63507585E-01   5862.5 5.625E+01 3.916E+11 1.390E-02 2.147E-01 2.000E+05 0.000E+00 0.000E+00
 6.57230273E-01   5911.6 6.560E+01 4.728E+11 1.612E-02 2.264E-01 2.000E+05 0.000E+00 0.000E+00
 7.64871782E-01   5961.3 7.634E+01 5.700E+11 1.873E-02 2.403E-01 2.000E+05 0.000E+00 0.000E+00
 8.88296603E-01   6012.0 8.865E+01 6.867E+11 2.181E-02 2.571E-01 2.000E+05 0.000E+00 0.000E+00
 1.02954069E+00   6063.8 1.027E+02 8.270E+11 2.544E-02 2.772E-01 2.000E+05 0.000E+00 0.000E+00
 1.19069999E+00   6117.8 1.188E+02 9.974E+11 2.979E-02 3.023E-01 2.000E+05 0.000E+00 0.000E+00
 1.37379971E+00   6174.3 1.371E+02 1.206E+12 3.505E-02 3.330E-01 2.000E+05 0.000E+00 0.000E+00
 1.58062402E+00   6234.5 1.577E+02 1.463E+12 4.153E-02 3.724E-01 2.000E+05 0.000E+00 0.000E+00
 1.81245365E+00   6299.6 1.808E+02 1.784E+12 4.962E-02 4.225E-01 2.000E+05 0.000E+00 0.000E+00
 2.06982554E+00   6371.2 2.064E+02 2.194E+12 5.994E-02 4.876E-01 2.000E+05 0.000E+00 0.000E+00
 2.35197593E+00   6451.4 2.344E+02 2.727E+12 7.346E-02 5.746E-01 2.000E+05 0.000E+00 0.000E+00
 2.65626080E+00   6542.9 2.647E+02 3.435E+12 9.170E-02 6.943E-01 2.000E+05 0.000E+00 0.000E+00
 2.97744674E+00   6648.8 2.965E+02 4.402E+12 1.173E-01 8.656E-01 2.000E+05 2.747E-17 0.000E+00
 3.30692985E+00   6773.5 3.292E+02 5.763E+12 1.551E-01 1.122E+00 2.000E+05 1.790E-15 2.733E+01
 3.63315372E+00   6921.6 3.614E+02 7.730E+12 2.131E-01 1.520E+00 2.000E+05 3.436E-14 6.945E+01
 3.94285692E+00   7098.0 3.918E+02 1.065E+13 3.065E-01 2.168E+00 2.000E+05 4.476E-13 1.551E+02
 4.22176622E+00   7309.5 4.189E+02 1.509E+13 4.674E-01 3.286E+00 2.000E+05 1.287E-11 4.015E+02
 4.45859160E+00   7560.2 4.416E+02 2.190E+13 7.555E-01 5.279E+00 2.000E+05 7.715E-10 1.291E+03
 4.64772769E+00   7856.4 4.592E+02 3.237E+13 1.299E+00 8.988E+00 2.000E+05 6.620E-08 4.992E+03
 4.79095305E+00   8199.1 4.718E+02 4.790E+13 2.329E+00 1.582E+01 2.000E+05 5.280E-06 2.111E+04
 4.89686886E+00   8587.1 4.802E+02 6.931E+13 4.193E+00 2.775E+01 2.000E+05 1.046E-04 8.185E+04
 4.97684475E+00   9021.8 4.853E+02 9.551E+13 7.162E+00 4.584E+01 2.000E+05 1.227E-03 1.746E+05
 5.04316405E+00   9493.2 4.882E+02 1.211E+14 1.072E+01 6.655E+01 2.000E+05 3.416E-03 2.971E+05
 5.10832430E+00  10018.8 4.899E+02 1.397E+14 1.334E+01 8.124E+01 2.000E+05 1.993E-03 2.655E+05
 5.18680213E+00  10595.2 4.914E+02 1.473E+14 1.328E+01 7.958E+01 2.000E+05 2.900E-04 1.303E+05
 5.30064012E+00  11240.8 4.943E+02 1.467E+14 1.143E+01 6.862E+01 2.000E+05 1.101E-05 3.143E+04
 5.48723236E+00  11951.6 5.017E+02 1.429E+14 8.788E+00 5.232E+01 2.000E+05 8.870E-08 7.146E+03
 5.81817292E+00  12742.0 5.199E+02 1.401E+14 6.571E+00 3.924E+01 2.000E+05 7.960E-10 2.359E+03
 6.40567688E+00  13608.4 5.588E+02 1.419E+14 4.986E+00 2.973E+01 2.000E+05 6.452E-11 1.257E+03
 7.40515022E+00  14558.7 6.322E+02 1.516E+14 4.045E+00 2.413E+01 2.000E+05 3.871E-11 1.068E+03
 8.98513043E+00  15590.2 7.548E+02 1.715E+14 3.533E+00 2.104E+01 2.000E+05 1.865E-11 8.065E+02
 1.13317706E+01  16710.7 9.424E+02 2.022E+14 3.242E+00 1.932E+01 2.000E+05 2.041E-12 3.274E+02
 1.47016950E+01  17921.8 1.217E+03 2.447E+14 3.044E+00 1.814E+01 2.000E+05 2.466E-14 0.000E+00
 1.93913379E+01  19228.2 1.602E+03 3.010E+14 2.962E+00 1.768E+01 2.000E+05 0.000E+00 0.000E+00
 2.58031762E+01  20639.8 2.131E+03 3.734E+14 2.895E+00 1.719E+01 2.000E+05 0.000E+00 0.000E+00
 3.44774594E+01  22155.1 2.851E+03 4.657E+14 2.871E+00 1.671E+01 2.000E+05 0.000E+00 0.000E+00
PRADK 4.2318E+00
BEGIN                    ITERATION  15 COMPLETED
