TEFF  30000.  GRAVITY 5.00000 LTE
TITLE SDSC GRID  [-4.0]   VTURB 2.0 KM/S
 OPACITY IFOP 1 1 1 1 1 1 1 1 1 1 1 1 1 0 1 0 0 0 0 0
 CONVECTION OFF  1.00 TURBULENCE OFF  0.00  0.00  0.00  0.00
ABUNDANCE SCALE   0.00010 ABUNDANCE CHANGE 1 0.91100 2 0.08900
 ABUNDANCE CHANGE  3 -10.88  4 -10.89  5  -9.44  6  -3.48  7  -3.99  8  -3.11
 ABUNDANCE CHANGE  9  -7.48 10  -3.95 11  -5.71 12  -4.46 13  -5.57 14  -4.49
 ABUNDANCE CHANGE 15  -6.59 16  -4.83 17  -6.54 18  -5.48 19  -6.82 20  -5.68
 ABUNDANCE CHANGE 21  -8.94 22  -7.05 23  -8.04 24  -6.37 25  -6.65 26  -4.37
 ABUNDANCE CHANGE 27  -7.12 28  -5.79 29  -7.83 30  -7.44 31  -9.16 32  -8.63
 ABUNDANCE CHANGE 33  -9.67 34  -8.69 35  -9.41 36  -8.81 37  -9.44 38  -9.14
 ABUNDANCE CHANGE 39  -9.80 40  -9.54 41 -10.62 42 -10.12 43 -20.00 44 -10.20
 ABUNDANCE CHANGE 45 -10.92 46 -10.35 47 -11.10 48 -10.18 49 -10.58 50 -10.04
 ABUNDANCE CHANGE 51 -11.04 52  -9.80 53 -10.53 54  -9.81 55 -10.92 56  -9.91
 ABUNDANCE CHANGE 57 -10.82 58 -10.49 59 -11.33 60 -10.54 61 -20.00 62 -11.04
 ABUNDANCE CHANGE 63 -11.53 64 -10.92 65 -11.94 66 -10.94 67 -11.78 68 -11.11
 ABUNDANCE CHANGE 69 -12.04 70 -10.96 71 -11.28 72 -11.16 73 -11.91 74 -10.93
 ABUNDANCE CHANGE 75 -11.77 76 -10.59 77 -10.69 78 -10.24 79 -11.03 80 -10.95
 ABUNDANCE CHANGE 81 -11.14 82 -10.19 83 -11.33 84 -20.00 85 -20.00 86 -20.00
 ABUNDANCE CHANGE 87 -20.00 88 -20.00 89 -20.00 90 -11.92 91 -20.00 92 -12.51
 ABUNDANCE CHANGE 93 -20.00 94 -20.00 95 -20.00 96 -20.00 97 -20.00 98 -20.00
 ABUNDANCE CHANGE 99 -20.00
READ DECK6 64 RHOX,T,P,XNE,ABROSS,ACCRAD,VTURB
 4.98455460E-06  17669.0 4.949E-01 1.014E+11 3.252E-01 4.915E+02 2.000E+05
 5.63513918E-06  17670.0 5.595E-01 1.147E+11 3.252E-01 4.915E+02 2.000E+05
 7.43379422E-06  17671.0 7.381E-01 1.512E+11 3.270E-01 4.941E+02 2.000E+05
 9.88710997E-06  17672.0 9.818E-01 2.011E+11 3.289E-01 4.976E+02 2.000E+05
 1.31200179E-05  17673.0 1.303E+00 2.670E+11 3.310E-01 5.021E+02 2.000E+05
 1.73826465E-05  17674.0 1.727E+00 3.538E+11 3.333E-01 5.079E+02 2.000E+05
 2.30055097E-05  17675.0 2.286E+00 4.683E+11 3.358E-01 5.157E+02 2.000E+05
 3.04287633E-05  17676.0 3.024E+00 6.195E+11 3.387E-01 5.258E+02 2.000E+05
 4.02292896E-05  17677.0 3.999E+00 8.191E+11 3.420E-01 5.389E+02 2.000E+05
 5.31556635E-05  17681.0 5.285E+00 1.082E+12 3.460E-01 5.559E+02 2.000E+05
 7.01737673E-05  17691.0 6.977E+00 1.428E+12 3.509E-01 5.777E+02 2.000E+05
 9.25219318E-05  17707.0 9.199E+00 1.881E+12 3.568E-01 6.056E+02 2.000E+05
 1.21775175E-04  17731.0 1.211E+01 2.471E+12 3.642E-01 6.402E+02 2.000E+05
 1.59919675E-04  17764.1 1.590E+01 3.239E+12 3.732E-01 6.830E+02 2.000E+05
 2.09439856E-04  17805.0 2.081E+01 4.231E+12 3.842E-01 7.354E+02 2.000E+05
 2.73427004E-04  17859.0 2.716E+01 5.504E+12 3.974E-01 7.978E+02 2.000E+05
 3.55704844E-04  17923.9 3.532E+01 7.132E+12 4.131E-01 8.709E+02 2.000E+05
 4.60964226E-04  18003.9 4.575E+01 9.196E+12 4.317E-01 9.536E+02 2.000E+05
 5.94957753E-04  18097.9 5.902E+01 1.180E+13 4.533E-01 1.045E+03 2.000E+05
 7.64709256E-04  18204.0 7.581E+01 1.507E+13 4.783E-01 1.145E+03 2.000E+05
 9.78714825E-04  18316.4 9.695E+01 1.915E+13 5.071E-01 1.255E+03 2.000E+05
 1.24715562E-03  18431.1 1.234E+02 2.423E+13 5.404E-01 1.383E+03 2.000E+05
 1.58215774E-03  18547.2 1.565E+02 3.051E+13 5.789E-01 1.533E+03 2.000E+05
 1.99823318E-03  18667.8 1.974E+02 3.825E+13 6.228E-01 1.711E+03 2.000E+05
 2.51296344E-03  18802.1 2.479E+02 4.769E+13 6.724E-01 1.914E+03 2.000E+05
 3.14796428E-03  18957.4 3.101E+02 5.917E+13 7.275E-01 2.137E+03 2.000E+05
 3.93020246E-03  19144.4 3.866E+02 7.303E+13 7.878E-01 2.360E+03 2.000E+05
 4.89314224E-03  19360.2 4.805E+02 8.975E+13 8.537E-01 2.585E+03 2.000E+05
 6.07802186E-03  19605.8 5.958E+02 1.099E+14 9.253E-01 2.807E+03 2.000E+05
 7.53576728E-03  19881.0 7.373E+02 1.341E+14 1.003E+00 3.027E+03 2.000E+05
 9.32897027E-03  20184.6 9.110E+02 1.632E+14 1.087E+00 3.248E+03 2.000E+05
 1.15340237E-02  20518.9 1.124E+03 1.981E+14 1.179E+00 3.468E+03 2.000E+05
 1.42446875E-02  20883.0 1.385E+03 2.399E+14 1.280E+00 3.692E+03 2.000E+05
 1.75757711E-02  21278.1 1.706E+03 2.898E+14 1.389E+00 3.929E+03 2.000E+05
 2.16692769E-02  21707.7 2.099E+03 3.495E+14 1.507E+00 4.183E+03 2.000E+05
 2.67010413E-02  22177.5 2.580E+03 4.206E+14 1.634E+00 4.458E+03 2.000E+05
 3.28904552E-02  22695.5 3.170E+03 5.050E+14 1.771E+00 4.757E+03 2.000E+05
 4.05111288E-02  23271.4 3.895E+03 6.051E+14 1.917E+00 5.068E+03 2.000E+05
 4.99074068E-02  23913.0 4.785E+03 7.235E+14 2.071E+00 5.389E+03 2.000E+05
 6.15133413E-02  24630.2 5.882E+03 8.633E+14 2.235E+00 5.708E+03 2.000E+05
 7.58681914E-02  25430.6 7.233E+03 1.028E+15 2.408E+00 6.019E+03 2.000E+05
 9.36306238E-02  26319.7 8.899E+03 1.222E+15 2.595E+00 6.316E+03 2.000E+05
 1.15606154E-01  27300.2 1.096E+04 1.451E+15 2.798E+00 6.589E+03 2.000E+05
 1.42768212E-01  28373.3 1.349E+04 1.719E+15 3.022E+00 6.846E+03 2.000E+05
 1.76260654E-01  29543.5 1.660E+04 2.032E+15 3.272E+00 7.111E+03 2.000E+05
 2.17455677E-01  30811.8 2.042E+04 2.397E+15 3.552E+00 7.381E+03 2.000E+05
 2.67980501E-01  32187.3 2.510E+04 2.820E+15 3.869E+00 7.690E+03 2.000E+05
 3.29694911E-01  33679.9 3.078E+04 3.308E+15 4.233E+00 8.071E+03 2.000E+05
 4.04752985E-01  35308.3 3.767E+04 3.868E+15 4.654E+00 8.509E+03 2.000E+05
 4.95384551E-01  37073.4 4.593E+04 4.505E+15 5.161E+00 9.056E+03 2.000E+05
 6.04143442E-01  38997.5 5.579E+04 5.229E+15 5.737E+00 9.653E+03 2.000E+05
 7.35302608E-01  41084.4 6.760E+04 6.057E+15 6.290E+00 1.014E+04 2.000E+05
 8.98067918E-01  43335.1 8.222E+04 7.036E+15 6.609E+00 1.025E+04 2.000E+05
 1.11156960E+00  45771.2 1.014E+05 8.268E+15 6.522E+00 9.885E+03 2.000E+05
 1.40837771E+00  48449.1 1.283E+05 9.920E+15 6.117E+00 9.235E+03 2.000E+05
 1.83581245E+00  51460.2 1.672E+05 1.221E+16 5.603E+00 8.508E+03 2.000E+05
 2.45969448E+00  54815.9 2.245E+05 1.541E+16 5.126E+00 7.830E+03 2.000E+05
 3.36705784E+00  58558.4 3.085E+05 1.983E+16 4.711E+00 7.206E+03 2.000E+05
 4.67248879E+00  62600.2 4.299E+05 2.587E+16 4.403E+00 6.726E+03 2.000E+05
 6.52864507E+00  67060.3 6.035E+05 3.390E+16 4.145E+00 6.322E+03 2.000E+05
 9.12928326E+00  71811.8 8.475E+05 4.447E+16 3.976E+00 6.037E+03 2.000E+05
 1.27371747E+01  77041.6 1.187E+06 5.805E+16 3.843E+00 5.816E+03 2.000E+05
 1.76558889E+01  82615.3 1.651E+06 7.529E+16 3.780E+00 5.663E+03 2.000E+05
 2.42966632E+01  88667.7 2.277E+06 9.678E+16 3.760E+00 5.583E+03 2.000E+05
PRADK 1.5009E+03
BEGIN                    ITERATION   9 COMPLETED
