TEFF   3750.  GRAVITY 1.00000 LTE 
TITLE SDSC GRID  [-0.2]   VTURB 2.0 KM/S    L/H 1.25                            
 OPACITY IFOP 1 1 1 1 1 1 1 1 1 1 1 1 1 0 1 0 0 0 0 0
 CONVECTION ON   1.25 TURBULENCE OFF  0.00  0.00  0.00  0.00
ABUNDANCE SCALE   0.63100 ABUNDANCE CHANGE 1 0.91100 2 0.08900
 ABUNDANCE CHANGE  3 -10.88  4 -10.89  5  -9.44  6  -3.48  7  -3.99  8  -3.11
 ABUNDANCE CHANGE  9  -7.48 10  -3.95 11  -5.71 12  -4.46 13  -5.57 14  -4.49
 ABUNDANCE CHANGE 15  -6.59 16  -4.83 17  -6.54 18  -5.48 19  -6.82 20  -5.68
 ABUNDANCE CHANGE 21  -8.94 22  -7.05 23  -8.04 24  -6.37 25  -6.65 26  -4.37
 ABUNDANCE CHANGE 27  -7.12 28  -5.79 29  -7.83 30  -7.44 31  -9.16 32  -8.63
 ABUNDANCE CHANGE 33  -9.67 34  -8.69 35  -9.41 36  -8.81 37  -9.44 38  -9.14
 ABUNDANCE CHANGE 39  -9.80 40  -9.54 41 -10.62 42 -10.12 43 -20.00 44 -10.20
 ABUNDANCE CHANGE 45 -10.92 46 -10.35 47 -11.10 48 -10.18 49 -10.58 50 -10.04
 ABUNDANCE CHANGE 51 -11.04 52  -9.80 53 -10.53 54  -9.81 55 -10.92 56  -9.91
 ABUNDANCE CHANGE 57 -10.82 58 -10.49 59 -11.33 60 -10.54 61 -20.00 62 -11.04
 ABUNDANCE CHANGE 63 -11.53 64 -10.92 65 -11.94 66 -10.94 67 -11.78 68 -11.11
 ABUNDANCE CHANGE 69 -12.04 70 -10.96 71 -11.28 72 -11.16 73 -11.91 74 -10.93
 ABUNDANCE CHANGE 75 -11.77 76 -10.59 77 -10.69 78 -10.24 79 -11.03 80 -10.95
 ABUNDANCE CHANGE 81 -11.14 82 -10.19 83 -11.33 84 -20.00 85 -20.00 86 -20.00
 ABUNDANCE CHANGE 87 -20.00 88 -20.00 89 -20.00 90 -11.92 91 -20.00 92 -12.51
 ABUNDANCE CHANGE 93 -20.00 94 -20.00 95 -20.00 96 -20.00 97 -20.00 98 -20.00
 ABUNDANCE CHANGE 99 -20.00
READ DECK6 72 RHOX,T,P,XNE,ABROSS,ACCRAD,VTURB
 2.04307154E-02   2289.9 2.043E-01 2.561E+06 6.527E-06 2.075E-03 2.000E+05 0.000E+00 0.000E+00
 2.71154309E-02   2313.7 2.711E-01 3.401E+06 6.780E-06 1.873E-03 2.000E+05 0.000E+00 0.000E+00
 3.56955907E-02   2336.7 3.569E-01 4.479E+06 7.045E-06 1.693E-03 2.000E+05 0.000E+00 0.000E+00
 4.66924912E-02   2359.7 4.668E-01 5.866E+06 7.339E-06 1.530E-03 2.000E+05 0.000E+00 0.000E+00
 6.07257773E-02   2384.2 6.071E-01 7.660E+06 7.687E-06 1.392E-03 2.000E+05 0.000E+00 0.000E+00
 7.85569125E-02   2408.7 7.854E-01 9.956E+06 8.079E-06 1.268E-03 2.000E+05 0.000E+00 0.000E+00
 1.01164267E-01   2431.9 1.011E+00 1.286E+07 8.502E-06 1.151E-03 2.000E+05 0.000E+00 0.000E+00
 1.29796149E-01   2454.0 1.298E+00 1.653E+07 8.961E-06 1.046E-03 2.000E+05 0.000E+00 0.000E+00
 1.65928811E-01   2476.8 1.659E+00 2.120E+07 9.493E-06 9.636E-04 2.000E+05 0.000E+00 0.000E+00
 2.11279722E-01   2500.2 2.113E+00 2.712E+07 1.011E-05 8.961E-04 2.000E+05 0.000E+00 0.000E+00
 2.67897928E-01   2523.4 2.679E+00 3.456E+07 1.083E-05 8.355E-04 2.000E+05 0.000E+00 0.000E+00
 3.38291601E-01   2545.6 3.383E+00 4.380E+07 1.163E-05 7.767E-04 2.000E+05 0.000E+00 0.000E+00
 4.25508203E-01   2567.2 4.255E+00 5.525E+07 1.254E-05 7.238E-04 2.000E+05 0.000E+00 0.000E+00
 5.33055022E-01   2589.1 5.330E+00 6.949E+07 1.360E-05 6.798E-04 2.000E+05 0.000E+00 0.000E+00
 6.64945272E-01   2611.4 6.649E+00 8.717E+07 1.483E-05 6.422E-04 2.000E+05 0.000E+00 0.000E+00
 8.25783974E-01   2634.2 8.257E+00 1.090E+08 1.626E-05 6.082E-04 2.000E+05 0.000E+00 0.000E+00
 1.02080123E+00   2656.5 1.021E+01 1.357E+08 1.793E-05 5.732E-04 2.000E+05 0.000E+00 0.000E+00
 1.25618192E+00   2677.9 1.256E+01 1.679E+08 1.985E-05 5.391E-04 2.000E+05 0.000E+00 0.000E+00
 1.53909889E+00   2699.6 1.539E+01 2.071E+08 2.207E-05 5.093E-04 2.000E+05 0.000E+00 0.000E+00
 1.87761696E+00   2721.6 1.877E+01 2.547E+08 2.465E-05 4.824E-04 2.000E+05 0.000E+00 0.000E+00
 2.28098236E+00   2743.8 2.281E+01 3.124E+08 2.764E-05 4.581E-04 2.000E+05 0.000E+00 0.000E+00
 2.75923336E+00   2766.2 2.759E+01 3.819E+08 3.117E-05 4.368E-04 2.000E+05 0.000E+00 0.000E+00
 3.32367523E+00   2788.0 3.323E+01 4.646E+08 3.528E-05 4.174E-04 2.000E+05 0.000E+00 0.000E+00
 3.98775152E+00   2809.2 3.988E+01 5.625E+08 4.004E-05 4.001E-04 2.000E+05 0.000E+00 0.000E+00
 4.76713776E+00   2830.3 4.767E+01 6.787E+08 4.554E-05 3.856E-04 2.000E+05 0.000E+00 0.000E+00
 5.67990592E+00   2851.3 5.680E+01 8.165E+08 5.190E-05 3.735E-04 2.000E+05 0.000E+00 0.000E+00
 6.74686652E+00   2872.3 6.747E+01 9.795E+08 5.927E-05 3.637E-04 2.000E+05 0.000E+00 0.000E+00
 7.99078421E+00   2893.3 7.990E+01 1.172E+09 6.790E-05 3.573E-04 2.000E+05 0.000E+00 0.000E+00
 9.43707813E+00   2914.0 9.437E+01 1.398E+09 7.795E-05 3.537E-04 2.000E+05 0.000E+00 0.000E+00
 1.11164083E+01   2934.1 1.112E+02 1.662E+09 8.954E-05 3.518E-04 2.000E+05 0.000E+00 0.000E+00
 1.30649154E+01   2954.1 1.306E+02 1.970E+09 1.030E-04 3.523E-04 2.000E+05 0.000E+00 0.000E+00
 1.53237948E+01   2974.0 1.532E+02 2.331E+09 1.185E-04 3.547E-04 2.000E+05 0.000E+00 0.000E+00
 1.79406570E+01   2994.0 1.794E+02 2.753E+09 1.364E-04 3.589E-04 2.000E+05 0.000E+00 0.000E+00
 2.09700879E+01   3014.1 2.097E+02 3.248E+09 1.572E-04 3.653E-04 2.000E+05 0.000E+00 0.000E+00
 2.44709374E+01   3034.6 2.447E+02 3.830E+09 1.817E-04 3.777E-04 2.000E+05 0.000E+00 0.000E+00
 2.85090145E+01   3055.3 2.851E+02 4.509E+09 2.101E-04 3.930E-04 2.000E+05 0.000E+00 0.000E+00
 3.31641369E+01   3076.1 3.316E+02 5.304E+09 2.431E-04 4.105E-04 2.000E+05 0.000E+00 0.000E+00
 3.85247571E+01   3097.3 3.852E+02 6.238E+09 2.818E-04 4.321E-04 2.000E+05 0.000E+00 0.000E+00
 4.46864890E+01   3119.5 4.468E+02 7.342E+09 3.272E-04 4.568E-04 2.000E+05 0.000E+00 0.000E+00
 5.17542996E+01   3142.9 5.175E+02 8.655E+09 3.808E-04 4.853E-04 2.000E+05 0.000E+00 0.000E+00
 5.98376865E+01   3167.8 5.984E+02 1.023E+10 4.449E-04 5.200E-04 2.000E+05 0.000E+00 0.000E+00
 6.90328684E+01   3195.1 6.903E+02 1.215E+10 5.233E-04 5.655E-04 2.000E+05 0.000E+00 0.000E+00
 7.94332462E+01   3224.8 7.943E+02 1.448E+10 6.184E-04 6.171E-04 2.000E+05 0.000E+00 0.000E+00
 9.11335752E+01   3257.7 9.113E+02 1.737E+10 7.355E-04 6.774E-04 2.000E+05 0.000E+00 0.000E+00
 1.04203925E+02   3294.4 1.042E+03 2.100E+10 8.817E-04 7.507E-04 2.000E+05 0.000E+00 0.000E+00
 1.18643773E+02   3336.5 1.186E+03 2.567E+10 1.072E-03 8.495E-04 2.000E+05 0.000E+00 0.000E+00
 1.34379810E+02   3384.6 1.344E+03 3.174E+10 1.320E-03 9.750E-04 2.000E+05 0.000E+00 0.000E+00
 1.51329141E+02   3439.2 1.513E+03 3.973E+10 1.643E-03 1.129E-03 2.000E+05 0.000E+00 0.000E+00
 1.69362825E+02   3501.7 1.694E+03 5.039E+10 2.073E-03 1.326E-03 2.000E+05 0.000E+00 0.000E+00
 1.88309223E+02   3572.7 1.883E+03 6.465E+10 2.645E-03 1.578E-03 2.000E+05 6.060E-13 0.000E+00
 2.08034360E+02   3653.1 2.080E+03 8.372E+10 3.398E-03 1.890E-03 2.000E+05 1.717E-11 0.000E+00
 2.28465446E+02   3744.3 2.284E+03 1.090E+11 4.378E-03 2.274E-03 2.000E+05 5.809E-11 0.000E+00
 2.49647984E+02   3847.2 2.496E+03 1.417E+11 5.613E-03 2.729E-03 2.000E+05 1.231E-10 0.000E+00
 2.71807094E+02   3963.3 2.718E+03 1.826E+11 7.094E-03 3.245E-03 2.000E+05 2.291E-10 0.000E+00
 2.95512512E+02   4094.7 2.955E+03 2.315E+11 8.730E-03 3.764E-03 2.000E+05 4.110E-10 1.417E+02
 3.21664384E+02   4240.3 3.216E+03 2.861E+11 1.036E-02 4.258E-03 2.000E+05 3.411E-09 3.255E+02
 3.51625892E+02   4411.2 3.516E+03 3.469E+11 1.184E-02 4.650E-03 2.000E+05 1.882E-07 3.657E+02
 3.87326935E+02   4594.3 3.872E+03 4.122E+11 1.308E-02 4.988E-03 2.000E+05 2.019E-05 4.537E+02
 4.30041793E+02   4821.1 4.299E+03 5.108E+11 1.475E-02 5.348E-03 2.000E+05 3.120E-03 5.507E+02
 4.78201279E+02   5045.3 4.781E+03 7.053E+11 1.855E-02 6.121E-03 2.000E+05 1.011E-01 7.875E+02
 5.26116069E+02   5274.2 5.259E+03 1.111E+12 2.654E-02 8.346E-03 2.000E+05 1.311E-01 4.064E+03
 5.67297487E+02   5552.0 5.671E+03 2.078E+12 4.419E-02 1.342E-02 2.000E+05 1.676E-01 1.577E+04
 5.99441104E+02   5842.4 5.992E+03 4.035E+12 7.688E-02 2.212E-02 2.000E+05 2.148E-01 4.570E+04
 6.23360606E+02   6167.3 6.230E+03 8.142E+12 1.408E-01 3.819E-02 2.000E+05 2.690E-01 8.169E+04
 6.40803681E+02   6503.1 6.404E+03 1.585E+13 2.566E-01 6.292E-02 2.000E+05 3.363E-01 1.318E+05
 6.53578374E+02   6847.1 6.531E+03 2.946E+13 4.629E-01 9.578E-02 2.000E+05 4.226E-01 2.555E+05
 6.63320078E+02   7154.0 6.627E+03 4.879E+13 7.705E-01 1.074E-01 2.000E+05 6.289E-01 3.314E+05
 6.71833183E+02   7370.2 6.711E+03 6.798E+13 1.098E+00 9.730E-02 2.000E+05 7.701E-01 3.454E+05
 6.80026181E+02   7554.4 6.792E+03 8.892E+13 1.478E+00 8.754E-02 2.000E+05 8.402E-01 3.410E+05
 6.88431521E+02   7701.2 6.876E+03 1.092E+14 1.870E+00 7.947E-02 2.000E+05 8.869E-01 3.402E+05
 6.97259318E+02   7852.9 6.963E+03 1.340E+14 2.379E+00 7.495E-02 2.000E+05 9.164E-01 3.365E+05
 7.06736142E+02   7979.0 7.057E+03 1.580E+14 2.900E+00 7.291E-02 2.000E+05 9.324E-01 3.303E+05
PRADK 2.6291E-01
BEGIN                    ITERATION  15 COMPLETED
