EFF   6500.  GRAVITY 4.50000 LTE 
ITLE SDSC GRID  [-3.5]   VTURB 2.0 KM/S    L/H 1.25                            
OPACITY IFOP 1 1 1 1 1 1 1 1 1 1 1 1 1 0 1 0 0 0 0 0
CONVECTION ON   1.25 TURBULENCE OFF  0.00  0.00  0.00  0.00
BUNDANCE SCALE  .0003162 ABUNDANCE CHANGE 1 0.91100 2 0.08900
ABUNDANCE CHANGE  3 -10.88  4 -10.89  5  -9.44  6  -3.48  7  -3.99  8  -3.11
ABUNDANCE CHANGE  9  -7.48 10  -3.95 11  -5.71 12  -4.46 13  -5.57 14  -4.49
ABUNDANCE CHANGE 15  -6.59 16  -4.83 17  -6.54 18  -5.48 19  -6.82 20  -5.68
ABUNDANCE CHANGE 21  -8.94 22  -7.05 23  -8.04 24  -6.37 25  -6.65 26  -4.37
ABUNDANCE CHANGE 27  -7.12 28  -5.79 29  -7.83 30  -7.44 31  -9.16 32  -8.63
ABUNDANCE CHANGE 33  -9.67 34  -8.69 35  -9.41 36  -8.81 37  -9.44 38  -9.14
ABUNDANCE CHANGE 39  -9.80 40  -9.54 41 -10.62 42 -10.12 43 -20.00 44 -10.20
ABUNDANCE CHANGE 45 -10.92 46 -10.35 47 -11.10 48 -10.18 49 -10.58 50 -10.04
ABUNDANCE CHANGE 51 -11.04 52  -9.80 53 -10.53 54  -9.81 55 -10.92 56  -9.91
ABUNDANCE CHANGE 57 -10.82 58 -10.49 59 -11.33 60 -10.54 61 -20.00 62 -11.04
ABUNDANCE CHANGE 63 -11.53 64 -10.92 65 -11.94 66 -10.94 67 -11.78 68 -11.11
ABUNDANCE CHANGE 69 -12.04 70 -10.96 71 -11.28 72 -11.16 73 -11.91 74 -10.93
ABUNDANCE CHANGE 75 -11.77 76 -10.59 77 -10.69 78 -10.24 79 -11.03 80 -10.95
ABUNDANCE CHANGE 81 -11.14 82 -10.19 83 -11.33 84 -20.00 85 -20.00 86 -20.00
ABUNDANCE CHANGE 87 -20.00 88 -20.00 89 -20.00 90 -11.92 91 -20.00 92 -12.51
ABUNDANCE CHANGE 93 -20.00 94 -20.00 95 -20.00 96 -20.00 97 -20.00 98 -20.00
ABUNDANCE CHANGE 99 -20.00
EAD DECK6 72 RHOX,T,P,XNE,ABROSS,ACCRAD,VTURB
1.26481905E-04   5000.8 4.000E+00 9.454E+09 1.054E-03 1.189E-02 2.000E+05 0.000E+00 0.000E+00
1.69322209E-04   5003.8 5.354E+00 1.105E+10 1.022E-03 1.179E-02 2.000E+05 0.000E+00 0.000E+00
2.27807409E-04   5007.3 7.204E+00 1.296E+10 1.006E-03 1.175E-02 2.000E+05 0.000E+00 0.000E+00
3.06341454E-04   5011.4 9.687E+00 1.523E+10 1.008E-03 1.177E-02 2.000E+05 0.000E+00 0.000E+00
4.09920808E-04   5017.2 1.296E+01 1.795E+10 1.030E-03 1.186E-02 2.000E+05 0.000E+00 0.000E+00
5.43931660E-04   5023.7 1.720E+01 2.111E+10 1.070E-03 1.201E-02 2.000E+05 0.000E+00 0.000E+00
7.14569098E-04   5031.4 2.260E+01 2.479E+10 1.128E-03 1.222E-02 2.000E+05 0.000E+00 0.000E+00
9.29187923E-04   5039.2 2.938E+01 2.898E+10 1.202E-03 1.248E-02 2.000E+05 0.000E+00 0.000E+00
1.19636961E-03   5047.9 3.783E+01 3.380E+10 1.294E-03 1.281E-02 2.000E+05 0.000E+00 0.000E+00
1.52564586E-03   5057.9 4.825E+01 3.938E+10 1.407E-03 1.321E-02 2.000E+05 0.000E+00 0.000E+00
1.92797494E-03   5068.7 6.097E+01 4.580E+10 1.540E-03 1.368E-02 2.000E+05 0.000E+00 0.000E+00
2.41955719E-03   5075.6 7.651E+01 5.242E+10 1.675E-03 1.414E-02 2.000E+05 0.000E+00 0.000E+00
3.02228062E-03   5081.6 9.557E+01 5.970E+10 1.824E-03 1.464E-02 2.000E+05 0.000E+00 0.000E+00
3.75742634E-03   5089.4 1.188E+02 6.819E+10 2.001E-03 1.525E-02 2.000E+05 0.000E+00 0.000E+00
4.64986763E-03   5097.1 1.470E+02 7.769E+10 2.200E-03 1.593E-02 2.000E+05 0.000E+00 0.000E+00
5.73099151E-03   5105.2 1.812E+02 8.845E+10 2.425E-03 1.669E-02 2.000E+05 0.000E+00 0.000E+00
7.03693699E-03   5113.9 2.225E+02 1.007E+11 2.680E-03 1.756E-02 2.000E+05 0.000E+00 0.000E+00
8.61270745E-03   5122.3 2.724E+02 1.143E+11 2.962E-03 1.850E-02 2.000E+05 0.000E+00 0.000E+00
1.05121712E-02   5131.0 3.324E+02 1.296E+11 3.279E-03 1.957E-02 2.000E+05 0.000E+00 0.000E+00
1.27998719E-02   5139.5 4.048E+02 1.468E+11 3.631E-03 2.074E-02 2.000E+05 0.000E+00 0.000E+00
1.55540725E-02   5148.1 4.919E+02 1.661E+11 4.023E-03 2.205E-02 2.000E+05 0.000E+00 0.000E+00
1.88694935E-02   5156.2 5.967E+02 1.875E+11 4.455E-03 2.348E-02 2.000E+05 0.000E+00 0.000E+00
2.28619422E-02   5164.2 7.230E+02 2.114E+11 4.934E-03 2.507E-02 2.000E+05 0.000E+00 0.000E+00
2.76685930E-02   5172.1 8.750E+02 2.382E+11 5.465E-03 2.683E-02 2.000E+05 0.000E+00 0.000E+00
3.34583811E-02   5179.4 1.058E+03 2.677E+11 6.047E-03 2.875E-02 2.000E+05 0.000E+00 0.000E+00
4.04363422E-02   5186.5 1.279E+03 3.006E+11 6.691E-03 3.089E-02 2.000E+05 0.000E+00 0.000E+00
4.88514042E-02   5193.0 1.545E+03 3.369E+11 7.395E-03 3.323E-02 2.000E+05 0.000E+00 0.000E+00
5.90008145E-02   5199.5 1.866E+03 3.775E+11 8.178E-03 3.583E-02 2.000E+05 0.000E+00 0.000E+00
7.12482900E-02   5205.4 2.253E+03 4.221E+11 9.032E-03 3.867E-02 2.000E+05 0.000E+00 0.000E+00
8.60313682E-02   5211.3 2.721E+03 4.720E+11 9.982E-03 4.184E-02 2.000E+05 0.000E+00 0.000E+00
1.03879450E-01   5216.6 3.285E+03 5.269E+11 1.102E-02 4.531E-02 2.000E+05 0.000E+00 0.000E+00
1.25434106E-01   5222.0 3.967E+03 5.882E+11 1.217E-02 4.918E-02 2.000E+05 0.000E+00 0.000E+00
1.51462934E-01   5227.1 4.790E+03 6.561E+11 1.344E-02 5.347E-02 2.000E+05 0.000E+00 0.000E+00
1.82885933E-01   5232.4 5.783E+03 7.322E+11 1.485E-02 5.826E-02 2.000E+05 0.000E+00 0.000E+00
2.20801447E-01   5237.7 6.982E+03 8.172E+11 1.642E-02 6.360E-02 2.000E+05 0.000E+00 0.000E+00
2.66503244E-01   5243.6 8.428E+03 9.136E+11 1.818E-02 6.964E-02 2.000E+05 0.000E+00 0.000E+00
3.21512738E-01   5250.1 1.017E+04 1.023E+12 2.015E-02 7.646E-02 2.000E+05 0.000E+00 0.000E+00
3.87563476E-01   5258.0 1.226E+04 1.149E+12 2.242E-02 8.432E-02 2.000E+05 0.000E+00 0.000E+00
4.66621852E-01   5267.4 1.476E+04 1.296E+12 2.502E-02 9.338E-02 2.000E+05 0.000E+00 0.000E+00
5.60848833E-01   5279.3 1.774E+04 1.470E+12 2.806E-02 1.040E-01 2.000E+05 0.000E+00 0.000E+00
6.72546173E-01   5294.0 2.127E+04 1.679E+12 3.166E-02 1.166E-01 2.000E+05 0.000E+00 0.000E+00
8.04092737E-01   5312.6 2.543E+04 1.936E+12 3.599E-02 1.317E-01 2.000E+05 0.000E+00 0.000E+00
9.57743314E-01   5335.8 3.029E+04 2.257E+12 4.126E-02 1.501E-01 2.000E+05 0.000E+00 0.000E+00
1.13535160E+00   5365.6 3.590E+04 2.671E+12 4.790E-02 1.733E-01 2.000E+05 0.000E+00 0.000E+00
1.33818807E+00   5402.2 4.232E+04 3.209E+12 5.627E-02 2.025E-01 2.000E+05 0.000E+00 0.000E+00
1.56620117E+00   5449.6 4.953E+04 3.950E+12 6.739E-02 2.413E-01 2.000E+05 0.000E+00 0.000E+00
1.81864369E+00   5505.3 5.751E+04 4.940E+12 8.168E-02 2.912E-01 2.000E+05 1.916E-07 0.000E+00
2.09059869E+00   5580.4 6.611E+04 6.443E+12 1.024E-01 3.633E-01 2.000E+05 5.282E-07 0.000E+00
2.38394763E+00   5647.4 7.539E+04 8.164E+12 1.252E-01 4.431E-01 2.000E+05 6.071E-07 0.000E+00
2.68620178E+00   5791.1 8.495E+04 1.234E+13 1.763E-01 6.244E-01 2.000E+05 8.663E-05 0.000E+00
2.94542837E+00   6043.4 9.315E+04 2.306E+13 2.949E-01 1.041E+00 2.000E+05 2.128E-03 5.999E+03
3.15416039E+00   6284.1 9.974E+04 3.973E+13 4.630E-01 1.587E+00 2.000E+05 3.205E-02 4.720E+03
3.34953920E+00   6440.6 1.059E+05 5.590E+13 6.167E-01 1.993E+00 2.000E+05 8.690E-02 7.898E+02
3.54974083E+00   6581.3 1.123E+05 7.520E+13 7.931E-01 2.381E+00 2.000E+05 1.461E-01 1.135E+03
3.75677454E+00   6734.0 1.188E+05 1.021E+14 1.031E+00 2.850E+00 2.000E+05 2.065E-01 5.848E+03
3.96700257E+00   6908.2 1.254E+05 1.419E+14 1.372E+00 3.492E+00 2.000E+05 2.651E-01 1.917E+04
4.17300888E+00   7121.3 1.320E+05 2.063E+14 1.912E+00 4.511E+00 2.000E+05 3.195E-01 4.864E+04
4.36496140E+00   7377.8 1.380E+05 3.128E+14 2.795E+00 6.061E+00 2.000E+05 3.698E-01 7.885E+04
4.54066957E+00   7642.9 1.436E+05 4.660E+14 4.073E+00 8.250E+00 2.000E+05 4.108E-01 1.023E+05
4.69353934E+00   7990.9 1.484E+05 7.500E+14 6.519E+00 1.220E+01 2.000E+05 4.502E-01 1.930E+05
4.82245521E+00   8322.4 1.525E+05 1.135E+15 1.002E+01 1.453E+01 2.000E+05 5.698E-01 2.492E+05
4.94019546E+00   8586.7 1.562E+05 1.547E+15 1.398E+01 1.408E+01 2.000E+05 7.095E-01 2.644E+05
5.05601056E+00   8813.8 1.599E+05 1.990E+15 1.846E+01 1.279E+01 2.000E+05 7.933E-01 2.650E+05
5.17595593E+00   9009.3 1.637E+05 2.451E+15 2.330E+01 1.176E+01 2.000E+05 8.498E-01 2.651E+05
5.30316289E+00   9201.5 1.677E+05 2.984E+15 2.914E+01 1.104E+01 2.000E+05 8.890E-01 2.640E+05
5.44085002E+00   9376.0 1.720E+05 3.548E+15 3.548E+01 1.019E+01 2.000E+05 9.142E-01 2.595E+05
5.59227325E+00   9553.5 1.768E+05 4.206E+15 4.287E+01 9.673E+00 2.000E+05 9.337E-01 2.575E+05
5.76053586E+00   9724.2 1.821E+05 4.932E+15 5.115E+01 9.039E+00 2.000E+05 9.476E-01 2.531E+05
5.94871976E+00   9899.2 1.881E+05 5.777E+15 6.096E+01 8.531E+00 2.000E+05 9.584E-01 2.491E+05
6.16023222E+00  10069.7 1.948E+05 6.715E+15 7.205E+01 8.045E+00 2.000E+05 9.672E-01 2.463E+05
6.39814229E+00  10249.8 2.023E+05 7.829E+15 8.561E+01 7.548E+00 2.000E+05 9.737E-01 2.402E+05
6.66739530E+00  10418.3 2.108E+05 9.021E+15 1.002E+02 7.562E+00 2.000E+05 9.778E-01 2.380E+05
RADK 2.3729E+00
EGIN                    ITERATION  15 COMPLETED
