TEFF   7000.  GRAVITY 0.50000 LTE 
TITLE SDSC GRID  [+0.3]   VTURB 2.0 KM/S    L/H 1.25                            
 OPACITY IFOP 1 1 1 1 1 1 1 1 1 1 1 1 1 0 1 0 0 0 0 0
 CONVECTION ON   1.25 TURBULENCE OFF  0.00  0.00  0.00  0.00
ABUNDANCE SCALE   1.99526 ABUNDANCE CHANGE 1 0.91100 2 0.08900
 ABUNDANCE CHANGE  3 -10.88  4 -10.89  5  -9.44  6  -3.48  7  -3.99  8  -3.11
 ABUNDANCE CHANGE  9  -7.48 10  -3.95 11  -5.71 12  -4.46 13  -5.57 14  -4.49
 ABUNDANCE CHANGE 15  -6.59 16  -4.83 17  -6.54 18  -5.48 19  -6.82 20  -5.68
 ABUNDANCE CHANGE 21  -8.94 22  -7.05 23  -8.04 24  -6.37 25  -6.65 26  -4.37
 ABUNDANCE CHANGE 27  -7.12 28  -5.79 29  -7.83 30  -7.44 31  -9.16 32  -8.63
 ABUNDANCE CHANGE 33  -9.67 34  -8.69 35  -9.41 36  -8.81 37  -9.44 38  -9.14
 ABUNDANCE CHANGE 39  -9.80 40  -9.54 41 -10.62 42 -10.12 43 -20.00 44 -10.20
 ABUNDANCE CHANGE 45 -10.92 46 -10.35 47 -11.10 48 -10.18 49 -10.58 50 -10.04
 ABUNDANCE CHANGE 51 -11.04 52  -9.80 53 -10.53 54  -9.81 55 -10.92 56  -9.91
 ABUNDANCE CHANGE 57 -10.82 58 -10.49 59 -11.33 60 -10.54 61 -20.00 62 -11.04
 ABUNDANCE CHANGE 63 -11.53 64 -10.92 65 -11.94 66 -10.94 67 -11.78 68 -11.11
 ABUNDANCE CHANGE 69 -12.04 70 -10.96 71 -11.28 72 -11.16 73 -11.91 74 -10.93
 ABUNDANCE CHANGE 75 -11.77 76 -10.59 77 -10.69 78 -10.24 79 -11.03 80 -10.95
 ABUNDANCE CHANGE 81 -11.14 82 -10.19 83 -11.33 84 -20.00 85 -20.00 86 -20.00
 ABUNDANCE CHANGE 87 -20.00 88 -20.00 89 -20.00 90 -11.92 91 -20.00 92 -12.51
 ABUNDANCE CHANGE 93 -20.00 94 -20.00 95 -20.00 96 -20.00 97 -20.00 98 -20.00
 ABUNDANCE CHANGE 99 -20.00
READ DECK6 72 RHOX,T,P,XNE,ABROSS,ACCRAD,VTURB
 8.12295173E-05   4063.5 2.498E-04 2.038E+06 1.642E-03 8.654E-02 2.000E+05 0.000E+00 0.000E+00
 1.09246208E-04   4076.3 3.360E-04 2.532E+06 1.533E-03 8.524E-02 2.000E+05 0.000E+00 0.000E+00
 1.49081936E-04   4092.5 4.587E-04 3.216E+06 1.444E-03 8.120E-02 2.000E+05 0.000E+00 0.000E+00
 2.05517802E-04   4109.2 6.327E-04 4.118E+06 1.358E-03 7.678E-02 2.000E+05 0.000E+00 0.000E+00
 2.85661660E-04   4127.1 8.802E-04 5.318E+06 1.279E-03 7.283E-02 2.000E+05 0.000E+00 0.000E+00
 3.99262600E-04   4145.2 1.231E-03 6.895E+06 1.202E-03 6.938E-02 2.000E+05 0.000E+00 0.000E+00
 5.60356340E-04   4163.8 1.730E-03 8.976E+06 1.131E-03 6.658E-02 2.000E+05 0.000E+00 0.000E+00
 7.88219727E-04   4183.8 2.436E-03 1.176E+07 1.069E-03 6.431E-02 2.000E+05 0.000E+00 0.000E+00
 1.10845681E-03   4206.0 3.428E-03 1.552E+07 1.019E-03 6.229E-02 2.000E+05 0.000E+00 0.000E+00
 1.55401378E-03   4230.9 4.810E-03 2.065E+07 9.816E-04 6.027E-02 2.000E+05 0.000E+00 0.000E+00
 2.16673717E-03   4258.7 6.711E-03 2.765E+07 9.572E-04 5.813E-02 2.000E+05 0.000E+00 0.000E+00
 3.00002538E-03   4288.8 9.299E-03 3.717E+07 9.434E-04 5.587E-02 2.000E+05 0.000E+00 0.000E+00
 4.11998642E-03   4321.4 1.278E-02 5.013E+07 9.413E-04 5.411E-02 2.000E+05 0.000E+00 0.000E+00
 5.61069268E-03   4355.4 1.741E-02 6.751E+07 9.461E-04 5.239E-02 2.000E+05 0.000E+00 0.000E+00
 7.58407653E-03   4390.2 2.355E-02 9.060E+07 9.547E-04 5.069E-02 2.000E+05 0.000E+00 0.000E+00
 1.01882701E-02   4425.3 3.166E-02 1.211E+08 9.660E-04 4.914E-02 2.000E+05 0.000E+00 0.000E+00
 1.36175921E-02   4460.7 4.234E-02 1.613E+08 9.790E-04 4.782E-02 2.000E+05 0.000E+00 0.000E+00
 1.81222215E-02   4497.0 5.637E-02 2.144E+08 9.956E-04 4.667E-02 2.000E+05 0.000E+00 0.000E+00
 2.40162943E-02   4534.4 7.474E-02 2.850E+08 1.017E-03 4.563E-02 2.000E+05 0.000E+00 0.000E+00
 3.16911873E-02   4573.1 9.866E-02 3.788E+08 1.044E-03 4.465E-02 2.000E+05 0.000E+00 0.000E+00
 4.16342023E-02   4613.1 1.297E-01 5.033E+08 1.077E-03 4.388E-02 2.000E+05 0.000E+00 0.000E+00
 5.44436535E-02   4654.7 1.696E-01 6.692E+08 1.118E-03 4.318E-02 2.000E+05 0.000E+00 0.000E+00
 7.08452568E-02   4697.7 2.208E-01 8.895E+08 1.168E-03 4.250E-02 2.000E+05 0.000E+00 0.000E+00
 9.17252120E-02   4742.1 2.859E-01 1.181E+09 1.227E-03 4.185E-02 2.000E+05 0.000E+00 0.000E+00
 1.18160716E-01   4787.7 3.684E-01 1.567E+09 1.295E-03 4.125E-02 2.000E+05 0.000E+00 0.000E+00
 1.51456927E-01   4834.3 4.724E-01 2.073E+09 1.375E-03 4.070E-02 2.000E+05 0.000E+00 0.000E+00
 1.93192654E-01   4881.7 6.026E-01 2.737E+09 1.466E-03 4.023E-02 2.000E+05 0.000E+00 0.000E+00
 2.45264796E-01   4929.9 7.652E-01 3.603E+09 1.570E-03 3.985E-02 2.000E+05 0.000E+00 0.000E+00
 3.09929494E-01   4978.8 9.672E-01 4.728E+09 1.690E-03 3.957E-02 2.000E+05 0.000E+00 0.000E+00
 3.89857800E-01   5028.3 1.217E+00 6.184E+09 1.828E-03 3.950E-02 2.000E+05 0.000E+00 0.000E+00
 4.88124477E-01   5078.6 1.524E+00 8.067E+09 1.988E-03 3.967E-02 2.000E+05 0.000E+00 0.000E+00
 6.08145633E-01   5130.2 1.898E+00 1.050E+10 2.178E-03 3.999E-02 2.000E+05 0.000E+00 0.000E+00
 7.53710594E-01   5182.8 2.353E+00 1.364E+10 2.403E-03 4.044E-02 2.000E+05 0.000E+00 0.000E+00
 9.29109075E-01   5236.2 2.900E+00 1.766E+10 2.667E-03 4.103E-02 2.000E+05 0.000E+00 0.000E+00
 1.13924472E+00   5290.0 3.556E+00 2.275E+10 2.977E-03 4.185E-02 2.000E+05 0.000E+00 0.000E+00
 1.38967041E+00   5344.3 4.337E+00 2.920E+10 3.339E-03 4.293E-02 2.000E+05 0.000E+00 0.000E+00
 1.68652100E+00   5399.0 5.263E+00 3.730E+10 3.766E-03 4.430E-02 2.000E+05 0.000E+00 0.000E+00
 2.03648733E+00   5454.2 6.354E+00 4.746E+10 4.272E-03 4.604E-02 2.000E+05 0.000E+00 0.000E+00
 2.44687387E+00   5509.9 7.633E+00 6.015E+10 4.870E-03 4.817E-02 2.000E+05 0.000E+00 0.000E+00
 2.92572003E+00   5566.3 9.123E+00 7.595E+10 5.579E-03 5.076E-02 2.000E+05 0.000E+00 0.000E+00
 3.48172782E+00   5623.3 1.085E+01 9.556E+10 6.422E-03 5.395E-02 2.000E+05 0.000E+00 0.000E+00
 4.12416828E+00   5681.2 1.285E+01 1.199E+11 7.431E-03 5.790E-02 2.000E+05 0.000E+00 0.000E+00
 4.86244168E+00   5740.7 1.514E+01 1.502E+11 8.648E-03 6.278E-02 2.000E+05 0.000E+00 0.000E+00
 5.70538572E+00   5802.2 1.775E+01 1.880E+11 1.014E-02 6.903E-02 2.000E+05 0.000E+00 0.000E+00
 6.66002937E+00   5866.9 2.070E+01 2.357E+11 1.199E-02 7.706E-02 2.000E+05 0.000E+00 0.000E+00
 7.73014729E+00   5936.2 2.399E+01 2.967E+11 1.435E-02 8.756E-02 2.000E+05 0.000E+00 0.000E+00
 8.91402585E+00   6011.9 2.763E+01 3.760E+11 1.743E-02 1.016E-01 2.000E+05 0.000E+00 0.000E+00
 1.02019040E+01   6096.3 3.156E+01 4.813E+11 2.158E-02 1.210E-01 2.000E+05 0.000E+00 0.000E+00
 1.15723619E+01   6192.4 3.571E+01 6.250E+11 2.740E-02 1.489E-01 2.000E+05 3.969E-20 0.000E+00
 1.29882913E+01   6304.2 3.994E+01 8.269E+11 3.598E-02 1.909E-01 2.000E+05 3.149E-18 5.801E+00
 1.43977913E+01   6436.2 4.409E+01 1.119E+12 4.923E-02 2.567E-01 2.000E+05 6.339E-17 1.497E+01
 1.57386421E+01   6593.8 4.792E+01 1.557E+12 7.084E-02 3.660E-01 2.000E+05 9.317E-16 3.484E+01
 1.69418394E+01   6784.2 5.118E+01 2.231E+12 1.088E-01 5.609E-01 2.000E+05 3.458E-14 9.704E+01
 1.79502328E+01   7013.4 5.364E+01 3.287E+12 1.792E-01 9.259E-01 2.000E+05 3.172E-12 3.507E+02
 1.87353426E+01   7288.8 5.516E+01 4.944E+12 3.179E-01 1.644E+00 2.000E+05 4.222E-10 1.587E+03
 1.93085875E+01   7612.5 5.568E+01 7.415E+12 5.930E-01 3.056E+00 2.000E+05 4.291E-08 8.042E+03
 1.97159459E+01   7984.8 5.526E+01 1.070E+13 1.106E+00 5.613E+00 2.000E+05 3.755E-06 3.760E+04
 2.00160213E+01   8400.6 5.398E+01 1.414E+13 1.871E+00 9.255E+00 2.000E+05 2.585E-05 1.086E+05
 2.02821964E+01   8858.4 5.193E+01 1.643E+13 2.585E+00 1.242E+01 2.000E+05 3.240E-05 1.335E+05
 2.05736417E+01   9359.2 4.910E+01 1.670E+13 2.766E+00 1.299E+01 2.000E+05 6.156E-06 6.815E+04
 2.09811308E+01   9908.4 4.547E+01 1.541E+13 2.411E+00 1.114E+01 2.000E+05 2.152E-07 2.599E+04
 2.16408736E+01  10509.8 4.113E+01 1.339E+13 1.862E+00 8.439E+00 2.000E+05 1.070E-08 1.298E+04
 2.28213233E+01  11172.1 3.640E+01 1.122E+13 1.369E+00 6.158E+00 2.000E+05 1.994E-09 9.102E+03
 2.49642290E+01  11904.0 3.194E+01 9.277E+12 1.011E+00 4.534E+00 2.000E+05 1.279E-09 8.147E+03
 2.87173256E+01  12708.5 2.889E+01 7.940E+12 7.980E-01 3.564E+00 2.000E+05 1.362E-09 9.070E+03
 3.47037444E+01  13590.3 2.793E+01 7.312E+12 7.021E-01 3.142E+00 2.000E+05 1.894E-09 1.056E+04
 4.35160258E+01  14551.0 2.935E+01 7.264E+12 6.518E-01 2.898E+00 2.000E+05 1.939E-09 1.074E+04
 5.58674144E+01  15592.1 3.329E+01 7.721E+12 6.325E-01 2.801E+00 2.000E+05 2.285E-09 1.126E+04
 7.26219486E+01  16721.3 3.997E+01 8.655E+12 6.283E-01 2.737E+00 2.000E+05 4.405E-09 1.330E+04
 9.49137938E+01  17939.1 4.953E+01 9.999E+12 6.336E-01 2.731E+00 2.000E+05 9.469E-09 1.662E+04
 1.24709783E+02  19258.9 6.459E+01 1.215E+13 6.253E-01 2.583E+00 2.000E+05 1.457E-07 1.710E+04
 1.64434278E+02  20674.9 8.921E+01 1.563E+13 6.339E-01 2.502E+00 2.000E+05 1.107E-06 7.005E+04
PRADK 3.2134E+00
BEGIN                    ITERATION  15 COMPLETED
