EFF  17000.  GRAVITY 4.00000 LTE
ITLE SDSC GRID  [-3.5]   VTURB 2.0 KM/S
OPACITY IFOP 1 1 1 1 1 1 1 1 1 1 1 1 1 0 1 0 0 0 0 0
CONVECTION OFF  1.00 TURBULENCE OFF  0.00  0.00  0.00  0.00
BUNDANCE SCALE  .0003162 ABUNDANCE CHANGE 1 0.91100 2 0.08900
ABUNDANCE CHANGE  3 -10.88  4 -10.89  5  -9.44  6  -3.48  7  -3.99  8  -3.11
ABUNDANCE CHANGE  9  -7.48 10  -3.95 11  -5.71 12  -4.46 13  -5.57 14  -4.49
ABUNDANCE CHANGE 15  -6.59 16  -4.83 17  -6.54 18  -5.48 19  -6.82 20  -5.68
ABUNDANCE CHANGE 21  -8.94 22  -7.05 23  -8.04 24  -6.37 25  -6.65 26  -4.37
ABUNDANCE CHANGE 27  -7.12 28  -5.79 29  -7.83 30  -7.44 31  -9.16 32  -8.63
ABUNDANCE CHANGE 33  -9.67 34  -8.69 35  -9.41 36  -8.81 37  -9.44 38  -9.14
ABUNDANCE CHANGE 39  -9.80 40  -9.54 41 -10.62 42 -10.12 43 -20.00 44 -10.20
ABUNDANCE CHANGE 45 -10.92 46 -10.35 47 -11.10 48 -10.18 49 -10.58 50 -10.04
ABUNDANCE CHANGE 51 -11.04 52  -9.80 53 -10.53 54  -9.81 55 -10.92 56  -9.91
ABUNDANCE CHANGE 57 -10.82 58 -10.49 59 -11.33 60 -10.54 61 -20.00 62 -11.04
ABUNDANCE CHANGE 63 -11.53 64 -10.92 65 -11.94 66 -10.94 67 -11.78 68 -11.11
ABUNDANCE CHANGE 69 -12.04 70 -10.96 71 -11.28 72 -11.16 73 -11.91 74 -10.93
ABUNDANCE CHANGE 75 -11.77 76 -10.59 77 -10.69 78 -10.24 79 -11.03 80 -10.95
ABUNDANCE CHANGE 81 -11.14 82 -10.19 83 -11.33 84 -20.00 85 -20.00 86 -20.00
ABUNDANCE CHANGE 87 -20.00 88 -20.00 89 -20.00 90 -11.92 91 -20.00 92 -12.51
ABUNDANCE CHANGE 93 -20.00 94 -20.00 95 -20.00 96 -20.00 97 -20.00 98 -20.00
ABUNDANCE CHANGE 99 -20.00
EAD DECK6 64 RHOX,T,P,XNE,ABROSS,ACCRAD,VTURB
5.66946157E-06   9952.4 5.645E-02 1.973E+10 2.951E-01 4.798E+01 2.000E+05
6.00575537E-06   9956.7 5.980E-02 2.088E+10 2.951E-01 4.796E+01 2.000E+05
8.01003875E-06   9957.7 7.976E-02 2.780E+10 2.955E-01 4.835E+01 2.000E+05
1.06798281E-05   9958.7 1.063E-01 3.701E+10 2.965E-01 4.893E+01 2.000E+05
1.42265817E-05   9959.7 1.416E-01 4.924E+10 2.982E-01 4.973E+01 2.000E+05
1.89224628E-05   9969.5 1.883E-01 6.538E+10 3.006E-01 5.076E+01 2.000E+05
2.51254394E-05   9982.5 2.501E-01 8.663E+10 3.040E-01 5.207E+01 2.000E+05
3.32941367E-05  10002.6 3.313E-01 1.145E+11 3.084E-01 5.366E+01 2.000E+05
4.40139946E-05  10029.2 4.379E-01 1.509E+11 3.140E-01 5.556E+01 2.000E+05
5.80242603E-05  10062.6 5.772E-01 1.982E+11 3.210E-01 5.782E+01 2.000E+05
7.62590190E-05  10103.2 7.585E-01 2.593E+11 3.295E-01 6.047E+01 2.000E+05
9.98865621E-05  10154.0 9.933E-01 3.378E+11 3.399E-01 6.346E+01 2.000E+05
1.30366564E-04  10215.6 1.296E+00 4.380E+11 3.521E-01 6.678E+01 2.000E+05
1.69516894E-04  10291.2 1.685E+00 5.652E+11 3.663E-01 7.023E+01 2.000E+05
2.19601617E-04  10379.6 2.182E+00 7.257E+11 3.825E-01 7.371E+01 2.000E+05
2.83433763E-04  10481.0 2.816E+00 9.272E+11 4.009E-01 7.705E+01 2.000E+05
3.64496188E-04  10592.0 3.620E+00 1.180E+12 4.217E-01 8.024E+01 2.000E+05
4.67065040E-04  10710.1 4.637E+00 1.494E+12 4.453E-01 8.317E+01 2.000E+05
5.96314338E-04  10829.3 5.919E+00 1.886E+12 4.723E-01 8.595E+01 2.000E+05
7.58386052E-04  10944.0 7.526E+00 2.373E+12 5.036E-01 8.884E+01 2.000E+05
9.60408541E-04  11048.2 9.528E+00 2.976E+12 5.405E-01 9.234E+01 2.000E+05
1.21048440E-03  11138.5 1.200E+01 3.719E+12 5.843E-01 9.704E+01 2.000E+05
1.51769152E-03  11213.3 1.505E+01 4.629E+12 6.367E-01 1.036E+02 2.000E+05
1.89210309E-03  11274.0 1.875E+01 5.736E+12 6.993E-01 1.125E+02 2.000E+05
2.34517768E-03  11326.0 2.323E+01 7.071E+12 7.727E-01 1.241E+02 2.000E+05
2.89062068E-03  11375.6 2.861E+01 8.668E+12 8.574E-01 1.383E+02 2.000E+05
3.54542524E-03  11430.2 3.506E+01 1.057E+13 9.530E-01 1.546E+02 2.000E+05
4.33079261E-03  11491.9 4.279E+01 1.282E+13 1.060E+00 1.726E+02 2.000E+05
5.27141482E-03  11554.8 5.202E+01 1.550E+13 1.181E+00 1.932E+02 2.000E+05
6.39645027E-03  11623.1 6.304E+01 1.867E+13 1.317E+00 2.164E+02 2.000E+05
7.74195257E-03  11696.8 7.619E+01 2.241E+13 1.469E+00 2.425E+02 2.000E+05
9.35126174E-03  11776.7 9.187E+01 2.684E+13 1.637E+00 2.718E+02 2.000E+05
1.12801226E-02  11870.2 1.106E+02 3.205E+13 1.818E+00 3.035E+02 2.000E+05
1.35990300E-02  11975.8 1.330E+02 3.821E+13 2.014E+00 3.382E+02 2.000E+05
1.63951413E-02  12095.3 1.600E+02 4.549E+13 2.223E+00 3.761E+02 2.000E+05
1.97834781E-02  12235.7 1.925E+02 5.411E+13 2.439E+00 4.160E+02 2.000E+05
2.39192245E-02  12402.8 2.321E+02 6.436E+13 2.654E+00 4.568E+02 2.000E+05
2.90119114E-02  12602.3 2.806E+02 7.660E+13 2.860E+00 4.974E+02 2.000E+05
3.53489242E-02  12844.4 3.407E+02 9.131E+13 3.048E+00 5.359E+02 2.000E+05
4.33283343E-02  13135.4 4.160E+02 1.092E+14 3.210E+00 5.706E+02 2.000E+05
5.34952961E-02  13480.7 5.118E+02 1.310E+14 3.341E+00 6.011E+02 2.000E+05
6.65974504E-02  13890.2 6.347E+02 1.581E+14 3.439E+00 6.263E+02 2.000E+05
8.36528117E-02  14374.8 7.944E+02 1.919E+14 3.510E+00 6.461E+02 2.000E+05
1.06003695E-01  14942.4 1.003E+03 2.344E+14 3.564E+00 6.612E+02 2.000E+05
1.35391948E-01  15597.5 1.278E+03 2.881E+14 3.612E+00 6.709E+02 2.000E+05
1.74104611E-01  16340.0 1.639E+03 3.557E+14 3.652E+00 6.752E+02 2.000E+05
2.25280246E-01  17167.7 2.116E+03 4.403E+14 3.675E+00 6.721E+02 2.000E+05
2.93306728E-01  18082.5 2.751E+03 5.462E+14 3.679E+00 6.620E+02 2.000E+05
3.83873019E-01  19082.1 3.597E+03 6.789E+14 3.687E+00 6.488E+02 2.000E+05
5.04052618E-01  20163.5 4.722E+03 8.448E+14 3.718E+00 6.378E+02 2.000E+05
6.62262569E-01  21330.9 6.203E+03 1.050E+15 3.781E+00 6.333E+02 2.000E+05
8.68886737E-01  22595.1 8.139E+03 1.301E+15 3.875E+00 6.357E+02 2.000E+05
1.13662590E+00  23969.6 1.064E+04 1.604E+15 4.003E+00 6.464E+02 2.000E+05
1.48099650E+00  25471.8 1.386E+04 1.967E+15 4.164E+00 6.642E+02 2.000E+05
1.92070667E+00  27114.0 1.796E+04 2.394E+15 4.365E+00 6.905E+02 2.000E+05
2.47816928E+00  28912.3 2.314E+04 2.893E+15 4.606E+00 7.244E+02 2.000E+05
3.18007303E+00  30876.2 2.964E+04 3.470E+15 4.896E+00 7.673E+02 2.000E+05
4.05653605E+00  33020.4 3.771E+04 4.130E+15 5.252E+00 8.208E+02 2.000E+05
5.14004081E+00  35350.0 4.762E+04 4.880E+15 5.696E+00 8.889E+02 2.000E+05
6.46112166E+00  37886.9 5.959E+04 5.724E+15 6.277E+00 9.772E+02 2.000E+05
8.05872229E+00  40639.9 7.393E+04 6.677E+15 6.900E+00 1.072E+03 2.000E+05
1.00561853E+01  43663.6 9.171E+04 7.791E+15 7.091E+00 1.106E+03 2.000E+05
1.28207795E+01  46969.2 1.164E+05 9.269E+15 6.467E+00 1.016E+03 2.000E+05
1.69235209E+01  50399.9 1.535E+05 1.143E+16 5.655E+00 9.156E+02 2.000E+05
RADK 1.4969E+02
EGIN                    ITERATION   6 COMPLETED
