TEFF  40000.  GRAVITY 4.50000 LTE 
TITLE SDSC GRID  [+0.3]   VTURB 2.0 KM/S                                        
 OPACITY IFOP 1 1 1 1 1 1 1 1 1 1 1 1 1 0 1 0 0 0 0 0
 CONVECTION OFF  1.00 TURBULENCE OFF  0.00  0.00  0.00  0.00
ABUNDANCE SCALE   1.99530 ABUNDANCE CHANGE 1 0.91100 2 0.08900
 ABUNDANCE CHANGE  3 -10.88  4 -10.89  5  -9.44  6  -3.48  7  -3.99  8  -3.11
 ABUNDANCE CHANGE  9  -7.48 10  -3.95 11  -5.71 12  -4.46 13  -5.57 14  -4.49
 ABUNDANCE CHANGE 15  -6.59 16  -4.83 17  -6.54 18  -5.48 19  -6.82 20  -5.68
 ABUNDANCE CHANGE 21  -8.94 22  -7.05 23  -8.04 24  -6.37 25  -6.65 26  -4.37
 ABUNDANCE CHANGE 27  -7.12 28  -5.79 29  -7.83 30  -7.44 31  -9.16 32  -8.63
 ABUNDANCE CHANGE 33  -9.67 34  -8.69 35  -9.41 36  -8.81 37  -9.44 38  -9.14
 ABUNDANCE CHANGE 39  -9.80 40  -9.54 41 -10.62 42 -10.12 43 -20.00 44 -10.20
 ABUNDANCE CHANGE 45 -10.92 46 -10.35 47 -11.10 48 -10.18 49 -10.58 50 -10.04
 ABUNDANCE CHANGE 51 -11.04 52  -9.80 53 -10.53 54  -9.81 55 -10.92 56  -9.91
 ABUNDANCE CHANGE 57 -10.82 58 -10.49 59 -11.33 60 -10.54 61 -20.00 62 -11.04
 ABUNDANCE CHANGE 63 -11.53 64 -10.92 65 -11.94 66 -10.94 67 -11.78 68 -11.11
 ABUNDANCE CHANGE 69 -12.04 70 -10.96 71 -11.28 72 -11.16 73 -11.91 74 -10.93
 ABUNDANCE CHANGE 75 -11.77 76 -10.59 77 -10.69 78 -10.24 79 -11.03 80 -10.95
 ABUNDANCE CHANGE 81 -11.14 82 -10.19 83 -11.33 84 -20.00 85 -20.00 86 -20.00
 ABUNDANCE CHANGE 87 -20.00 88 -20.00 89 -20.00 90 -11.92 91 -20.00 92 -12.51
 ABUNDANCE CHANGE 93 -20.00 94 -20.00 95 -20.00 96 -20.00 97 -20.00 98 -20.00
 ABUNDANCE CHANGE 99 -20.00
READ DECK6 64 RHOX,T,P,XNE,ABROSS,ACCRAD,VTURB
 5.12623776E-06  19209.1 3.568E-02 6.735E+09 3.486E-01 2.466E+04 2.000E+05
 5.14781580E-06  21364.3 3.589E-02 6.133E+09 3.486E-01 1.836E+04 2.000E+05
 6.79530938E-06  21595.1 5.838E-02 9.860E+09 3.514E-01 1.758E+04 2.000E+05
 9.03510149E-06  21823.1 9.001E-02 1.504E+10 3.548E-01 1.742E+04 2.000E+05
 1.19936600E-05  22038.7 1.321E-01 2.185E+10 3.580E-01 1.739E+04 2.000E+05
 1.59025549E-05  22251.2 1.872E-01 3.065E+10 3.614E-01 1.768E+04 2.000E+05
 2.10686467E-05  22478.3 2.587E-01 4.194E+10 3.646E-01 1.779E+04 2.000E+05
 2.79050230E-05  22731.2 3.560E-01 5.706E+10 3.672E-01 1.701E+04 2.000E+05
 3.69533610E-05  23004.5 4.926E-01 7.802E+10 3.701E-01 1.609E+04 2.000E+05
 4.89119348E-05  23296.1 6.829E-01 1.068E+11 3.738E-01 1.539E+04 2.000E+05
 6.46809234E-05  23608.1 9.428E-01 1.456E+11 3.784E-01 1.489E+04 2.000E+05
 8.54348783E-05  23942.9 1.297E+00 1.976E+11 3.837E-01 1.424E+04 2.000E+05
 1.12698926E-04  24289.5 1.779E+00 2.672E+11 3.899E-01 1.371E+04 2.000E+05
 1.48423327E-04  24650.5 2.425E+00 3.592E+11 3.973E-01 1.337E+04 2.000E+05
 1.95105288E-04  25027.9 3.282E+00 4.792E+11 4.059E-01 1.315E+04 2.000E+05
 2.56218337E-04  25409.4 4.452E+00 6.408E+11 4.124E-01 1.180E+04 2.000E+05
 3.36383179E-04  25761.7 6.088E+00 8.645E+11 4.197E-01 1.076E+04 2.000E+05
 4.41248283E-04  26098.9 8.312E+00 1.165E+12 4.285E-01 1.013E+04 2.000E+05
 5.78021483E-04  26434.7 1.128E+01 1.562E+12 4.386E-01 9.678E+03 2.000E+05
 7.55963254E-04  26774.3 1.523E+01 2.082E+12 4.501E-01 9.282E+03 2.000E+05
 9.86730716E-04  27117.2 2.042E+01 2.757E+12 4.637E-01 9.031E+03 2.000E+05
 1.28483489E-03  27466.2 2.717E+01 3.624E+12 4.795E-01 8.910E+03 2.000E+05
 1.66862747E-03  27823.2 3.590E+01 4.729E+12 4.973E-01 8.832E+03 2.000E+05
 2.16149712E-03  28187.4 4.715E+01 6.132E+12 5.168E-01 8.776E+03 2.000E+05
 2.79518301E-03  28562.0 6.175E+01 7.929E+12 5.353E-01 8.393E+03 2.000E+05
 3.60940750E-03  28932.1 8.077E+01 1.024E+13 5.567E-01 8.165E+03 2.000E+05
 4.65150905E-03  29307.6 1.053E+02 1.319E+13 5.810E-01 8.020E+03 2.000E+05
 5.98131643E-03  29690.4 1.368E+02 1.692E+13 6.080E-01 7.882E+03 2.000E+05
 7.67186903E-03  30077.7 1.770E+02 2.161E+13 6.392E-01 7.836E+03 2.000E+05
 9.81094854E-03  30471.0 2.278E+02 2.748E+13 6.752E-01 7.871E+03 2.000E+05
 1.25051143E-02  30872.2 2.917E+02 3.473E+13 7.164E-01 7.991E+03 2.000E+05
 1.58857549E-02  31286.9 3.713E+02 4.366E+13 7.623E-01 8.127E+03 2.000E+05
 2.01175877E-02  31714.8 4.704E+02 5.460E+13 8.126E-01 8.257E+03 2.000E+05
 2.54181533E-02  32154.9 5.942E+02 6.807E+13 8.644E-01 8.279E+03 2.000E+05
 3.20506404E-02  32598.9 7.487E+02 8.466E+13 9.230E-01 8.399E+03 2.000E+05
 4.03201787E-02  33057.2 9.399E+02 1.049E+14 9.886E-01 8.600E+03 2.000E+05
 5.06032433E-02  33538.4 1.175E+03 1.294E+14 1.061E+00 8.848E+03 2.000E+05
 6.33546033E-02  34051.0 1.464E+03 1.589E+14 1.143E+00 9.167E+03 2.000E+05
 7.91188397E-02  34609.3 1.815E+03 1.940E+14 1.235E+00 9.549E+03 2.000E+05
 9.85573549E-02  35230.6 2.240E+03 2.356E+14 1.336E+00 9.975E+03 2.000E+05
 1.22535895E-01  35930.7 2.754E+03 2.846E+14 1.442E+00 1.033E+04 2.000E+05
 1.52230591E-01  36717.7 3.382E+03 3.428E+14 1.550E+00 1.060E+04 2.000E+05
 1.89118684E-01  37606.0 4.153E+03 4.119E+14 1.662E+00 1.083E+04 2.000E+05
 2.35077065E-01  38613.2 5.103E+03 4.942E+14 1.775E+00 1.104E+04 2.000E+05
 2.92629087E-01  39761.7 6.282E+03 5.921E+14 1.885E+00 1.122E+04 2.000E+05
 3.65064220E-01  41062.8 7.755E+03 7.092E+14 1.993E+00 1.135E+04 2.000E+05
 4.56950952E-01  42543.7 9.614E+03 8.501E+14 2.084E+00 1.141E+04 2.000E+05
 5.74567397E-01  44215.5 1.199E+04 1.021E+15 2.163E+00 1.145E+04 2.000E+05
 7.26678791E-01  46117.4 1.506E+04 1.231E+15 2.217E+00 1.137E+04 2.000E+05
 9.25445372E-01  48243.7 1.910E+04 1.493E+15 2.253E+00 1.127E+04 2.000E+05
 1.18808413E+00  50653.9 2.446E+04 1.823E+15 2.258E+00 1.112E+04 2.000E+05
 1.54174660E+00  53382.6 3.178E+04 2.247E+15 2.215E+00 1.073E+04 2.000E+05
 2.02318938E+00  56417.4 4.190E+04 2.804E+15 2.166E+00 1.049E+04 2.000E+05
 2.68445173E+00  59870.0 5.602E+04 3.533E+15 2.088E+00 1.006E+04 2.000E+05
 3.60285093E+00  63671.1 7.601E+04 4.508E+15 2.000E+00 9.658E+03 2.000E+05
 4.88119079E+00  67928.6 1.044E+05 5.801E+15 1.919E+00 9.265E+03 2.000E+05
 6.64947949E+00  72560.4 1.442E+05 7.504E+15 1.858E+00 8.964E+03 2.000E+05
 9.07853486E+00  77635.9 1.995E+05 9.705E+15 1.809E+00 8.732E+03 2.000E+05
 1.23800190E+01  83126.9 2.754E+05 1.251E+16 1.787E+00 8.594E+03 2.000E+05
 1.68226525E+01  89094.4 3.778E+05 1.601E+16 1.777E+00 8.571E+03 2.000E+05
 2.27183488E+01  95545.5 5.136E+05 2.030E+16 1.801E+00 8.614E+03 2.000E+05
 3.05005626E+01 102519.4 6.923E+05 2.550E+16 1.812E+00 8.700E+03 2.000E+05
 4.08336685E+01 110072.3 9.292E+05 3.188E+16 1.818E+00 8.659E+03 2.000E+05
 5.45007495E+01 118177.6 1.245E+06 3.977E+16 1.842E+00 8.428E+03 2.000E+05
PRADK 4.6882E+03
BEGIN                    ITERATION   6 COMPLETED
