EFF  37500.  GRAVITY 4.50000 LTE 
ITLE SDSC GRID  [-2.0]   VTURB 2.0 KM/S                                        
OPACITY IFOP 1 1 1 1 1 1 1 1 1 1 1 1 1 0 1 0 0 0 0 0
CONVECTION OFF  1.00 TURBULENCE OFF  0.00  0.00  0.00  0.00
BUNDANCE SCALE   0.01000 ABUNDANCE CHANGE 1 0.91100 2 0.08900
ABUNDANCE CHANGE  3 -10.88  4 -10.89  5  -9.44  6  -3.48  7  -3.99  8  -3.11
ABUNDANCE CHANGE  9  -7.48 10  -3.95 11  -5.71 12  -4.46 13  -5.57 14  -4.49
ABUNDANCE CHANGE 15  -6.59 16  -4.83 17  -6.54 18  -5.48 19  -6.82 20  -5.68
ABUNDANCE CHANGE 21  -8.94 22  -7.05 23  -8.04 24  -6.37 25  -6.65 26  -4.37
ABUNDANCE CHANGE 27  -7.12 28  -5.79 29  -7.83 30  -7.44 31  -9.16 32  -8.63
ABUNDANCE CHANGE 33  -9.67 34  -8.69 35  -9.41 36  -8.81 37  -9.44 38  -9.14
ABUNDANCE CHANGE 39  -9.80 40  -9.54 41 -10.62 42 -10.12 43 -20.00 44 -10.20
ABUNDANCE CHANGE 45 -10.92 46 -10.35 47 -11.10 48 -10.18 49 -10.58 50 -10.04
ABUNDANCE CHANGE 51 -11.04 52  -9.80 53 -10.53 54  -9.81 55 -10.92 56  -9.91
ABUNDANCE CHANGE 57 -10.82 58 -10.49 59 -11.33 60 -10.54 61 -20.00 62 -11.04
ABUNDANCE CHANGE 63 -11.53 64 -10.92 65 -11.94 66 -10.94 67 -11.78 68 -11.11
ABUNDANCE CHANGE 69 -12.04 70 -10.96 71 -11.28 72 -11.16 73 -11.91 74 -10.93
ABUNDANCE CHANGE 75 -11.77 76 -10.59 77 -10.69 78 -10.24 79 -11.03 80 -10.95
ABUNDANCE CHANGE 81 -11.14 82 -10.19 83 -11.33 84 -20.00 85 -20.00 86 -20.00
ABUNDANCE CHANGE 87 -20.00 88 -20.00 89 -20.00 90 -11.92 91 -20.00 92 -12.51
ABUNDANCE CHANGE 93 -20.00 94 -20.00 95 -20.00 96 -20.00 97 -20.00 98 -20.00
ABUNDANCE CHANGE 99 -20.00
EAD DECK6 64 RHOX,T,P,XNE,ABROSS,ACCRAD,VTURB
4.82971090E-06  23553.1 1.444E-01 2.265E+10 3.337E-01 1.748E+03 2.000E+05
5.30648845E-06  23570.1 1.586E-01 2.485E+10 3.337E-01 1.746E+03 2.000E+05
7.08088989E-06  23571.1 2.117E-01 3.306E+10 3.323E-01 1.768E+03 2.000E+05
9.46081228E-06  23572.1 2.827E-01 4.403E+10 3.311E-01 1.798E+03 2.000E+05
1.26507236E-05  23573.7 3.778E-01 5.869E+10 3.303E-01 1.824E+03 2.000E+05
1.69119207E-05  23613.9 5.047E-01 7.813E+10 3.300E-01 1.845E+03 2.000E+05
2.25960256E-05  23676.7 6.739E-01 1.039E+11 3.302E-01 1.873E+03 2.000E+05
3.01660362E-05  23749.6 8.990E-01 1.380E+11 3.308E-01 1.909E+03 2.000E+05
4.02319304E-05  23867.0 1.198E+00 1.828E+11 3.319E-01 1.934E+03 2.000E+05
5.36006979E-05  24008.3 1.595E+00 2.418E+11 3.334E-01 1.955E+03 2.000E+05
7.13387526E-05  24177.3 2.121E+00 3.192E+11 3.354E-01 1.982E+03 2.000E+05
9.48356022E-05  24372.5 2.817E+00 4.205E+11 3.379E-01 2.014E+03 2.000E+05
1.25920730E-04  24602.6 3.737E+00 5.526E+11 3.409E-01 2.037E+03 2.000E+05
1.66970622E-04  24861.0 4.951E+00 7.245E+11 3.444E-01 2.052E+03 2.000E+05
2.21094528E-04  25132.3 6.551E+00 9.484E+11 3.485E-01 2.065E+03 2.000E+05
2.92380442E-04  25430.9 8.659E+00 1.239E+12 3.530E-01 2.026E+03 2.000E+05
3.86144339E-04  25713.1 1.144E+01 1.619E+12 3.583E-01 2.006E+03 2.000E+05
5.09217285E-04  25989.1 1.508E+01 2.112E+12 3.644E-01 1.999E+03 2.000E+05
6.70405296E-04  26256.0 1.986E+01 2.752E+12 3.714E-01 2.013E+03 2.000E+05
8.81032215E-04  26516.4 2.609E+01 3.580E+12 3.794E-01 2.046E+03 2.000E+05
1.15562167E-03  26777.5 3.420E+01 4.648E+12 3.886E-01 2.095E+03 2.000E+05
1.51273567E-03  27046.1 4.474E+01 6.019E+12 3.989E-01 2.148E+03 2.000E+05
1.97603971E-03  27319.7 5.838E+01 7.775E+12 4.105E-01 2.214E+03 2.000E+05
2.57556369E-03  27601.4 7.599E+01 1.002E+13 4.236E-01 2.291E+03 2.000E+05
3.34933048E-03  27894.4 9.865E+01 1.287E+13 4.382E-01 2.377E+03 2.000E+05
4.34529106E-03  28183.5 1.277E+02 1.649E+13 4.545E-01 2.471E+03 2.000E+05
5.62417017E-03  28475.3 1.650E+02 2.107E+13 4.726E-01 2.560E+03 2.000E+05
7.26186583E-03  28753.6 2.125E+02 2.688E+13 4.929E-01 2.674E+03 2.000E+05
9.35225599E-03  29015.2 2.728E+02 3.420E+13 5.157E-01 2.820E+03 2.000E+05
1.20116748E-02  29252.3 3.492E+02 4.340E+13 5.415E-01 3.016E+03 2.000E+05
1.53835729E-02  29470.3 4.452E+02 5.491E+13 5.704E-01 3.273E+03 2.000E+05
1.96442641E-02  29684.3 5.653E+02 6.920E+13 6.030E-01 3.597E+03 2.000E+05
2.50098047E-02  29914.5 7.146E+02 8.679E+13 6.395E-01 3.980E+03 2.000E+05
3.17441325E-02  30178.7 8.993E+02 1.083E+14 6.806E-01 4.409E+03 2.000E+05
4.01680188E-02  30492.1 1.127E+03 1.342E+14 7.267E-01 4.869E+03 2.000E+05
5.06701328E-02  30866.0 1.405E+03 1.654E+14 7.786E-01 5.342E+03 2.000E+05
6.37218341E-02  31311.5 1.745E+03 2.025E+14 8.366E-01 5.810E+03 2.000E+05
7.98949330E-02  31835.2 2.159E+03 2.466E+14 9.016E-01 6.252E+03 2.000E+05
9.98786328E-02  32440.7 2.661E+03 2.987E+14 9.744E-01 6.657E+03 2.000E+05
1.24488622E-01  33131.0 3.271E+03 3.600E+14 1.057E+00 7.029E+03 2.000E+05
1.54676441E-01  33908.4 4.008E+03 4.318E+14 1.151E+00 7.352E+03 2.000E+05
1.91566942E-01  34768.1 4.898E+03 5.160E+14 1.258E+00 7.632E+03 2.000E+05
2.36528234E-01  35709.4 5.971E+03 6.144E+14 1.378E+00 7.856E+03 2.000E+05
2.91295786E-01  36728.6 7.268E+03 7.298E+14 1.508E+00 8.003E+03 2.000E+05
3.58138262E-01  37830.6 8.844E+03 8.655E+14 1.644E+00 8.105E+03 2.000E+05
4.40143167E-01  39030.1 1.077E+04 1.026E+15 1.780E+00 8.156E+03 2.000E+05
5.41745976E-01  40348.1 1.315E+04 1.216E+15 1.904E+00 8.151E+03 2.000E+05
6.69513096E-01  41815.7 1.616E+04 1.446E+15 2.003E+00 8.087E+03 2.000E+05
8.32983597E-01  43458.1 2.001E+04 1.727E+15 2.069E+00 8.021E+03 2.000E+05
1.04629728E+00  45354.5 2.506E+04 2.076E+15 2.094E+00 7.904E+03 2.000E+05
1.32994182E+00  47511.1 3.181E+04 2.519E+15 2.084E+00 7.747E+03 2.000E+05
1.71301201E+00  49985.3 4.099E+04 3.088E+15 2.043E+00 7.573E+03 2.000E+05
2.23884904E+00  52820.6 5.370E+04 3.831E+15 1.969E+00 7.326E+03 2.000E+05
2.97005061E+00  56037.4 7.157E+04 4.815E+15 1.881E+00 7.035E+03 2.000E+05
3.99510954E+00  59645.2 9.696E+04 6.129E+15 1.784E+00 6.694E+03 2.000E+05
5.43484374E+00  63641.5 1.331E+05 7.886E+15 1.697E+00 6.364E+03 2.000E+05
7.44536043E+00  68005.8 1.842E+05 1.021E+16 1.627E+00 6.086E+03 2.000E+05
1.02297317E+01  72765.9 2.556E+05 1.325E+16 1.573E+00 5.870E+03 2.000E+05
1.40474064E+01  77910.8 3.542E+05 1.714E+16 1.539E+00 5.732E+03 2.000E+05
1.92227883E+01  83508.9 4.885E+05 2.206E+16 1.521E+00 5.659E+03 2.000E+05
2.61705939E+01  89546.3 6.689E+05 2.817E+16 1.517E+00 5.640E+03 2.000E+05
3.54229168E+01  96094.2 9.092E+05 3.568E+16 1.525E+00 5.667E+03 2.000E+05
4.76557763E+01 103152.9 1.226E+06 4.483E+16 1.541E+00 5.710E+03 2.000E+05
6.37955400E+01 110754.7 1.646E+06 5.603E+16 1.559E+00 5.592E+03 2.000E+05
RADK 3.6880E+03
EGIN                    ITERATION   6 COMPLETED
