TEFF  12250.  GRAVITY 4.50000 LTE
TITLE SDSC GRID  [+0.0]   VTURB 2.0 KM/S    L/H 1.25
 OPACITY IFOP 1 1 1 1 1 1 1 1 1 1 1 1 1 0 1 0 0 0 0 0
 CONVECTION OFF  1.00 TURBULENCE OFF  0.00  0.00  0.00  0.00
ABUNDANCE SCALE   1.00000 ABUNDANCE CHANGE 1 0.91100 2 0.08900
 ABUNDANCE CHANGE  3 -10.88  4 -10.89  5  -9.44  6  -3.48  7  -3.99  8  -3.11
 ABUNDANCE CHANGE  9  -7.48 10  -3.95 11  -5.71 12  -4.46 13  -5.57 14  -4.49
 ABUNDANCE CHANGE 15  -6.59 16  -4.83 17  -6.54 18  -5.48 19  -6.82 20  -5.68
 ABUNDANCE CHANGE 21  -8.94 22  -7.05 23  -8.04 24  -6.37 25  -6.65 26  -4.37
 ABUNDANCE CHANGE 27  -7.12 28  -5.79 29  -7.83 30  -7.44 31  -9.16 32  -8.63
 ABUNDANCE CHANGE 33  -9.67 34  -8.69 35  -9.41 36  -8.81 37  -9.44 38  -9.14
 ABUNDANCE CHANGE 39  -9.80 40  -9.54 41 -10.62 42 -10.12 43 -20.00 44 -10.20
 ABUNDANCE CHANGE 45 -10.92 46 -10.35 47 -11.10 48 -10.18 49 -10.58 50 -10.04
 ABUNDANCE CHANGE 51 -11.04 52  -9.80 53 -10.53 54  -9.81 55 -10.92 56  -9.91
 ABUNDANCE CHANGE 57 -10.82 58 -10.49 59 -11.33 60 -10.54 61 -20.00 62 -11.04
 ABUNDANCE CHANGE 63 -11.53 64 -10.92 65 -11.94 66 -10.94 67 -11.78 68 -11.11
 ABUNDANCE CHANGE 69 -12.04 70 -10.96 71 -11.28 72 -11.16 73 -11.91 74 -10.93
 ABUNDANCE CHANGE 75 -11.77 76 -10.59 77 -10.69 78 -10.24 79 -11.03 80 -10.95
 ABUNDANCE CHANGE 81 -11.14 82 -10.19 83 -11.33 84 -20.00 85 -20.00 86 -20.00
 ABUNDANCE CHANGE 87 -20.00 88 -20.00 89 -20.00 90 -11.92 91 -20.00 92 -12.51
 ABUNDANCE CHANGE 93 -20.00 94 -20.00 95 -20.00 96 -20.00 97 -20.00 98 -20.00
 ABUNDANCE CHANGE 99 -20.00
READ DECK6 64 RHOX,T,P,XNE,ABROSS,ACCRAD,VTURB
 4.04866411E-06   7297.3 1.272E-01 5.740E+10 3.294E-01 1.947E+02 2.000E+05
 5.38113233E-06   7368.7 1.691E-01 7.537E+10 3.382E-01 1.935E+02 2.000E+05
 7.11383509E-06   7412.2 2.236E-01 9.837E+10 3.464E-01 1.953E+02 2.000E+05
 9.35943477E-06   7475.1 2.941E-01 1.278E+11 3.580E-01 1.972E+02 2.000E+05
 1.22500375E-05   7539.2 3.850E-01 1.652E+11 3.715E-01 1.960E+02 2.000E+05
 1.59543995E-05   7607.9 5.014E-01 2.125E+11 3.876E-01 1.916E+02 2.000E+05
 2.06786966E-05   7678.2 6.499E-01 2.722E+11 4.061E-01 1.846E+02 2.000E+05
 2.66738793E-05   7748.6 8.384E-01 3.469E+11 4.279E-01 1.808E+02 2.000E+05
 3.42406913E-05   7819.8 1.076E+00 4.400E+11 4.533E-01 1.785E+02 2.000E+05
 4.37427664E-05   7891.9 1.375E+00 5.556E+11 4.825E-01 1.753E+02 2.000E+05
 5.56135890E-05   7964.1 1.748E+00 6.981E+11 5.164E-01 1.739E+02 2.000E+05
 7.03612501E-05   8037.1 2.212E+00 8.732E+11 5.558E-01 1.741E+02 2.000E+05
 8.85791997E-05   8111.3 2.785E+00 1.087E+12 6.015E-01 1.760E+02 2.000E+05
 1.10981318E-04   8188.6 3.490E+00 1.347E+12 6.534E-01 1.736E+02 2.000E+05
 1.38430679E-04   8265.9 4.353E+00 1.662E+12 7.124E-01 1.702E+02 2.000E+05
 1.71928882E-04   8341.3 5.407E+00 2.043E+12 7.802E-01 1.686E+02 2.000E+05
 2.12635378E-04   8415.0 6.687E+00 2.499E+12 8.578E-01 1.689E+02 2.000E+05
 2.61905460E-04   8486.9 8.237E+00 3.045E+12 9.468E-01 1.710E+02 2.000E+05
 3.21325150E-04   8556.5 1.011E+01 3.695E+12 1.049E+00 1.751E+02 2.000E+05
 3.92789804E-04   8625.9 1.235E+01 4.468E+12 1.164E+00 1.784E+02 2.000E+05
 4.78525663E-04   8691.9 1.505E+01 5.382E+12 1.295E+00 1.836E+02 2.000E+05
 5.81177194E-04   8757.9 1.828E+01 6.464E+12 1.444E+00 1.886E+02 2.000E+05
 7.03865141E-04   8822.4 2.213E+01 7.741E+12 1.612E+00 1.949E+02 2.000E+05
 8.50213554E-04   8885.2 2.673E+01 9.243E+12 1.804E+00 2.034E+02 2.000E+05
 1.02444436E-03   8947.2 3.220E+01 1.101E+13 2.023E+00 2.140E+02 2.000E+05
 1.23161751E-03   9011.6 3.871E+01 1.308E+13 2.269E+00 2.241E+02 2.000E+05
 1.47770026E-03   9074.2 4.643E+01 1.551E+13 2.549E+00 2.360E+02 2.000E+05
 1.76965137E-03   9135.7 5.560E+01 1.835E+13 2.867E+00 2.502E+02 2.000E+05
 2.11568520E-03   9196.3 6.645E+01 2.167E+13 3.227E+00 2.668E+02 2.000E+05
 2.52543503E-03   9257.0 7.929E+01 2.555E+13 3.635E+00 2.863E+02 2.000E+05
 3.01022566E-03   9317.5 9.448E+01 3.006E+13 4.098E+00 3.095E+02 2.000E+05
 3.58396320E-03   9384.9 1.124E+02 3.537E+13 4.615E+00 3.328E+02 2.000E+05
 4.26344918E-03   9455.3 1.337E+02 4.159E+13 5.197E+00 3.584E+02 2.000E+05
 5.06772145E-03   9529.2 1.588E+02 4.887E+13 5.859E+00 3.886E+02 2.000E+05
 6.01841122E-03   9610.3 1.885E+02 5.744E+13 6.615E+00 4.236E+02 2.000E+05
 7.14031388E-03   9701.9 2.235E+02 6.752E+13 7.481E+00 4.637E+02 2.000E+05
 8.46196538E-03   9807.6 2.646E+02 7.943E+13 8.475E+00 5.093E+02 2.000E+05
 1.00166326E-02   9929.9 3.130E+02 9.349E+13 9.610E+00 5.615E+02 2.000E+05
 1.18492419E-02  10078.5 3.698E+02 1.102E+14 1.084E+01 6.111E+02 2.000E+05
 1.40231319E-02  10248.3 4.372E+02 1.300E+14 1.215E+01 6.600E+02 2.000E+05
 1.66165437E-02  10444.3 5.174E+02 1.534E+14 1.354E+01 7.123E+02 2.000E+05
 1.97311777E-02  10672.8 6.136E+02 1.812E+14 1.497E+01 7.654E+02 2.000E+05
 2.35104636E-02  10940.7 7.301E+02 2.141E+14 1.635E+01 8.166E+02 2.000E+05
 2.81639823E-02  11256.9 8.734E+02 2.532E+14 1.755E+01 8.606E+02 2.000E+05
 3.40471436E-02  11624.6 1.054E+03 3.003E+14 1.822E+01 8.725E+02 2.000E+05
 4.16769884E-02  12049.7 1.289E+03 3.583E+14 1.858E+01 8.741E+02 2.000E+05
 5.17399486E-02  12543.1 1.598E+03 4.308E+14 1.863E+01 8.688E+02 2.000E+05
 6.53236361E-02  13112.5 2.016E+03 5.233E+14 1.819E+01 8.396E+02 2.000E+05
 8.39624528E-02  13756.2 2.590E+03 6.440E+14 1.760E+01 8.076E+02 2.000E+05
 1.09763040E-01  14496.0 3.386E+03 8.025E+14 1.691E+01 7.721E+02 2.000E+05
 1.45523169E-01  15321.9 4.490E+03 1.012E+15 1.632E+01 7.371E+02 2.000E+05
 1.94579408E-01  16240.4 6.006E+03 1.288E+15 1.598E+01 7.106E+02 2.000E+05
 2.60747461E-01  17236.6 8.052E+03 1.644E+15 1.592E+01 6.967E+02 2.000E+05
 3.49161686E-01  18332.8 1.079E+04 2.092E+15 1.591E+01 6.877E+02 2.000E+05
 4.66612894E-01  19519.5 1.442E+04 2.646E+15 1.602E+01 6.864E+02 2.000E+05
 6.22321956E-01  20824.6 1.924E+04 3.322E+15 1.610E+01 6.856E+02 2.000E+05
 8.28401899E-01  22240.8 2.561E+04 4.151E+15 1.627E+01 6.900E+02 2.000E+05
 1.09976579E+00  23790.8 3.401E+04 5.158E+15 1.652E+01 6.960E+02 2.000E+05
 1.45358323E+00  25466.8 4.494E+04 6.373E+15 1.701E+01 7.122E+02 2.000E+05
 1.91129273E+00  27290.0 5.909E+04 7.821E+15 1.755E+01 7.273E+02 2.000E+05
 2.49772672E+00  29258.9 7.720E+04 9.532E+15 1.842E+01 7.538E+02 2.000E+05
 3.24119860E+00  31391.4 1.001E+05 1.153E+16 1.942E+01 7.832E+02 2.000E+05
 4.16388680E+00  33696.6 1.286E+05 1.379E+16 2.124E+01 8.327E+02 2.000E+05
 5.28969708E+00  36177.9 1.632E+05 1.632E+16 2.320E+01 8.233E+02 2.000E+05
PRADK 3.0548E+01
BEGIN                    ITERATION  10 COMPLETED
