EFF   8000.  GRAVITY 4.00000 LTE 
ITLE SDSC GRID  [-1.5]   VTURB 2.0 KM/S    L/H 1.25                            
OPACITY IFOP 1 1 1 1 1 1 1 1 1 1 1 1 1 0 1 0 0 0 0 0
CONVECTION ON   1.25 TURBULENCE OFF  0.00  0.00  0.00  0.00
BUNDANCE SCALE   0.03162 ABUNDANCE CHANGE 1 0.91100 2 0.08900
ABUNDANCE CHANGE  3 -10.88  4 -10.89  5  -9.44  6  -3.48  7  -3.99  8  -3.11
ABUNDANCE CHANGE  9  -7.48 10  -3.95 11  -5.71 12  -4.46 13  -5.57 14  -4.49
ABUNDANCE CHANGE 15  -6.59 16  -4.83 17  -6.54 18  -5.48 19  -6.82 20  -5.68
ABUNDANCE CHANGE 21  -8.94 22  -7.05 23  -8.04 24  -6.37 25  -6.65 26  -4.37
ABUNDANCE CHANGE 27  -7.12 28  -5.79 29  -7.83 30  -7.44 31  -9.16 32  -8.63
ABUNDANCE CHANGE 33  -9.67 34  -8.69 35  -9.41 36  -8.81 37  -9.44 38  -9.14
ABUNDANCE CHANGE 39  -9.80 40  -9.54 41 -10.62 42 -10.12 43 -20.00 44 -10.20
ABUNDANCE CHANGE 45 -10.92 46 -10.35 47 -11.10 48 -10.18 49 -10.58 50 -10.04
ABUNDANCE CHANGE 51 -11.04 52  -9.80 53 -10.53 54  -9.81 55 -10.92 56  -9.91
ABUNDANCE CHANGE 57 -10.82 58 -10.49 59 -11.33 60 -10.54 61 -20.00 62 -11.04
ABUNDANCE CHANGE 63 -11.53 64 -10.92 65 -11.94 66 -10.94 67 -11.78 68 -11.11
ABUNDANCE CHANGE 69 -12.04 70 -10.96 71 -11.28 72 -11.16 73 -11.91 74 -10.93
ABUNDANCE CHANGE 75 -11.77 76 -10.59 77 -10.69 78 -10.24 79 -11.03 80 -10.95
ABUNDANCE CHANGE 81 -11.14 82 -10.19 83 -11.33 84 -20.00 85 -20.00 86 -20.00
ABUNDANCE CHANGE 87 -20.00 88 -20.00 89 -20.00 90 -11.92 91 -20.00 92 -12.51
ABUNDANCE CHANGE 93 -20.00 94 -20.00 95 -20.00 96 -20.00 97 -20.00 98 -20.00
ABUNDANCE CHANGE 99 -20.00
EAD DECK6 72 RHOX,T,P,XNE,ABROSS,ACCRAD,VTURB
2.16078777E-05   5261.1 2.161E-01 4.781E+09 6.171E-03 4.473E-01 2.000E+05 0.000E+00 0.000E+00
2.90374221E-05   5282.5 2.904E-01 5.904E+09 5.801E-03 4.450E-01 2.000E+05 0.000E+00 0.000E+00
3.97282001E-05   5295.6 3.973E-01 7.184E+09 5.295E-03 4.393E-01 2.000E+05 0.000E+00 0.000E+00
5.51449752E-05   5318.6 5.514E-01 9.048E+09 4.964E-03 4.346E-01 2.000E+05 0.000E+00 0.000E+00
7.70038540E-05   5344.9 7.700E-01 1.153E+10 4.712E-03 4.296E-01 2.000E+05 0.000E+00 0.000E+00
1.07368783E-04   5376.5 1.074E+00 1.488E+10 4.572E-03 4.240E-01 2.000E+05 0.000E+00 0.000E+00
1.48592839E-04   5412.6 1.486E+00 1.936E+10 4.539E-03 4.163E-01 2.000E+05 0.000E+00 0.000E+00
2.03346967E-04   5452.0 2.034E+00 2.522E+10 4.600E-03 4.083E-01 2.000E+05 0.000E+00 0.000E+00
2.74710047E-04   5493.9 2.748E+00 3.280E+10 4.752E-03 4.000E-01 2.000E+05 0.000E+00 0.000E+00
3.66099995E-04   5536.6 3.662E+00 4.240E+10 4.982E-03 3.916E-01 2.000E+05 0.000E+00 0.000E+00
4.81538359E-04   5579.7 4.817E+00 5.439E+10 5.291E-03 3.835E-01 2.000E+05 0.000E+00 0.000E+00
6.25798267E-04   5621.8 6.259E+00 6.908E+10 5.670E-03 3.761E-01 2.000E+05 0.000E+00 0.000E+00
8.04720301E-04   5662.5 8.049E+00 8.680E+10 6.113E-03 3.700E-01 2.000E+05 0.000E+00 0.000E+00
1.02548813E-03   5701.2 1.026E+01 1.079E+11 6.620E-03 3.658E-01 2.000E+05 0.000E+00 0.000E+00
1.29669354E-03   5738.3 1.297E+01 1.329E+11 7.203E-03 3.641E-01 2.000E+05 0.000E+00 0.000E+00
1.62834146E-03   5774.0 1.629E+01 1.625E+11 7.872E-03 3.650E-01 2.000E+05 0.000E+00 0.000E+00
2.03193232E-03   5809.0 2.032E+01 1.974E+11 8.649E-03 3.685E-01 2.000E+05 0.000E+00 0.000E+00
2.52030692E-03   5843.8 2.521E+01 2.387E+11 9.559E-03 3.743E-01 2.000E+05 0.000E+00 0.000E+00
3.10773871E-03   5878.8 3.108E+01 2.878E+11 1.063E-02 3.822E-01 2.000E+05 0.000E+00 0.000E+00
3.80995147E-03   5914.5 3.810E+01 3.461E+11 1.189E-02 3.925E-01 2.000E+05 0.000E+00 0.000E+00
4.64461591E-03   5950.9 4.645E+01 4.153E+11 1.337E-02 4.045E-01 2.000E+05 0.000E+00 0.000E+00
5.63202808E-03   5987.8 5.632E+01 4.970E+11 1.511E-02 4.180E-01 2.000E+05 0.000E+00 0.000E+00
6.79577478E-03   6025.1 6.796E+01 5.934E+11 1.712E-02 4.328E-01 2.000E+05 0.000E+00 0.000E+00
8.16426763E-03   6062.3 8.165E+01 7.058E+11 1.942E-02 4.484E-01 2.000E+05 0.000E+00 0.000E+00
9.77277532E-03   6098.7 9.773E+01 8.359E+11 2.203E-02 4.650E-01 2.000E+05 0.000E+00 0.000E+00
1.16669262E-02   6133.1 1.167E+02 9.835E+11 2.490E-02 4.829E-01 2.000E+05 0.000E+00 0.000E+00
1.39067530E-02   6164.8 1.391E+02 1.149E+12 2.801E-02 5.022E-01 2.000E+05 0.000E+00 0.000E+00
1.65708308E-02   6192.8 1.657E+02 1.331E+12 3.130E-02 5.235E-01 2.000E+05 0.000E+00 0.000E+00
1.97580438E-02   6217.8 1.976E+02 1.531E+12 3.482E-02 5.477E-01 2.000E+05 0.000E+00 0.000E+00
2.35858713E-02   6240.8 2.359E+02 1.755E+12 3.861E-02 5.753E-01 2.000E+05 0.000E+00 0.000E+00
2.81910730E-02   6262.5 2.819E+02 2.007E+12 4.279E-02 6.067E-01 2.000E+05 0.000E+00 0.000E+00
3.37300361E-02   6284.0 3.373E+02 2.295E+12 4.747E-02 6.426E-01 2.000E+05 0.000E+00 0.000E+00
4.03803218E-02   6306.0 4.038E+02 2.627E+12 5.278E-02 6.837E-01 2.000E+05 0.000E+00 0.000E+00
4.83486342E-02   6328.4 4.835E+02 3.008E+12 5.879E-02 7.297E-01 2.000E+05 0.000E+00 0.000E+00
5.78781038E-02   6351.4 5.788E+02 3.447E+12 6.562E-02 7.814E-01 2.000E+05 0.000E+00 0.000E+00
6.92554854E-02   6375.1 6.925E+02 3.953E+12 7.335E-02 8.395E-01 2.000E+05 0.000E+00 0.000E+00
8.28145660E-02   6399.6 8.281E+02 4.538E+12 8.216E-02 9.052E-01 2.000E+05 0.000E+00 0.000E+00
9.89485440E-02   6424.9 9.894E+02 5.214E+12 9.215E-02 9.795E-01 2.000E+05 0.000E+00 0.000E+00
1.18096683E-01   6452.0 1.181E+03 6.005E+12 1.037E-01 1.067E+00 2.000E+05 0.000E+00 0.000E+00
1.40760760E-01   6480.5 1.407E+03 6.928E+12 1.170E-01 1.167E+00 2.000E+05 0.000E+00 0.000E+00
1.67519970E-01   6511.1 1.675E+03 8.013E+12 1.323E-01 1.284E+00 2.000E+05 0.000E+00 0.000E+00
1.98989790E-01   6544.6 1.990E+03 9.304E+12 1.504E-01 1.424E+00 2.000E+05 0.000E+00 0.000E+00
2.35817261E-01   6582.0 2.358E+03 1.086E+13 1.719E-01 1.593E+00 2.000E+05 0.000E+00 0.000E+00
2.78609038E-01   6625.0 2.786E+03 1.279E+13 1.981E-01 1.802E+00 2.000E+05 0.000E+00 0.000E+00
3.27835409E-01   6675.8 3.278E+03 1.521E+13 2.310E-01 2.068E+00 2.000E+05 0.000E+00 0.000E+00
3.83739857E-01   6736.2 3.837E+03 1.834E+13 2.732E-01 2.414E+00 2.000E+05 0.000E+00 0.000E+00
4.46289627E-01   6808.3 4.462E+03 2.244E+13 3.282E-01 2.872E+00 2.000E+05 0.000E+00 0.000E+00
5.15027500E-01   6894.9 5.149E+03 2.796E+13 4.024E-01 3.499E+00 2.000E+05 8.648E-12 0.000E+00
5.88564019E-01   7006.5 5.884E+03 3.602E+13 5.117E-01 4.441E+00 2.000E+05 4.077E-10 0.000E+00
6.64257750E-01   7148.9 6.639E+03 4.812E+13 6.795E-01 5.919E+00 2.000E+05 1.188E-08 0.000E+00
7.36356792E-01   7365.1 7.358E+03 7.033E+13 1.004E+00 8.801E+00 2.000E+05 1.967E-06 6.487E+02
7.99773913E-01   7616.2 7.992E+03 1.046E+14 1.543E+00 1.340E+01 2.000E+05 1.023E-03 1.447E+03
8.54347029E-01   7879.9 8.537E+03 1.531E+14 2.379E+00 1.981E+01 2.000E+05 3.774E-02 2.714E+03
9.02979268E-01   8111.9 9.023E+03 2.098E+14 3.451E+00 2.662E+01 2.000E+05 9.574E-02 4.569E+03
9.48945636E-01   8321.7 9.481E+03 2.746E+14 4.782E+00 3.384E+01 2.000E+05 1.475E-01 8.742E+03
9.92698800E-01   8559.8 9.917E+03 3.641E+14 6.821E+00 4.528E+01 2.000E+05 1.793E-01 2.091E+04
1.03298329E+00   8838.0 1.032E+04 4.918E+14 1.010E+01 6.666E+01 2.000E+05 1.863E-01 6.266E+04
1.06641755E+00   9264.3 1.065E+04 7.351E+14 1.756E+01 1.200E+02 2.000E+05 1.788E-01 1.772E+05
1.09140689E+00   9783.2 1.089E+04 1.107E+15 3.130E+01 2.049E+02 2.000E+05 1.706E-01 3.043E+05
1.11110241E+00  10282.3 1.109E+04 1.523E+15 4.902E+01 2.561E+02 2.000E+05 3.539E-01 5.449E+05
1.12974683E+00  10653.9 1.127E+04 1.850E+15 6.379E+01 2.452E+02 2.000E+05 5.096E-01 6.336E+05
1.14960097E+00  11008.3 1.146E+04 2.151E+15 7.746E+01 2.367E+02 2.000E+05 6.009E-01 6.870E+05
1.17211215E+00  11364.4 1.168E+04 2.427E+15 8.837E+01 2.433E+02 2.000E+05 6.307E-01 7.170E+05
1.19918087E+00  11795.3 1.195E+04 2.701E+15 9.522E+01 2.976E+02 2.000E+05 6.190E-01 7.707E+05
1.23425606E+00  12481.7 1.228E+04 2.968E+15 9.298E+01 4.447E+02 2.000E+05 3.690E-01 6.868E+05
1.28987652E+00  13697.6 1.281E+04 3.090E+15 6.686E+01 4.459E+02 2.000E+05 7.765E-02 2.022E+05
1.40229257E+00  15133.5 1.390E+04 3.127E+15 4.171E+01 3.022E+02 2.000E+05 6.392E-02 2.987E+04
1.62993798E+00  16557.3 1.612E+04 3.362E+15 2.965E+01 2.186E+02 2.000E+05 5.656E-02 1.182E+04
2.02892135E+00  18100.1 2.003E+04 3.889E+15 2.412E+01 1.829E+02 2.000E+05 2.401E-06 8.288E+03
2.64584509E+00  19681.6 2.609E+04 4.726E+15 2.180E+01 1.666E+02 2.000E+05 1.127E-07 3.184E+03
3.53647865E+00  21369.1 3.486E+04 5.857E+15 2.054E+01 1.570E+02 2.000E+05 7.050E-09 0.000E+00
4.76347814E+00  23105.3 4.694E+04 7.317E+15 2.021E+01 1.496E+02 2.000E+05 0.000E+00 0.000E+00
RADK 5.4625E+00
EGIN                    ITERATION  15 COMPLETED
