TEFF   4250.  GRAVITY 5.00000 LTE 
TITLE SDSC GRID  [+0.3]   VTURB 2.0 KM/S    L/H 1.25                            
 OPACITY IFOP 1 1 1 1 1 1 1 1 1 1 1 1 1 0 1 0 0 0 0 0
 CONVECTION ON   1.25 TURBULENCE OFF  0.00  0.00  0.00  0.00
ABUNDANCE SCALE   1.99526 ABUNDANCE CHANGE 1 0.91100 2 0.08900
 ABUNDANCE CHANGE  3 -10.88  4 -10.89  5  -9.44  6  -3.48  7  -3.99  8  -3.11
 ABUNDANCE CHANGE  9  -7.48 10  -3.95 11  -5.71 12  -4.46 13  -5.57 14  -4.49
 ABUNDANCE CHANGE 15  -6.59 16  -4.83 17  -6.54 18  -5.48 19  -6.82 20  -5.68
 ABUNDANCE CHANGE 21  -8.94 22  -7.05 23  -8.04 24  -6.37 25  -6.65 26  -4.37
 ABUNDANCE CHANGE 27  -7.12 28  -5.79 29  -7.83 30  -7.44 31  -9.16 32  -8.63
 ABUNDANCE CHANGE 33  -9.67 34  -8.69 35  -9.41 36  -8.81 37  -9.44 38  -9.14
 ABUNDANCE CHANGE 39  -9.80 40  -9.54 41 -10.62 42 -10.12 43 -20.00 44 -10.20
 ABUNDANCE CHANGE 45 -10.92 46 -10.35 47 -11.10 48 -10.18 49 -10.58 50 -10.04
 ABUNDANCE CHANGE 51 -11.04 52  -9.80 53 -10.53 54  -9.81 55 -10.92 56  -9.91
 ABUNDANCE CHANGE 57 -10.82 58 -10.49 59 -11.33 60 -10.54 61 -20.00 62 -11.04
 ABUNDANCE CHANGE 63 -11.53 64 -10.92 65 -11.94 66 -10.94 67 -11.78 68 -11.11
 ABUNDANCE CHANGE 69 -12.04 70 -10.96 71 -11.28 72 -11.16 73 -11.91 74 -10.93
 ABUNDANCE CHANGE 75 -11.77 76 -10.59 77 -10.69 78 -10.24 79 -11.03 80 -10.95
 ABUNDANCE CHANGE 81 -11.14 82 -10.19 83 -11.33 84 -20.00 85 -20.00 86 -20.00
 ABUNDANCE CHANGE 87 -20.00 88 -20.00 89 -20.00 90 -11.92 91 -20.00 92 -12.51
 ABUNDANCE CHANGE 93 -20.00 94 -20.00 95 -20.00 96 -20.00 97 -20.00 98 -20.00
 ABUNDANCE CHANGE 99 -20.00
READ DECK6 72 RHOX,T,P,XNE,ABROSS,ACCRAD,VTURB
 8.87332671E-04   2823.1 8.873E+01 2.676E+09 1.503E-04 3.794E-02 2.000E+05 0.000E+00 0.000E+00
 1.15360501E-03   2847.5 1.154E+02 3.439E+09 1.838E-04 3.838E-02 2.000E+05 0.000E+00 0.000E+00
 1.44715998E-03   2868.9 1.447E+02 4.280E+09 2.203E-04 3.825E-02 2.000E+05 0.000E+00 0.000E+00
 1.77565121E-03   2889.6 1.776E+02 5.225E+09 2.612E-04 3.803E-02 2.000E+05 0.000E+00 0.000E+00
 2.14678834E-03   2908.9 2.147E+02 6.285E+09 3.071E-04 3.752E-02 2.000E+05 0.000E+00 0.000E+00
 2.56913534E-03   2928.1 2.569E+02 7.497E+09 3.589E-04 3.704E-02 2.000E+05 0.000E+00 0.000E+00
 3.05193836E-03   2947.5 3.052E+02 8.890E+09 4.180E-04 3.653E-02 2.000E+05 0.000E+00 0.000E+00
 3.60616423E-03   2965.8 3.606E+02 1.047E+10 4.846E-04 3.582E-02 2.000E+05 0.000E+00 0.000E+00
 4.24400203E-03   2984.4 4.244E+02 1.230E+10 5.612E-04 3.515E-02 2.000E+05 0.000E+00 0.000E+00
 4.97869186E-03   3003.3 4.979E+02 1.442E+10 6.495E-04 3.460E-02 2.000E+05 0.000E+00 0.000E+00
 5.82531655E-03   3022.6 5.825E+02 1.687E+10 7.515E-04 3.411E-02 2.000E+05 0.000E+00 0.000E+00
 6.80131180E-03   3041.5 6.801E+02 1.969E+10 8.692E-04 3.350E-02 2.000E+05 0.000E+00 0.000E+00
 7.92738590E-03   3060.4 7.927E+02 2.294E+10 1.004E-03 3.297E-02 2.000E+05 0.000E+00 0.000E+00
 9.22825396E-03   3079.3 9.228E+02 2.670E+10 1.158E-03 3.253E-02 2.000E+05 0.000E+00 0.000E+00
 1.07330001E-02   3097.7 1.073E+03 3.101E+10 1.334E-03 3.205E-02 2.000E+05 0.000E+00 0.000E+00
 1.24758397E-02   3115.7 1.248E+03 3.597E+10 1.536E-03 3.160E-02 2.000E+05 0.000E+00 0.000E+00
 1.44954109E-02   3133.9 1.450E+03 4.171E+10 1.767E-03 3.135E-02 2.000E+05 0.000E+00 0.000E+00
 1.68361895E-02   3152.1 1.684E+03 4.834E+10 2.033E-03 3.127E-02 2.000E+05 0.000E+00 0.000E+00
 1.95497051E-02   3170.3 1.955E+03 5.599E+10 2.338E-03 3.126E-02 2.000E+05 0.000E+00 0.000E+00
 2.26963312E-02   3188.3 2.270E+03 6.480E+10 2.688E-03 3.127E-02 2.000E+05 0.000E+00 0.000E+00
 2.63480511E-02   3206.1 2.635E+03 7.496E+10 3.087E-03 3.142E-02 2.000E+05 0.000E+00 0.000E+00
 3.05886583E-02   3223.9 3.059E+03 8.669E+10 3.544E-03 3.169E-02 2.000E+05 0.000E+00 0.000E+00
 3.55178931E-02   3241.2 3.552E+03 1.001E+11 4.064E-03 3.191E-02 2.000E+05 0.000E+00 0.000E+00
 4.12514166E-02   3258.5 4.125E+03 1.157E+11 4.659E-03 3.230E-02 2.000E+05 0.000E+00 0.000E+00
 4.79203674E-02   3276.0 4.792E+03 1.336E+11 5.342E-03 3.288E-02 2.000E+05 0.000E+00 0.000E+00
 5.56764960E-02   3293.7 5.568E+03 1.544E+11 6.125E-03 3.365E-02 2.000E+05 0.000E+00 0.000E+00
 6.46959509E-02   3311.6 6.470E+03 1.785E+11 7.024E-03 3.460E-02 2.000E+05 0.000E+00 0.000E+00
 7.51850472E-02   3329.4 7.519E+03 2.062E+11 8.053E-03 3.562E-02 2.000E+05 0.000E+00 0.000E+00
 8.73895214E-02   3347.1 8.739E+03 2.382E+11 9.226E-03 3.683E-02 2.000E+05 0.000E+00 0.000E+00
 1.01601709E-01   3364.8 1.016E+04 2.751E+11 1.056E-02 3.821E-02 2.000E+05 0.000E+00 0.000E+00
 1.18178269E-01   3382.2 1.182E+04 3.176E+11 1.206E-02 3.950E-02 2.000E+05 0.000E+00 0.000E+00
 1.37530732E-01   3399.8 1.375E+04 3.668E+11 1.378E-02 4.113E-02 2.000E+05 0.000E+00 0.000E+00
 1.60122548E-01   3417.4 1.601E+04 4.238E+11 1.574E-02 4.311E-02 2.000E+05 0.000E+00 0.000E+00
 1.86492897E-01   3435.2 1.865E+04 4.897E+11 1.798E-02 4.546E-02 2.000E+05 0.000E+00 0.000E+00
 2.17263241E-01   3453.5 2.173E+04 5.662E+11 2.056E-02 4.822E-02 2.000E+05 0.000E+00 0.000E+00
 2.53145589E-01   3472.2 2.531E+04 6.552E+11 2.352E-02 5.139E-02 2.000E+05 0.000E+00 0.000E+00
 2.94957729E-01   3491.7 2.950E+04 7.587E+11 2.692E-02 5.487E-02 2.000E+05 0.000E+00 0.000E+00
 3.43690292E-01   3511.7 3.437E+04 8.792E+11 3.079E-02 5.858E-02 2.000E+05 0.000E+00 0.000E+00
 4.00496832E-01   3532.9 4.005E+04 1.021E+12 3.524E-02 6.267E-02 2.000E+05 0.000E+00 0.000E+00
 4.66575089E-01   3556.1 4.666E+04 1.187E+12 4.047E-02 6.738E-02 2.000E+05 0.000E+00 0.000E+00
 5.43175446E-01   3581.6 5.432E+04 1.385E+12 4.664E-02 7.279E-02 2.000E+05 0.000E+00 0.000E+00
 6.31628391E-01   3609.8 6.316E+04 1.621E+12 5.397E-02 7.903E-02 2.000E+05 0.000E+00 0.000E+00
 7.33290043E-01   3641.4 7.333E+04 1.903E+12 6.279E-02 8.632E-02 2.000E+05 0.000E+00 0.000E+00
 8.49441358E-01   3677.3 8.494E+04 2.245E+12 7.351E-02 9.482E-02 2.000E+05 0.000E+00 0.000E+00
 9.81390756E-01   3717.2 9.814E+04 2.659E+12 8.651E-02 1.049E-01 2.000E+05 0.000E+00 0.000E+00
 1.13037715E+00   3763.7 1.130E+05 3.175E+12 1.027E-01 1.177E-01 2.000E+05 2.279E-05 0.000E+00
 1.29394919E+00   3834.9 1.294E+05 3.930E+12 1.273E-01 1.344E-01 2.000E+05 1.134E-03 0.000E+00
 1.46983766E+00   3906.3 1.470E+05 4.848E+12 1.572E-01 1.517E-01 2.000E+05 5.521E-03 0.000E+00
 1.66195716E+00   3969.7 1.662E+05 5.886E+12 1.902E-01 1.703E-01 2.000E+05 1.149E-02 0.000E+00
 1.87343227E+00   4037.8 1.873E+05 7.192E+12 2.316E-01 1.950E-01 2.000E+05 1.784E-02 1.278E+04
 2.10252979E+00   4120.8 2.103E+05 8.992E+12 2.884E-01 2.279E-01 2.000E+05 2.800E-02 3.147E+04
 2.34561240E+00   4217.7 2.346E+05 1.147E+13 3.650E-01 2.685E-01 2.000E+05 4.109E-02 3.588E+04
 2.60156369E+00   4321.2 2.602E+05 1.470E+13 4.623E-01 3.155E-01 2.000E+05 5.798E-02 3.753E+04
 2.87026318E+00   4436.3 2.870E+05 1.905E+13 5.884E-01 3.713E-01 2.000E+05 8.233E-02 3.870E+04
 3.15269083E+00   4558.4 3.153E+05 2.467E+13 7.441E-01 4.354E-01 2.000E+05 1.099E-01 4.149E+04
 3.45085323E+00   4694.9 3.451E+05 3.217E+13 9.394E-01 5.148E-01 2.000E+05 1.390E-01 5.143E+04
 3.76519214E+00   4854.8 3.765E+05 4.245E+13 1.187E+00 6.103E-01 2.000E+05 1.675E-01 6.060E+04
 4.09929021E+00   5031.9 4.099E+05 5.560E+13 1.475E+00 7.084E-01 2.000E+05 2.075E-01 6.580E+04
 4.46346656E+00   5227.4 4.463E+05 7.179E+13 1.780E+00 8.013E-01 2.000E+05 2.476E-01 7.016E+04
 4.87085402E+00   5446.3 4.871E+05 9.146E+13 2.097E+00 8.963E-01 2.000E+05 2.895E-01 7.422E+04
 5.33856754E+00   5694.1 5.339E+05 1.157E+14 2.413E+00 9.813E-01 2.000E+05 3.195E-01 7.638E+04
 5.88049925E+00   5970.6 5.880E+05 1.482E+14 2.778E+00 1.054E+00 2.000E+05 3.714E-01 7.443E+04
 6.49778210E+00   6260.9 6.498E+05 1.990E+14 3.332E+00 1.132E+00 2.000E+05 4.423E-01 7.370E+04
 7.16204534E+00   6557.5 7.162E+05 2.860E+14 4.272E+00 1.258E+00 2.000E+05 5.157E-01 8.245E+04
 7.83094065E+00   6853.6 7.831E+05 4.306E+14 5.796E+00 1.398E+00 2.000E+05 6.068E-01 8.994E+04
 8.48788060E+00   7126.2 8.488E+05 6.405E+14 7.847E+00 1.474E+00 2.000E+05 6.968E-01 9.264E+04
 9.13580914E+00   7381.8 9.136E+05 9.303E+14 1.056E+01 1.542E+00 2.000E+05 7.631E-01 9.338E+04
 9.78633519E+00   7617.9 9.786E+05 1.306E+15 1.386E+01 1.576E+00 2.000E+05 8.175E-01 9.393E+04
 1.04496590E+01   7846.7 1.045E+06 1.797E+15 1.804E+01 1.602E+00 2.000E+05 8.542E-01 9.256E+04
 1.11379116E+01   8060.5 1.114E+06 2.401E+15 2.295E+01 1.610E+00 2.000E+05 8.887E-01 9.277E+04
 1.18594623E+01   8276.9 1.186E+06 3.185E+15 2.914E+01 1.602E+00 2.000E+05 9.093E-01 8.930E+04
 1.26250198E+01   8475.2 1.262E+06 4.099E+15 3.619E+01 1.686E+00 2.000E+05 9.243E-01 8.911E+04
PRADK 4.3241E-01
BEGIN                    ITERATION  15 COMPLETED
