TEFF   7500.  GRAVITY 2.50000 LTE
TITLE SDSC GRID  [+0.5]   VTURB 2.0 KM/S    L/H 1.25
 OPACITY IFOP 1 1 1 1 1 1 1 1 1 1 1 1 1 0 1 0 0 0 0 0
 CONVECTION ON   1.25 TURBULENCE OFF  0.00  0.00  0.00  0.00
ABUNDANCE SCALE   3.16200 ABUNDANCE CHANGE 1 0.91100 2 0.08900
 ABUNDANCE CHANGE  3 -10.88  4 -10.89  5  -9.44  6  -3.48  7  -3.99  8  -3.11
 ABUNDANCE CHANGE  9  -7.48 10  -3.95 11  -5.71 12  -4.46 13  -5.57 14  -4.49
 ABUNDANCE CHANGE 15  -6.59 16  -4.83 17  -6.54 18  -5.48 19  -6.82 20  -5.68
 ABUNDANCE CHANGE 21  -8.94 22  -7.05 23  -8.04 24  -6.37 25  -6.65 26  -4.37
 ABUNDANCE CHANGE 27  -7.12 28  -5.79 29  -7.83 30  -7.44 31  -9.16 32  -8.63
 ABUNDANCE CHANGE 33  -9.67 34  -8.69 35  -9.41 36  -8.81 37  -9.44 38  -9.14
 ABUNDANCE CHANGE 39  -9.80 40  -9.54 41 -10.62 42 -10.12 43 -20.00 44 -10.20
 ABUNDANCE CHANGE 45 -10.92 46 -10.35 47 -11.10 48 -10.18 49 -10.58 50 -10.04
 ABUNDANCE CHANGE 51 -11.04 52  -9.80 53 -10.53 54  -9.81 55 -10.92 56  -9.91
 ABUNDANCE CHANGE 57 -10.82 58 -10.49 59 -11.33 60 -10.54 61 -20.00 62 -11.04
 ABUNDANCE CHANGE 63 -11.53 64 -10.92 65 -11.94 66 -10.94 67 -11.78 68 -11.11
 ABUNDANCE CHANGE 69 -12.04 70 -10.96 71 -11.28 72 -11.16 73 -11.91 74 -10.93
 ABUNDANCE CHANGE 75 -11.77 76 -10.59 77 -10.69 78 -10.24 79 -11.03 80 -10.95
 ABUNDANCE CHANGE 81 -11.14 82 -10.19 83 -11.33 84 -20.00 85 -20.00 86 -20.00
 ABUNDANCE CHANGE 87 -20.00 88 -20.00 89 -20.00 90 -11.92 91 -20.00 92 -12.51
 ABUNDANCE CHANGE 93 -20.00 94 -20.00 95 -20.00 96 -20.00 97 -20.00 98 -20.00
 ABUNDANCE CHANGE 99 -20.00
READ DECK6 72 RHOX,T,P,XNE,ABROSS,ACCRAD,VTURB
 1.15095897E-04   4477.9 3.636E-02 1.688E+08 1.159E-03 3.269E-01 2.000E+05 0.000E+00 0.000E+00
 1.54424222E-04   4494.8 4.878E-02 2.112E+08 1.103E-03 3.252E-01 2.000E+05 0.000E+00 0.000E+00
 2.09505178E-04   4512.8 6.618E-02 2.668E+08 1.050E-03 3.189E-01 2.000E+05 0.000E+00 0.000E+00
 2.86369053E-04   4533.5 9.047E-02 3.411E+08 1.007E-03 3.131E-01 2.000E+05 0.000E+00 0.000E+00
 3.93065576E-04   4556.7 1.242E-01 4.405E+08 9.729E-04 3.086E-01 2.000E+05 0.000E+00 0.000E+00
 5.39616726E-04   4582.5 1.705E-01 5.731E+08 9.486E-04 3.051E-01 2.000E+05 0.000E+00 0.000E+00
 7.38867256E-04   4611.0 2.335E-01 7.500E+08 9.352E-04 3.018E-01 2.000E+05 0.000E+00 0.000E+00
 1.00667215E-03   4642.3 3.182E-01 9.861E+08 9.329E-04 2.978E-01 2.000E+05 0.000E+00 0.000E+00
 1.36274269E-03   4676.1 4.306E-01 1.300E+09 9.418E-04 2.937E-01 2.000E+05 0.000E+00 0.000E+00
 1.83034193E-03   4712.0 5.784E-01 1.713E+09 9.611E-04 2.886E-01 2.000E+05 0.000E+00 0.000E+00
 2.43841993E-03   4749.4 7.705E-01 2.253E+09 9.900E-04 2.825E-01 2.000E+05 0.000E+00 0.000E+00
 3.22202617E-03   4787.9 1.018E+00 2.954E+09 1.029E-03 2.761E-01 2.000E+05 0.000E+00 0.000E+00
 4.22312065E-03   4827.0 1.334E+00 3.855E+09 1.078E-03 2.713E-01 2.000E+05 0.000E+00 0.000E+00
 5.49129951E-03   4866.5 1.735E+00 5.007E+09 1.139E-03 2.668E-01 2.000E+05 0.000E+00 0.000E+00
 7.08560225E-03   4906.5 2.239E+00 6.470E+09 1.213E-03 2.624E-01 2.000E+05 0.000E+00 0.000E+00
 9.07428594E-03   4946.8 2.867E+00 8.319E+09 1.302E-03 2.583E-01 2.000E+05 0.000E+00 0.000E+00
 1.15347501E-02   4987.6 3.644E+00 1.065E+10 1.409E-03 2.554E-01 2.000E+05 0.000E+00 0.000E+00
 1.45531078E-02   5028.9 4.598E+00 1.357E+10 1.538E-03 2.537E-01 2.000E+05 0.000E+00 0.000E+00
 1.82233059E-02   5070.8 5.758E+00 1.721E+10 1.694E-03 2.528E-01 2.000E+05 0.000E+00 0.000E+00
 2.26491363E-02   5113.4 7.156E+00 2.175E+10 1.880E-03 2.516E-01 2.000E+05 0.000E+00 0.000E+00
 2.79482054E-02   5156.3 8.831E+00 2.735E+10 2.100E-03 2.503E-01 2.000E+05 0.000E+00 0.000E+00
 3.42531945E-02   5199.5 1.082E+01 3.423E+10 2.361E-03 2.495E-01 2.000E+05 0.000E+00 0.000E+00
 4.17129664E-02   5242.9 1.318E+01 4.263E+10 2.667E-03 2.494E-01 2.000E+05 0.000E+00 0.000E+00
 5.04984474E-02   5286.4 1.596E+01 5.286E+10 3.026E-03 2.494E-01 2.000E+05 0.000E+00 0.000E+00
 6.08063085E-02   5330.0 1.921E+01 6.527E+10 3.445E-03 2.497E-01 2.000E+05 0.000E+00 0.000E+00
 7.28601683E-02   5373.8 2.302E+01 8.027E+10 3.934E-03 2.505E-01 2.000E+05 0.000E+00 0.000E+00
 8.69022526E-02   5417.9 2.746E+01 9.843E+10 4.514E-03 2.529E-01 2.000E+05 0.000E+00 0.000E+00
 1.03194455E-01   5462.7 3.261E+01 1.204E+11 5.196E-03 2.559E-01 2.000E+05 0.000E+00 0.000E+00
 1.22036817E-01   5508.0 3.856E+01 1.468E+11 6.001E-03 2.600E-01 2.000E+05 0.000E+00 0.000E+00
 1.43776574E-01   5553.6 4.543E+01 1.787E+11 6.941E-03 2.644E-01 2.000E+05 0.000E+00 0.000E+00
 1.68822553E-01   5599.6 5.334E+01 2.168E+11 8.039E-03 2.694E-01 2.000E+05 0.000E+00 0.000E+00
 1.97646498E-01   5645.9 6.245E+01 2.624E+11 9.318E-03 2.751E-01 2.000E+05 0.000E+00 0.000E+00
 2.30796816E-01   5692.4 7.292E+01 3.169E+11 1.081E-02 2.818E-01 2.000E+05 0.000E+00 0.000E+00
 2.68905673E-01   5739.2 8.496E+01 3.819E+11 1.254E-02 2.896E-01 2.000E+05 0.000E+00 0.000E+00
 3.12672384E-01   5786.4 9.879E+01 4.595E+11 1.457E-02 2.996E-01 2.000E+05 0.000E+00 0.000E+00
 3.62852964E-01   5834.2 1.146E+02 5.520E+11 1.696E-02 3.128E-01 2.000E+05 0.000E+00 0.000E+00
 4.20306041E-01   5882.8 1.328E+02 6.628E+11 1.977E-02 3.282E-01 2.000E+05 0.000E+00 0.000E+00
 4.86016471E-01   5932.3 1.536E+02 7.953E+11 2.306E-02 3.460E-01 2.000E+05 0.000E+00 0.000E+00
 5.61094698E-01   5982.8 1.773E+02 9.540E+11 2.692E-02 3.669E-01 2.000E+05 0.000E+00 0.000E+00
 6.46781491E-01   6034.6 2.043E+02 1.145E+12 3.148E-02 3.915E-01 2.000E+05 0.000E+00 0.000E+00
 7.44437591E-01   6087.9 2.352E+02 1.374E+12 3.686E-02 4.208E-01 2.000E+05 0.000E+00 0.000E+00
 8.55504759E-01   6143.2 2.702E+02 1.652E+12 4.328E-02 4.560E-01 2.000E+05 0.000E+00 0.000E+00
 9.81397609E-01   6201.1 3.100E+02 1.991E+12 5.104E-02 5.002E-01 2.000E+05 0.000E+00 0.000E+00
 1.12333028E+00   6262.7 3.548E+02 2.409E+12 6.056E-02 5.568E-01 2.000E+05 0.000E+00 0.000E+00
 1.28226864E+00   6329.2 4.050E+02 2.931E+12 7.238E-02 6.281E-01 2.000E+05 0.000E+00 0.000E+00
 1.45882476E+00   6401.9 4.607E+02 3.594E+12 8.729E-02 7.195E-01 2.000E+05 0.000E+00 0.000E+00
 1.65291196E+00   6482.8 5.219E+02 4.450E+12 1.065E-01 8.394E-01 2.000E+05 0.000E+00 0.000E+00
 1.86340058E+00   6574.2 5.883E+02 5.580E+12 1.321E-01 1.001E+00 2.000E+05 0.000E+00 0.000E+00
 2.08742598E+00   6679.4 6.589E+02 7.113E+12 1.674E-01 1.231E+00 2.000E+05 7.081E-18 0.000E+00
 2.32001082E+00   6802.1 7.321E+02 9.249E+12 2.180E-01 1.565E+00 2.000E+05 2.682E-15 1.199E+01
 2.55432577E+00   6946.8 8.058E+02 1.231E+13 2.936E-01 2.070E+00 2.000E+05 8.915E-14 7.187E+01
 2.78183366E+00   7118.6 8.772E+02 1.683E+13 4.119E-01 2.870E+00 2.000E+05 1.766E-12 1.773E+02
 2.99254253E+00   7324.0 9.431E+02 2.368E+13 6.092E-01 4.214E+00 2.000E+05 5.111E-11 4.475E+02
 3.17730662E+00   7568.2 1.001E+03 3.424E+13 9.530E-01 6.562E+00 2.000E+05 2.796E-09 1.343E+03
 3.32954869E+00   7858.6 1.047E+03 5.077E+13 1.592E+00 1.088E+01 2.000E+05 2.353E-07 4.791E+03
 3.44801196E+00   8193.5 1.083E+03 7.590E+13 2.789E+00 1.882E+01 2.000E+05 2.465E-05 1.926E+04
 3.53620933E+00   8581.2 1.109E+03 1.133E+14 5.072E+00 3.348E+01 2.000E+05 1.846E-04 7.661E+04
 3.60123315E+00   9014.0 1.126E+03 1.637E+14 9.062E+00 5.822E+01 2.000E+05 1.309E-03 1.124E+05
 3.65090884E+00   9499.1 1.138E+03 2.239E+14 1.512E+01 9.335E+01 2.000E+05 8.795E-03 2.515E+05
 3.69407702E+00  10008.6 1.147E+03 2.786E+14 2.152E+01 1.273E+02 2.000E+05 2.478E-02 4.437E+05
 3.73885201E+00  10563.0 1.155E+03 3.163E+14 2.503E+01 1.474E+02 2.000E+05 1.481E-02 4.098E+05
 3.79529564E+00  11218.6 1.165E+03 3.323E+14 2.435E+01 1.461E+02 2.000E+05 4.020E-03 2.046E+05
 3.88006134E+00  11928.4 1.180E+03 3.311E+14 1.991E+01 1.184E+02 2.000E+05 1.810E-04 5.268E+04
 4.02458890E+00  12728.2 1.211E+03 3.244E+14 1.511E+01 9.044E+01 2.000E+05 1.464E-06 1.133E+04
 4.28331019E+00  13593.6 1.273E+03 3.220E+14 1.113E+01 6.631E+01 2.000E+05 9.397E-09 3.710E+03
 4.74398652E+00  14550.2 1.392E+03 3.316E+14 8.524E+00 5.087E+01 2.000E+05 8.913E-10 2.244E+03
 5.51719246E+00  15581.1 1.601E+03 3.607E+14 7.030E+00 4.185E+01 2.000E+05 5.239E-10 1.854E+03
 6.71759180E+00  16706.2 1.934E+03 4.122E+14 6.242E+00 3.719E+01 2.000E+05 1.242E-10 1.076E+03
 8.49565814E+00  17918.8 2.433E+03 4.881E+14 5.692E+00 3.388E+01 2.000E+05 5.413E-12 2.698E+02
 1.10358325E+01  19229.7 3.153E+03 5.917E+14 5.420E+00 3.234E+01 2.000E+05 3.290E-14 0.000E+00
 1.45526931E+01  20642.1 4.153E+03 7.274E+14 5.271E+00 3.133E+01 2.000E+05 9.721E-19 0.000E+00
 1.93123685E+01  22157.7 5.511E+03 8.999E+14 5.238E+00 3.060E+01 2.000E+05 0.000E+00 0.000E+00
PRADK 4.2305E+00
BEGIN                    ITERATION  15 COMPLETED
