EFF   7750.  GRAVITY 2.00000 LTE 
ITLE SDSC GRID  [-1.0]   VTURB 2.0 KM/S    L/H 1.25                            
OPACITY IFOP 1 1 1 1 1 1 1 1 1 1 1 1 1 0 1 0 0 0 0 0
CONVECTION ON   1.25 TURBULENCE OFF  0.00  0.00  0.00  0.00
BUNDANCE SCALE   0.10000 ABUNDANCE CHANGE 1 0.91100 2 0.08900
ABUNDANCE CHANGE  3 -10.88  4 -10.89  5  -9.44  6  -3.48  7  -3.99  8  -3.11
ABUNDANCE CHANGE  9  -7.48 10  -3.95 11  -5.71 12  -4.46 13  -5.57 14  -4.49
ABUNDANCE CHANGE 15  -6.59 16  -4.83 17  -6.54 18  -5.48 19  -6.82 20  -5.68
ABUNDANCE CHANGE 21  -8.94 22  -7.05 23  -8.04 24  -6.37 25  -6.65 26  -4.37
ABUNDANCE CHANGE 27  -7.12 28  -5.79 29  -7.83 30  -7.44 31  -9.16 32  -8.63
ABUNDANCE CHANGE 33  -9.67 34  -8.69 35  -9.41 36  -8.81 37  -9.44 38  -9.14
ABUNDANCE CHANGE 39  -9.80 40  -9.54 41 -10.62 42 -10.12 43 -20.00 44 -10.20
ABUNDANCE CHANGE 45 -10.92 46 -10.35 47 -11.10 48 -10.18 49 -10.58 50 -10.04
ABUNDANCE CHANGE 51 -11.04 52  -9.80 53 -10.53 54  -9.81 55 -10.92 56  -9.91
ABUNDANCE CHANGE 57 -10.82 58 -10.49 59 -11.33 60 -10.54 61 -20.00 62 -11.04
ABUNDANCE CHANGE 63 -11.53 64 -10.92 65 -11.94 66 -10.94 67 -11.78 68 -11.11
ABUNDANCE CHANGE 69 -12.04 70 -10.96 71 -11.28 72 -11.16 73 -11.91 74 -10.93
ABUNDANCE CHANGE 75 -11.77 76 -10.59 77 -10.69 78 -10.24 79 -11.03 80 -10.95
ABUNDANCE CHANGE 81 -11.14 82 -10.19 83 -11.33 84 -20.00 85 -20.00 86 -20.00
ABUNDANCE CHANGE 87 -20.00 88 -20.00 89 -20.00 90 -11.92 91 -20.00 92 -12.51
ABUNDANCE CHANGE 93 -20.00 94 -20.00 95 -20.00 96 -20.00 97 -20.00 98 -20.00
ABUNDANCE CHANGE 99 -20.00
EAD DECK6 72 RHOX,T,P,XNE,ABROSS,ACCRAD,VTURB
1.57299843E-05   4674.1 1.568E-03 5.965E+07 8.478E-03 3.170E-01 2.000E+05 0.000E+00 0.000E+00
2.10989863E-05   4698.9 2.103E-03 7.573E+07 8.090E-03 3.119E-01 2.000E+05 0.000E+00 0.000E+00
2.87868984E-05   4712.3 2.870E-03 9.311E+07 7.339E-03 3.025E-01 2.000E+05 0.000E+00 0.000E+00
3.97702383E-05   4743.6 3.965E-03 1.225E+08 7.063E-03 2.954E-01 2.000E+05 0.000E+00 0.000E+00
5.51063919E-05   4771.4 5.494E-03 1.594E+08 6.699E-03 2.856E-01 2.000E+05 0.000E+00 0.000E+00
7.64435794E-05   4806.4 7.622E-03 2.122E+08 6.508E-03 2.753E-01 2.000E+05 0.000E+00 0.000E+00
1.05572723E-04   4844.0 1.053E-02 2.840E+08 6.385E-03 2.637E-01 2.000E+05 0.000E+00 0.000E+00
1.44949049E-04   4884.0 1.445E-02 3.811E+08 6.326E-03 2.519E-01 2.000E+05 0.000E+00 0.000E+00
1.97828928E-04   4924.7 1.973E-02 5.100E+08 6.290E-03 2.394E-01 2.000E+05 0.000E+00 0.000E+00
2.68728308E-04   4965.2 2.680E-02 6.790E+08 6.256E-03 2.271E-01 2.000E+05 0.000E+00 0.000E+00
3.63918761E-04   5004.9 3.630E-02 8.985E+08 6.205E-03 2.156E-01 2.000E+05 0.000E+00 0.000E+00
4.92095625E-04   5043.8 4.909E-02 1.182E+09 6.136E-03 2.053E-01 2.000E+05 0.000E+00 0.000E+00
6.65156845E-04   5082.2 6.636E-02 1.551E+09 6.056E-03 1.963E-01 2.000E+05 0.000E+00 0.000E+00
8.99009372E-04   5120.8 8.970E-02 2.032E+09 5.977E-03 1.882E-01 2.000E+05 0.000E+00 0.000E+00
1.21468933E-03   5160.0 1.212E-01 2.661E+09 5.909E-03 1.804E-01 2.000E+05 0.000E+00 0.000E+00
1.64027039E-03   5199.3 1.637E-01 3.480E+09 5.847E-03 1.729E-01 2.000E+05 0.000E+00 0.000E+00
2.21412129E-03   5238.1 2.210E-01 4.534E+09 5.779E-03 1.658E-01 2.000E+05 0.000E+00 0.000E+00
2.98903805E-03   5275.9 2.984E-01 5.883E+09 5.702E-03 1.596E-01 2.000E+05 0.000E+00 0.000E+00
4.03735532E-03   5312.7 4.030E-01 7.602E+09 5.617E-03 1.546E-01 2.000E+05 0.000E+00 0.000E+00
5.45606639E-03   5349.2 5.447E-01 9.801E+09 5.539E-03 1.509E-01 2.000E+05 0.000E+00 0.000E+00
7.36973836E-03   5386.3 7.358E-01 1.264E+10 5.492E-03 1.486E-01 2.000E+05 0.000E+00 0.000E+00
9.93062135E-03   5425.3 9.915E-01 1.634E+10 5.502E-03 1.473E-01 2.000E+05 0.000E+00 0.000E+00
1.33157318E-02   5466.8 1.329E+00 2.118E+10 5.589E-03 1.471E-01 2.000E+05 0.000E+00 0.000E+00
1.77236861E-02   5511.1 1.770E+00 2.750E+10 5.768E-03 1.478E-01 2.000E+05 0.000E+00 0.000E+00
2.33698092E-02   5558.2 2.333E+00 3.573E+10 6.054E-03 1.493E-01 2.000E+05 0.000E+00 0.000E+00
3.04799040E-02   5608.1 3.043E+00 4.639E+10 6.462E-03 1.513E-01 2.000E+05 0.000E+00 0.000E+00
3.92918248E-02   5659.8 3.923E+00 6.003E+10 7.000E-03 1.537E-01 2.000E+05 0.000E+00 0.000E+00
5.00804802E-02   5712.2 5.000E+00 7.716E+10 7.662E-03 1.563E-01 2.000E+05 0.000E+00 0.000E+00
6.31854303E-02   5763.2 6.309E+00 9.813E+10 8.425E-03 1.590E-01 2.000E+05 0.000E+00 0.000E+00
7.90786303E-02   5811.0 7.896E+00 1.231E+11 9.259E-03 1.623E-01 2.000E+05 0.000E+00 0.000E+00
9.83797927E-02   5855.7 9.823E+00 1.526E+11 1.016E-02 1.666E-01 2.000E+05 0.000E+00 0.000E+00
1.21835803E-01   5897.9 1.216E+01 1.873E+11 1.115E-02 1.721E-01 2.000E+05 0.000E+00 0.000E+00
1.50309045E-01   5938.5 1.501E+01 2.284E+11 1.226E-02 1.788E-01 2.000E+05 0.000E+00 0.000E+00
1.84793212E-01   5977.8 1.845E+01 2.768E+11 1.352E-02 1.867E-01 2.000E+05 0.000E+00 0.000E+00
2.26437402E-01   6016.2 2.261E+01 3.340E+11 1.495E-02 1.960E-01 2.000E+05 0.000E+00 0.000E+00
2.76591932E-01   6053.7 2.761E+01 4.010E+11 1.657E-02 2.067E-01 2.000E+05 0.000E+00 0.000E+00
3.36808153E-01   6090.9 3.362E+01 4.799E+11 1.844E-02 2.194E-01 2.000E+05 0.000E+00 0.000E+00
4.08854074E-01   6127.8 4.081E+01 5.726E+11 2.059E-02 2.344E-01 2.000E+05 0.000E+00 0.000E+00
4.94713856E-01   6165.3 4.937E+01 6.822E+11 2.309E-02 2.521E-01 2.000E+05 0.000E+00 0.000E+00
5.96555099E-01   6203.6 5.953E+01 8.121E+11 2.603E-02 2.732E-01 2.000E+05 0.000E+00 0.000E+00
7.16673621E-01   6243.7 7.151E+01 9.674E+11 2.951E-02 2.987E-01 2.000E+05 0.000E+00 0.000E+00
8.57422444E-01   6286.4 8.554E+01 1.155E+12 3.371E-02 3.297E-01 2.000E+05 0.000E+00 0.000E+00
1.02104866E+00   6332.6 1.018E+02 1.383E+12 3.884E-02 3.685E-01 2.000E+05 0.000E+00 0.000E+00
1.20932222E+00   6384.3 1.206E+02 1.668E+12 4.528E-02 4.181E-01 2.000E+05 0.000E+00 0.000E+00
1.42320149E+00   6442.9 1.419E+02 2.027E+12 5.353E-02 4.825E-01 2.000E+05 0.000E+00 0.000E+00
1.66245125E+00   6510.3 1.657E+02 2.491E+12 6.437E-02 5.683E-01 2.000E+05 0.000E+00 0.000E+00
1.92504162E+00   6589.3 1.918E+02 3.104E+12 7.906E-02 6.860E-01 2.000E+05 0.000E+00 0.000E+00
2.20634033E+00   6683.1 2.197E+02 3.936E+12 9.981E-02 8.533E-01 2.000E+05 3.904E-19 0.000E+00
2.49891090E+00   6794.6 2.487E+02 5.090E+12 1.301E-01 1.099E+00 2.000E+05 1.697E-16 9.502E+00
2.79288820E+00   6928.0 2.777E+02 6.729E+12 1.760E-01 1.473E+00 2.000E+05 7.380E-15 4.702E+01
3.07635167E+00   7087.7 3.055E+02 9.113E+12 2.490E-01 2.070E+00 2.000E+05 8.808E-14 1.020E+02
3.33649925E+00   7279.2 3.309E+02 1.266E+13 3.717E-01 3.062E+00 2.000E+05 1.085E-12 2.230E+02
3.56252569E+00   7506.2 3.526E+02 1.798E+13 5.863E-01 4.784E+00 2.000E+05 3.407E-11 6.000E+02
3.74821392E+00   7773.6 3.701E+02 2.595E+13 9.771E-01 7.844E+00 2.000E+05 1.884E-09 2.022E+03
3.89350288E+00   8082.0 3.831E+02 3.756E+13 1.695E+00 1.329E+01 2.000E+05 1.129E-07 7.730E+03
4.00459985E+00   8429.9 3.923E+02 5.347E+13 2.958E+00 2.251E+01 2.000E+05 5.589E-06 2.982E+04
4.08996816E+00   8826.6 3.983E+02 7.373E+13 5.041E+00 3.707E+01 2.000E+05 1.232E-04 9.416E+04
4.15970293E+00   9256.6 4.021E+02 9.480E+13 7.714E+00 5.509E+01 2.000E+05 4.746E-04 1.689E+05
4.22620464E+00   9750.8 4.046E+02 1.127E+14 1.006E+01 7.020E+01 2.000E+05 4.748E-04 1.840E+05
4.30194510E+00  10287.4 4.067E+02 1.221E+14 1.055E+01 7.269E+01 2.000E+05 9.254E-05 9.718E+04
4.40888377E+00  10901.3 4.101E+02 1.240E+14 9.171E+00 6.302E+01 2.000E+05 3.240E-06 2.330E+04
4.58207860E+00  11570.0 4.178E+02 1.223E+14 7.132E+00 4.895E+01 2.000E+05 2.727E-08 5.074E+03
4.88972672E+00  12327.2 4.357E+02 1.210E+14 5.262E+00 3.615E+01 2.000E+05 1.932E-10 1.417E+03
5.44119755E+00  13148.8 4.736E+02 1.241E+14 3.973E+00 2.720E+01 2.000E+05 5.165E-12 5.997E+02
6.38937216E+00  14056.4 5.457E+02 1.347E+14 3.176E+00 2.168E+01 2.000E+05 2.534E-12 4.546E+02
7.89651747E+00  15032.8 6.661E+02 1.557E+14 2.781E+00 1.893E+01 2.000E+05 2.685E-12 4.560E+02
1.01337815E+01  16103.9 8.494E+02 1.879E+14 2.550E+00 1.733E+01 2.000E+05 7.984E-13 2.746E+02
1.33385257E+01  17253.7 1.116E+03 2.324E+14 2.402E+00 1.631E+01 2.000E+05 2.257E-14 1.565E+00
1.78421769E+01  18508.7 1.495E+03 2.913E+14 2.294E+00 1.558E+01 2.000E+05 1.717E-18 0.000E+00
2.40588231E+01  19853.6 2.021E+03 3.677E+14 2.237E+00 1.518E+01 2.000E+05 0.000E+00 0.000E+00
3.25261209E+01  21314.4 2.741E+03 4.647E+14 2.200E+00 1.487E+01 2.000E+05 0.000E+00 0.000E+00
4.38833795E+01  22879.3 3.709E+03 5.861E+14 2.205E+00 1.454E+01 2.000E+05 0.000E+00 0.000E+00
RADK 4.8260E+00
EGIN                    ITERATION  15 COMPLETED
