TEFF  40000.  GRAVITY 4.50000 LTE
TITLE SDSC GRID  [+0.0]   VTURB 2.0 KM/S    L/H 1.25
 OPACITY IFOP 1 1 1 1 1 1 1 1 1 1 1 1 1 0 1 0 0 0 0 0
 CONVECTION OFF  1.00 TURBULENCE OFF  0.00  0.00  0.00  0.00
ABUNDANCE SCALE   1.00000 ABUNDANCE CHANGE 1 0.91100 2 0.08900
 ABUNDANCE CHANGE  3 -10.88  4 -10.89  5  -9.44  6  -3.48  7  -3.99  8  -3.11
 ABUNDANCE CHANGE  9  -7.48 10  -3.95 11  -5.71 12  -4.46 13  -5.57 14  -4.49
 ABUNDANCE CHANGE 15  -6.59 16  -4.83 17  -6.54 18  -5.48 19  -6.82 20  -5.68
 ABUNDANCE CHANGE 21  -8.94 22  -7.05 23  -8.04 24  -6.37 25  -6.65 26  -4.37
 ABUNDANCE CHANGE 27  -7.12 28  -5.79 29  -7.83 30  -7.44 31  -9.16 32  -8.63
 ABUNDANCE CHANGE 33  -9.67 34  -8.69 35  -9.41 36  -8.81 37  -9.44 38  -9.14
 ABUNDANCE CHANGE 39  -9.80 40  -9.54 41 -10.62 42 -10.12 43 -20.00 44 -10.20
 ABUNDANCE CHANGE 45 -10.92 46 -10.35 47 -11.10 48 -10.18 49 -10.58 50 -10.04
 ABUNDANCE CHANGE 51 -11.04 52  -9.80 53 -10.53 54  -9.81 55 -10.92 56  -9.91
 ABUNDANCE CHANGE 57 -10.82 58 -10.49 59 -11.33 60 -10.54 61 -20.00 62 -11.04
 ABUNDANCE CHANGE 63 -11.53 64 -10.92 65 -11.94 66 -10.94 67 -11.78 68 -11.11
 ABUNDANCE CHANGE 69 -12.04 70 -10.96 71 -11.28 72 -11.16 73 -11.91 74 -10.93
 ABUNDANCE CHANGE 75 -11.77 76 -10.59 77 -10.69 78 -10.24 79 -11.03 80 -10.95
 ABUNDANCE CHANGE 81 -11.14 82 -10.19 83 -11.33 84 -20.00 85 -20.00 86 -20.00
 ABUNDANCE CHANGE 87 -20.00 88 -20.00 89 -20.00 90 -11.92 91 -20.00 92 -12.51
 ABUNDANCE CHANGE 93 -20.00 94 -20.00 95 -20.00 96 -20.00 97 -20.00 98 -20.00
 ABUNDANCE CHANGE 99 -20.00
READ DECK6 64 RHOX,T,P,XNE,ABROSS,ACCRAD,VTURB
 5.10027270E-06  19959.3 6.292E-02 1.143E+10 3.473E-01 1.929E+04 2.000E+05
 5.12348737E-06  21750.4 6.325E-02 1.061E+10 3.473E-01 1.513E+04 2.000E+05
 6.82117234E-06  21982.6 9.139E-02 1.516E+10 3.498E-01 1.498E+04 2.000E+05
 9.07403227E-06  22228.1 1.292E-01 2.119E+10 3.523E-01 1.474E+04 2.000E+05
 1.20569575E-05  22465.3 1.803E-01 2.926E+10 3.546E-01 1.422E+04 2.000E+05
 1.60123705E-05  22688.6 2.508E-01 4.030E+10 3.565E-01 1.338E+04 2.000E+05
 2.12587564E-05  22902.7 3.479E-01 5.537E+10 3.585E-01 1.288E+04 2.000E+05
 2.82143291E-05  23122.9 4.800E-01 7.566E+10 3.607E-01 1.239E+04 2.000E+05
 3.74271103E-05  23356.0 6.586E-01 1.028E+11 3.634E-01 1.212E+04 2.000E+05
 4.96105912E-05  23611.1 8.970E-01 1.385E+11 3.667E-01 1.200E+04 2.000E+05
 6.56978926E-05  23897.8 1.215E+00 1.853E+11 3.706E-01 1.175E+04 2.000E+05
 8.69072731E-05  24210.7 1.639E+00 2.469E+11 3.751E-01 1.149E+04 2.000E+05
 1.14814233E-04  24548.9 2.204E+00 3.275E+11 3.806E-01 1.133E+04 2.000E+05
 1.51441650E-04  24918.7 2.948E+00 4.320E+11 3.872E-01 1.127E+04 2.000E+05
 1.99496248E-04  25320.3 3.945E+00 5.695E+11 3.931E-01 1.045E+04 2.000E+05
 2.62667818E-04  25710.2 5.319E+00 7.568E+11 3.987E-01 9.307E+03 2.000E+05
 3.45608649E-04  26073.6 7.205E+00 1.011E+12 4.055E-01 8.541E+03 2.000E+05
 4.54182936E-04  26419.9 9.740E+00 1.350E+12 4.136E-01 8.052E+03 2.000E+05
 5.95981006E-04  26755.1 1.311E+01 1.795E+12 4.227E-01 7.636E+03 2.000E+05
 7.80701520E-04  27080.7 1.757E+01 2.376E+12 4.334E-01 7.402E+03 2.000E+05
 1.02054189E-03  27408.0 2.339E+01 3.127E+12 4.459E-01 7.307E+03 2.000E+05
 1.33084058E-03  27745.9 3.094E+01 4.086E+12 4.603E-01 7.312E+03 2.000E+05
 1.73120969E-03  28098.6 4.068E+01 5.306E+12 4.760E-01 7.269E+03 2.000E+05
 2.24777459E-03  28460.1 5.332E+01 6.870E+12 4.918E-01 7.031E+03 2.000E+05
 2.91382767E-03  28822.9 6.977E+01 8.880E+12 5.093E-01 6.823E+03 2.000E+05
 3.76995681E-03  29186.8 9.106E+01 1.145E+13 5.293E-01 6.704E+03 2.000E+05
 4.86691033E-03  29556.8 1.185E+02 1.471E+13 5.516E-01 6.608E+03 2.000E+05
 6.26793849E-03  29931.5 1.535E+02 1.884E+13 5.770E-01 6.557E+03 2.000E+05
 8.05005117E-03  30309.1 1.982E+02 2.402E+13 6.062E-01 6.571E+03 2.000E+05
 1.03070390E-02  30689.7 2.547E+02 3.049E+13 6.396E-01 6.653E+03 2.000E+05
 1.31533088E-02  31074.3 3.255E+02 3.850E+13 6.776E-01 6.803E+03 2.000E+05
 1.67309770E-02  31468.6 4.140E+02 4.838E+13 7.196E-01 6.959E+03 2.000E+05
 2.12222295E-02  31870.5 5.245E+02 6.054E+13 7.645E-01 7.080E+03 2.000E+05
 2.68558456E-02  32275.6 6.624E+02 7.553E+13 8.134E-01 7.223E+03 2.000E+05
 3.39043902E-02  32686.6 8.336E+02 9.389E+13 8.684E-01 7.450E+03 2.000E+05
 4.26951936E-02  33114.3 1.045E+03 1.162E+14 9.298E-01 7.743E+03 2.000E+05
 5.36292118E-02  33568.5 1.304E+03 1.432E+14 9.982E-01 8.079E+03 2.000E+05
 6.71886116E-02  34059.7 1.621E+03 1.755E+14 1.075E+00 8.477E+03 2.000E+05
 8.39534036E-02  34603.6 2.005E+03 2.140E+14 1.161E+00 8.914E+03 2.000E+05
 1.04627856E-01  35216.7 2.469E+03 2.594E+14 1.256E+00 9.373E+03 2.000E+05
 1.30126730E-01  35913.5 3.032E+03 3.129E+14 1.357E+00 9.755E+03 2.000E+05
 1.61674201E-01  36700.4 3.717E+03 3.762E+14 1.460E+00 1.004E+04 2.000E+05
 2.00801486E-01  37589.3 4.556E+03 4.514E+14 1.568E+00 1.029E+04 2.000E+05
 2.49463419E-01  38598.5 5.588E+03 5.406E+14 1.678E+00 1.050E+04 2.000E+05
 3.10296094E-01  39749.7 6.868E+03 6.467E+14 1.785E+00 1.067E+04 2.000E+05
 3.86792793E-01  41050.9 8.466E+03 7.736E+14 1.887E+00 1.077E+04 2.000E+05
 4.83794592E-01  42530.0 1.049E+04 9.267E+14 1.975E+00 1.080E+04 2.000E+05
 6.07840208E-01  44185.4 1.307E+04 1.113E+15 2.051E+00 1.083E+04 2.000E+05
 7.68323738E-01  46088.8 1.641E+04 1.342E+15 2.101E+00 1.072E+04 2.000E+05
 9.78051880E-01  48183.9 2.081E+04 1.628E+15 2.135E+00 1.062E+04 2.000E+05
 1.25545644E+00  50595.9 2.666E+04 1.987E+15 2.135E+00 1.045E+04 2.000E+05
 1.62909138E+00  53290.9 3.463E+04 2.451E+15 2.097E+00 1.013E+04 2.000E+05
 2.13873745E+00  56347.9 4.565E+04 3.056E+15 2.041E+00 9.866E+03 2.000E+05
 2.84156919E+00  59781.0 6.108E+04 3.855E+15 1.961E+00 9.458E+03 2.000E+05
 3.82207438E+00  63624.1 8.303E+04 4.924E+15 1.869E+00 9.049E+03 2.000E+05
 5.19153640E+00  67882.9 1.142E+05 6.350E+15 1.790E+00 8.656E+03 2.000E+05
 7.09088040E+00  72532.7 1.582E+05 8.229E+15 1.727E+00 8.344E+03 2.000E+05
 9.70639857E+00  77610.5 2.194E+05 1.067E+16 1.679E+00 8.109E+03 2.000E+05
 1.32663755E+01  83111.1 3.034E+05 1.377E+16 1.656E+00 7.972E+03 2.000E+05
 1.80532824E+01  89073.4 4.166E+05 1.765E+16 1.652E+00 7.964E+03 2.000E+05
 2.44042709E+01  95534.5 5.668E+05 2.239E+16 1.669E+00 7.994E+03 2.000E+05
 3.27966938E+01 102504.4 7.648E+05 2.815E+16 1.681E+00 8.074E+03 2.000E+05
 4.39257165E+01 110064.9 1.027E+06 3.520E+16 1.689E+00 8.058E+03 2.000E+05
 5.86297006E+01 118168.6 1.375E+06 4.390E+16 1.713E+00 7.857E+03 2.000E+05
PRADK 4.6962E+03
BEGIN                    ITERATION  10 COMPLETED
