EFF   4500.  GRAVITY 1.50000 LTE 
ITLE SDSC GRID  [-0.5]   VTURB 2.0 KM/S    L/H 1.25                            
OPACITY IFOP 1 1 1 1 1 1 1 1 1 1 1 1 1 0 1 0 0 0 0 0
CONVECTION ON   1.25 TURBULENCE OFF  0.00  0.00  0.00  0.00
BUNDANCE SCALE   0.31620 ABUNDANCE CHANGE 1 0.91100 2 0.08900
ABUNDANCE CHANGE  3 -10.88  4 -10.89  5  -9.44  6  -3.48  7  -3.99  8  -3.11
ABUNDANCE CHANGE  9  -7.48 10  -3.95 11  -5.71 12  -4.46 13  -5.57 14  -4.49
ABUNDANCE CHANGE 15  -6.59 16  -4.83 17  -6.54 18  -5.48 19  -6.82 20  -5.68
ABUNDANCE CHANGE 21  -8.94 22  -7.05 23  -8.04 24  -6.37 25  -6.65 26  -4.37
ABUNDANCE CHANGE 27  -7.12 28  -5.79 29  -7.83 30  -7.44 31  -9.16 32  -8.63
ABUNDANCE CHANGE 33  -9.67 34  -8.69 35  -9.41 36  -8.81 37  -9.44 38  -9.14
ABUNDANCE CHANGE 39  -9.80 40  -9.54 41 -10.62 42 -10.12 43 -20.00 44 -10.20
ABUNDANCE CHANGE 45 -10.92 46 -10.35 47 -11.10 48 -10.18 49 -10.58 50 -10.04
ABUNDANCE CHANGE 51 -11.04 52  -9.80 53 -10.53 54  -9.81 55 -10.92 56  -9.91
ABUNDANCE CHANGE 57 -10.82 58 -10.49 59 -11.33 60 -10.54 61 -20.00 62 -11.04
ABUNDANCE CHANGE 63 -11.53 64 -10.92 65 -11.94 66 -10.94 67 -11.78 68 -11.11
ABUNDANCE CHANGE 69 -12.04 70 -10.96 71 -11.28 72 -11.16 73 -11.91 74 -10.93
ABUNDANCE CHANGE 75 -11.77 76 -10.59 77 -10.69 78 -10.24 79 -11.03 80 -10.95
ABUNDANCE CHANGE 81 -11.14 82 -10.19 83 -11.33 84 -20.00 85 -20.00 86 -20.00
ABUNDANCE CHANGE 87 -20.00 88 -20.00 89 -20.00 90 -11.92 91 -20.00 92 -12.51
ABUNDANCE CHANGE 93 -20.00 94 -20.00 95 -20.00 96 -20.00 97 -20.00 98 -20.00
ABUNDANCE CHANGE 99 -20.00
EAD DECK6 72 RHOX,T,P,XNE,ABROSS,ACCRAD,VTURB
2.37209173E-02   2422.6 7.501E-01 5.484E+06 5.622E-06 1.762E-03 2.000E+05 0.000E+00 0.000E+00
3.13420347E-02   2457.1 9.911E-01 7.462E+06 6.050E-06 1.629E-03 2.000E+05 0.000E+00 0.000E+00
4.07790247E-02   2489.7 1.289E+00 1.001E+07 6.520E-06 1.519E-03 2.000E+05 0.000E+00 0.000E+00
5.23959235E-02   2524.5 1.657E+00 1.341E+07 7.097E-06 1.427E-03 2.000E+05 0.000E+00 0.000E+00
6.65576161E-02   2560.7 2.105E+00 1.792E+07 7.797E-06 1.347E-03 2.000E+05 0.000E+00 0.000E+00
8.36747745E-02   2598.0 2.646E+00 2.394E+07 8.636E-06 1.278E-03 2.000E+05 0.000E+00 0.000E+00
1.04189747E-01   2636.4 3.295E+00 3.198E+07 9.651E-06 1.222E-03 2.000E+05 0.000E+00 0.000E+00
1.28526524E-01   2675.8 4.064E+00 4.268E+07 1.090E-05 1.174E-03 2.000E+05 0.000E+00 0.000E+00
1.57177091E-01   2715.0 4.970E+00 5.671E+07 1.238E-05 1.134E-03 2.000E+05 0.000E+00 0.000E+00
1.90750095E-01   2754.1 6.032E+00 7.493E+07 1.412E-05 1.101E-03 2.000E+05 0.000E+00 0.000E+00
2.29852033E-01   2793.3 7.268E+00 9.854E+07 1.622E-05 1.073E-03 2.000E+05 0.000E+00 0.000E+00
2.75229813E-01   2831.2 8.703E+00 1.282E+08 1.864E-05 1.049E-03 2.000E+05 0.000E+00 0.000E+00
3.27858760E-01   2868.2 1.037E+01 1.654E+08 2.144E-05 1.029E-03 2.000E+05 0.000E+00 0.000E+00
3.88761203E-01   2904.8 1.229E+01 2.118E+08 2.475E-05 1.014E-03 2.000E+05 0.000E+00 0.000E+00
4.59028573E-01   2940.8 1.452E+01 2.692E+08 2.863E-05 1.003E-03 2.000E+05 0.000E+00 0.000E+00
5.40042233E-01   2976.1 1.708E+01 3.394E+08 3.312E-05 9.946E-04 2.000E+05 0.000E+00 0.000E+00
6.33440685E-01   3010.8 2.003E+01 4.248E+08 3.831E-05 9.897E-04 2.000E+05 0.000E+00 0.000E+00
7.41033547E-01   3045.2 2.343E+01 5.286E+08 4.438E-05 9.859E-04 2.000E+05 0.000E+00 0.000E+00
8.64831920E-01   3079.3 2.735E+01 6.539E+08 5.145E-05 9.861E-04 2.000E+05 0.000E+00 0.000E+00
1.00718109E+00   3113.1 3.185E+01 8.045E+08 5.969E-05 9.911E-04 2.000E+05 0.000E+00 0.000E+00
1.17073376E+00   3146.8 3.702E+01 9.852E+08 6.930E-05 9.979E-04 2.000E+05 0.000E+00 0.000E+00
1.35857741E+00   3180.4 4.296E+01 1.201E+09 8.046E-05 1.002E-03 2.000E+05 0.000E+00 0.000E+00
1.57427787E+00   3213.9 4.978E+01 1.458E+09 9.345E-05 1.006E-03 2.000E+05 0.000E+00 0.000E+00
1.82201855E+00   3247.0 5.762E+01 1.761E+09 1.085E-04 1.014E-03 2.000E+05 0.000E+00 0.000E+00
2.10668392E+00   3279.9 6.662E+01 2.119E+09 1.259E-04 1.027E-03 2.000E+05 0.000E+00 0.000E+00
2.43395028E+00   3312.5 7.697E+01 2.539E+09 1.459E-04 1.044E-03 2.000E+05 0.000E+00 0.000E+00
2.81040328E+00   3345.2 8.887E+01 3.036E+09 1.691E-04 1.055E-03 2.000E+05 0.000E+00 0.000E+00
3.24394200E+00   3377.1 1.026E+02 3.612E+09 1.957E-04 1.073E-03 2.000E+05 0.000E+00 0.000E+00
3.74385692E+00   3408.6 1.184E+02 4.286E+09 2.262E-04 1.092E-03 2.000E+05 0.000E+00 0.000E+00
4.32088999E+00   3439.5 1.366E+02 5.067E+09 2.612E-04 1.117E-03 2.000E+05 0.000E+00 0.000E+00
4.98786626E+00   3469.7 1.577E+02 5.973E+09 3.011E-04 1.150E-03 2.000E+05 0.000E+00 0.000E+00
5.75957313E+00   3500.1 1.821E+02 7.036E+09 3.469E-04 1.176E-03 2.000E+05 0.000E+00 0.000E+00
6.65376106E+00   3529.2 2.104E+02 8.255E+09 3.989E-04 1.211E-03 2.000E+05 0.000E+00 0.000E+00
7.69129989E+00   3557.4 2.432E+02 9.665E+09 4.583E-04 1.258E-03 2.000E+05 0.000E+00 0.000E+00
8.89575492E+00   3585.0 2.813E+02 1.130E+10 5.264E-04 1.317E-03 2.000E+05 0.000E+00 0.000E+00
1.02943416E+01   3612.2 3.255E+02 1.318E+10 6.045E-04 1.389E-03 2.000E+05 0.000E+00 0.000E+00
1.19187452E+01   3639.7 3.769E+02 1.539E+10 6.938E-04 1.465E-03 2.000E+05 0.000E+00 0.000E+00
1.38068387E+01   3667.1 4.366E+02 1.795E+10 7.957E-04 1.546E-03 2.000E+05 0.000E+00 0.000E+00
1.60026837E+01   3694.0 5.060E+02 2.091E+10 9.124E-04 1.646E-03 2.000E+05 0.000E+00 0.000E+00
1.85552396E+01   3721.1 5.867E+02 2.436E+10 1.047E-03 1.768E-03 2.000E+05 0.000E+00 0.000E+00
2.15185233E+01   3749.2 6.804E+02 2.840E+10 1.204E-03 1.914E-03 2.000E+05 0.000E+00 0.000E+00
2.49529275E+01   3778.7 7.890E+02 3.315E+10 1.386E-03 2.087E-03 2.000E+05 0.000E+00 0.000E+00
2.89249601E+01   3810.7 9.146E+02 3.879E+10 1.600E-03 2.288E-03 2.000E+05 0.000E+00 0.000E+00
3.35127813E+01   3846.0 1.060E+03 4.550E+10 1.848E-03 2.506E-03 2.000E+05 0.000E+00 0.000E+00
3.88041774E+01   3885.0 1.227E+03 5.352E+10 2.139E-03 2.759E-03 2.000E+05 0.000E+00 0.000E+00
4.48901739E+01   3928.8 1.419E+03 6.314E+10 2.484E-03 3.056E-03 2.000E+05 0.000E+00 0.000E+00
5.18655445E+01   3979.1 1.640E+03 7.475E+10 2.893E-03 3.405E-03 2.000E+05 0.000E+00 0.000E+00
5.98624093E+01   4037.0 1.893E+03 8.878E+10 3.362E-03 3.770E-03 2.000E+05 0.000E+00 0.000E+00
6.90363790E+01   4103.5 2.183E+03 1.057E+11 3.910E-03 4.189E-03 2.000E+05 0.000E+00 0.000E+00
7.95559938E+01   4181.0 2.516E+03 1.262E+11 4.545E-03 4.655E-03 2.000E+05 0.000E+00 0.000E+00
9.16666564E+01   4270.0 2.898E+03 1.507E+11 5.246E-03 5.126E-03 2.000E+05 0.000E+00 0.000E+00
1.05678151E+02   4373.0 3.341E+03 1.803E+11 6.040E-03 5.645E-03 2.000E+05 0.000E+00 0.000E+00
1.21925821E+02   4491.2 3.855E+03 2.174E+11 6.942E-03 6.214E-03 2.000E+05 2.471E-14 0.000E+00
1.40645579E+02   4628.1 4.447E+03 2.687E+11 8.122E-03 7.001E-03 2.000E+05 9.760E-10 0.000E+00
1.61542574E+02   4785.2 5.108E+03 3.525E+11 9.979E-03 8.365E-03 2.000E+05 5.979E-06 0.000E+00
1.82755941E+02   4999.5 5.778E+03 5.447E+11 1.408E-02 1.111E-02 2.000E+05 1.283E-02 0.000E+00
2.01914017E+02   5206.6 6.384E+03 9.013E+11 2.128E-02 1.505E-02 2.000E+05 1.148E-01 6.970E+01
2.19269798E+02   5376.9 6.933E+03 1.407E+12 3.067E-02 1.968E-02 2.000E+05 1.500E-01 1.062E+03
2.34880379E+02   5581.1 7.426E+03 2.368E+12 4.732E-02 2.915E-02 2.000E+05 1.838E-01 6.743E+03
2.47717304E+02   5840.7 7.831E+03 4.423E+12 7.989E-02 4.725E-02 2.000E+05 2.224E-01 2.236E+04
2.57867828E+02   6111.3 8.152E+03 8.126E+12 1.346E-01 7.567E-02 2.000E+05 2.670E-01 5.383E+04
2.65659065E+02   6428.0 8.397E+03 1.556E+13 2.395E-01 1.251E-01 2.000E+05 3.188E-01 1.021E+05
2.71614931E+02   6740.1 8.585E+03 2.791E+13 4.116E-01 2.007E-01 2.000E+05 3.710E-01 1.356E+05
2.76043457E+02   7110.1 8.724E+03 5.206E+13 7.602E-01 3.337E-01 2.000E+05 4.308E-01 2.988E+05
2.79352546E+02   7428.4 8.827E+03 8.469E+13 1.271E+00 3.567E-01 2.000E+05 6.373E-01 3.786E+05
2.82285383E+02   7638.8 8.919E+03 1.144E+14 1.774E+00 3.116E-01 2.000E+05 7.720E-01 3.901E+05
2.85142980E+02   7827.4 9.008E+03 1.476E+14 2.382E+00 2.875E-01 2.000E+05 8.450E-01 3.920E+05
2.88076879E+02   7978.4 9.100E+03 1.796E+14 3.009E+00 2.577E-01 2.000E+05 8.892E-01 3.890E+05
2.91177266E+02   8130.7 9.197E+03 2.171E+14 3.794E+00 2.418E-01 2.000E+05 9.180E-01 3.855E+05
2.94517513E+02   8262.2 9.302E+03 2.545E+14 4.625E+00 2.207E-01 2.000E+05 9.384E-01 3.811E+05
2.98154422E+02   8402.2 9.417E+03 2.995E+14 5.689E+00 2.093E-01 2.000E+05 9.526E-01 3.765E+05
3.02154117E+02   8526.2 9.542E+03 3.447E+14 6.816E+00 2.065E-01 2.000E+05 9.609E-01 3.720E+05
RADK 5.4561E-01
EGIN                    ITERATION  15 COMPLETED
