TEFF  13000.  GRAVITY 4.50000 LTE
TITLE SDSC GRID  [-4.0]   VTURB 2.0 KM/S
 OPACITY IFOP 1 1 1 1 1 1 1 1 1 1 1 1 1 0 1 0 0 0 0 0
 CONVECTION OFF  1.00 TURBULENCE OFF  0.00  0.00  0.00  0.00
ABUNDANCE SCALE   0.00010 ABUNDANCE CHANGE 1 0.91100 2 0.08900
 ABUNDANCE CHANGE  3 -10.88  4 -10.89  5  -9.44  6  -3.48  7  -3.99  8  -3.11
 ABUNDANCE CHANGE  9  -7.48 10  -3.95 11  -5.71 12  -4.46 13  -5.57 14  -4.49
 ABUNDANCE CHANGE 15  -6.59 16  -4.83 17  -6.54 18  -5.48 19  -6.82 20  -5.68
 ABUNDANCE CHANGE 21  -8.94 22  -7.05 23  -8.04 24  -6.37 25  -6.65 26  -4.37
 ABUNDANCE CHANGE 27  -7.12 28  -5.79 29  -7.83 30  -7.44 31  -9.16 32  -8.63
 ABUNDANCE CHANGE 33  -9.67 34  -8.69 35  -9.41 36  -8.81 37  -9.44 38  -9.14
 ABUNDANCE CHANGE 39  -9.80 40  -9.54 41 -10.62 42 -10.12 43 -20.00 44 -10.20
 ABUNDANCE CHANGE 45 -10.92 46 -10.35 47 -11.10 48 -10.18 49 -10.58 50 -10.04
 ABUNDANCE CHANGE 51 -11.04 52  -9.80 53 -10.53 54  -9.81 55 -10.92 56  -9.91
 ABUNDANCE CHANGE 57 -10.82 58 -10.49 59 -11.33 60 -10.54 61 -20.00 62 -11.04
 ABUNDANCE CHANGE 63 -11.53 64 -10.92 65 -11.94 66 -10.94 67 -11.78 68 -11.11
 ABUNDANCE CHANGE 69 -12.04 70 -10.96 71 -11.28 72 -11.16 73 -11.91 74 -10.93
 ABUNDANCE CHANGE 75 -11.77 76 -10.59 77 -10.69 78 -10.24 79 -11.03 80 -10.95
 ABUNDANCE CHANGE 81 -11.14 82 -10.19 83 -11.33 84 -20.00 85 -20.00 86 -20.00
 ABUNDANCE CHANGE 87 -20.00 88 -20.00 89 -20.00 90 -11.92 91 -20.00 92 -12.51
 ABUNDANCE CHANGE 93 -20.00 94 -20.00 95 -20.00 96 -20.00 97 -20.00 98 -20.00
 ABUNDANCE CHANGE 99 -20.00
READ DECK6 64 RHOX,T,P,XNE,ABROSS,ACCRAD,VTURB
 5.17951818E-06   8040.0 1.636E-01 6.977E+10 3.187E-01 2.031E+01 2.000E+05
 5.61320992E-06   8196.6 1.773E-01 7.431E+10 3.187E-01 1.982E+01 2.000E+05
 7.42724674E-06   8197.6 2.347E-01 9.816E+10 3.275E-01 2.105E+01 2.000E+05
 9.80574571E-06   8214.2 3.098E-01 1.291E+11 3.381E-01 2.245E+01 2.000E+05
 1.28688170E-05   8250.3 4.066E-01 1.684E+11 3.504E-01 2.382E+01 2.000E+05
 1.68019033E-05   8296.1 5.309E-01 2.184E+11 3.647E-01 2.525E+01 2.000E+05
 2.18263418E-05   8347.0 6.897E-01 2.815E+11 3.816E-01 2.679E+01 2.000E+05
 2.82144108E-05   8401.8 8.915E-01 3.609E+11 4.012E-01 2.847E+01 2.000E+05
 3.62941561E-05   8459.4 1.147E+00 4.604E+11 4.240E-01 3.030E+01 2.000E+05
 4.64629932E-05   8518.7 1.468E+00 5.843E+11 4.504E-01 3.237E+01 2.000E+05
 5.91925797E-05   8578.8 1.870E+00 7.378E+11 4.810E-01 3.482E+01 2.000E+05
 7.50449819E-05   8641.0 2.371E+00 9.270E+11 5.164E-01 3.768E+01 2.000E+05
 9.46891627E-05   8706.9 2.991E+00 1.159E+12 5.569E-01 4.100E+01 2.000E+05
 1.18940312E-04   8781.4 3.757E+00 1.441E+12 6.024E-01 4.425E+01 2.000E+05
 1.48774105E-04   8859.5 4.699E+00 1.785E+12 6.543E-01 4.751E+01 2.000E+05
 1.85313809E-04   8935.0 5.853E+00 2.202E+12 7.141E-01 5.097E+01 2.000E+05
 2.29834132E-04   9002.3 7.258E+00 2.706E+12 7.838E-01 5.486E+01 2.000E+05
 2.83741184E-04   9054.5 8.960E+00 3.312E+12 8.659E-01 5.982E+01 2.000E+05
 3.48613918E-04   9093.4 1.101E+01 4.036E+12 9.621E-01 6.617E+01 2.000E+05
 4.26286263E-04   9120.9 1.346E+01 4.896E+12 1.074E+00 7.412E+01 2.000E+05
 5.18890583E-04   9139.1 1.638E+01 5.910E+12 1.203E+00 8.404E+01 2.000E+05
 6.28999881E-04   9156.1 1.985E+01 7.099E+12 1.350E+00 9.566E+01 2.000E+05
 7.59779775E-04   9175.6 2.397E+01 8.490E+12 1.517E+00 1.088E+02 2.000E+05
 9.14997907E-04   9196.6 2.886E+01 1.012E+13 1.704E+00 1.234E+02 2.000E+05
 1.09923276E-03   9227.0 3.467E+01 1.202E+13 1.914E+00 1.390E+02 2.000E+05
 1.31801600E-03   9265.2 4.155E+01 1.424E+13 2.150E+00 1.554E+02 2.000E+05
 1.57767197E-03   9301.7 4.972E+01 1.684E+13 2.417E+00 1.737E+02 2.000E+05
 1.88558512E-03   9340.9 5.940E+01 1.988E+13 2.718E+00 1.941E+02 2.000E+05
 2.25071976E-03   9385.0 7.087E+01 2.343E+13 3.056E+00 2.161E+02 2.000E+05
 2.68367430E-03   9431.2 8.446E+01 2.757E+13 3.438E+00 2.406E+02 2.000E+05
 3.19684592E-03   9478.4 1.006E+02 3.241E+13 3.868E+00 2.682E+02 2.000E+05
 3.80540716E-03   9541.2 1.196E+02 3.811E+13 4.347E+00 2.966E+02 2.000E+05
 4.52725106E-03   9602.0 1.422E+02 4.477E+13 4.889E+00 3.290E+02 2.000E+05
 5.38290936E-03   9671.1 1.690E+02 5.260E+13 5.502E+00 3.657E+02 2.000E+05
 6.39650126E-03   9750.4 2.007E+02 6.181E+13 6.196E+00 4.069E+02 2.000E+05
 7.59643491E-03   9843.8 2.381E+02 7.269E+13 6.981E+00 4.528E+02 2.000E+05
 9.01649111E-03   9953.5 2.823E+02 8.557E+13 7.865E+00 5.041E+02 2.000E+05
 1.07007019E-02  10087.4 3.347E+02 1.009E+14 8.821E+00 5.561E+02 2.000E+05
 1.27098474E-02  10245.9 3.970E+02 1.191E+14 9.828E+00 6.073E+02 2.000E+05
 1.51212038E-02  10428.9 4.718E+02 1.409E+14 1.089E+01 6.611E+02 2.000E+05
 1.80369489E-02  10643.9 5.620E+02 1.669E+14 1.195E+01 7.153E+02 2.000E+05
 2.16028849E-02  10897.3 6.721E+02 1.980E+14 1.294E+01 7.668E+02 2.000E+05
 2.60319892E-02  11198.1 8.086E+02 2.355E+14 1.377E+01 8.117E+02 2.000E+05
 3.16652034E-02  11554.9 9.821E+02 2.811E+14 1.424E+01 8.353E+02 2.000E+05
 3.90207729E-02  11973.7 1.209E+03 3.377E+14 1.438E+01 8.424E+02 2.000E+05
 4.88419142E-02  12463.8 1.511E+03 4.094E+14 1.423E+01 8.370E+02 2.000E+05
 6.22336220E-02  13036.1 1.923E+03 5.017E+14 1.379E+01 8.169E+02 2.000E+05
 8.07797711E-02  13696.2 2.495E+03 6.227E+14 1.319E+01 7.865E+02 2.000E+05
 1.06688232E-01  14447.8 3.294E+03 7.831E+14 1.260E+01 7.527E+02 2.000E+05
 1.42730021E-01  15292.5 4.408E+03 9.954E+14 1.214E+01 7.192E+02 2.000E+05
 1.92084691E-01  16216.3 5.933E+03 1.274E+15 1.194E+01 6.947E+02 2.000E+05
 2.58249265E-01  17215.2 7.980E+03 1.631E+15 1.198E+01 6.813E+02 2.000E+05
 3.45864587E-01  18291.1 1.069E+04 2.077E+15 1.210E+01 6.744E+02 2.000E+05
 4.61636918E-01  19455.6 1.427E+04 2.626E+15 1.219E+01 6.694E+02 2.000E+05
 6.14915565E-01  20720.6 1.902E+04 3.299E+15 1.228E+01 6.675E+02 2.000E+05
 8.17522529E-01  22100.1 2.529E+04 4.123E+15 1.241E+01 6.704E+02 2.000E+05
 1.08353150E+00  23603.2 3.352E+04 5.123E+15 1.267E+01 6.813E+02 2.000E+05
 1.42950358E+00  25242.3 4.423E+04 6.323E+15 1.305E+01 6.993E+02 2.000E+05
 1.87461169E+00  27022.1 5.798E+04 7.746E+15 1.360E+01 7.274E+02 2.000E+05
 2.44138484E+00  28955.2 7.548E+04 9.413E+15 1.431E+01 7.638E+02 2.000E+05
 3.15646947E+00  31048.4 9.753E+04 1.134E+16 1.518E+01 8.093E+02 2.000E+05
 4.05104060E+00  33308.9 1.251E+05 1.356E+16 1.625E+01 8.657E+02 2.000E+05
 5.16251499E+00  35762.6 1.592E+05 1.610E+16 1.748E+01 9.290E+02 2.000E+05
 6.53528175E+00  38401.7 2.014E+05 1.899E+16 1.897E+01 9.171E+02 2.000E+05
PRADK 5.0619E+01
BEGIN                    ITERATION   6 COMPLETED
