TEFF   5750.  GRAVITY 5.00000 LTE
TITLE SDSC GRID  [-4.0]   VTURB 2.0 KM/S    L/H 1.25
 OPACITY IFOP 1 1 1 1 1 1 1 1 1 1 1 1 1 0 1 0 0 0 0 0
 CONVECTION ON   1.25 TURBULENCE OFF  0.00  0.00  0.00  0.00
ABUNDANCE SCALE   0.00010 ABUNDANCE CHANGE 1 0.91100 2 0.08900
 ABUNDANCE CHANGE  3 -10.88  4 -10.89  5  -9.44  6  -3.48  7  -3.99  8  -3.11
 ABUNDANCE CHANGE  9  -7.48 10  -3.95 11  -5.71 12  -4.46 13  -5.57 14  -4.49
 ABUNDANCE CHANGE 15  -6.59 16  -4.83 17  -6.54 18  -5.48 19  -6.82 20  -5.68
 ABUNDANCE CHANGE 21  -8.94 22  -7.05 23  -8.04 24  -6.37 25  -6.65 26  -4.37
 ABUNDANCE CHANGE 27  -7.12 28  -5.79 29  -7.83 30  -7.44 31  -9.16 32  -8.63
 ABUNDANCE CHANGE 33  -9.67 34  -8.69 35  -9.41 36  -8.81 37  -9.44 38  -9.14
 ABUNDANCE CHANGE 39  -9.80 40  -9.54 41 -10.62 42 -10.12 43 -20.00 44 -10.20
 ABUNDANCE CHANGE 45 -10.92 46 -10.35 47 -11.10 48 -10.18 49 -10.58 50 -10.04
 ABUNDANCE CHANGE 51 -11.04 52  -9.80 53 -10.53 54  -9.81 55 -10.92 56  -9.91
 ABUNDANCE CHANGE 57 -10.82 58 -10.49 59 -11.33 60 -10.54 61 -20.00 62 -11.04
 ABUNDANCE CHANGE 63 -11.53 64 -10.92 65 -11.94 66 -10.94 67 -11.78 68 -11.11
 ABUNDANCE CHANGE 69 -12.04 70 -10.96 71 -11.28 72 -11.16 73 -11.91 74 -10.93
 ABUNDANCE CHANGE 75 -11.77 76 -10.59 77 -10.69 78 -10.24 79 -11.03 80 -10.95
 ABUNDANCE CHANGE 81 -11.14 82 -10.19 83 -11.33 84 -20.00 85 -20.00 86 -20.00
 ABUNDANCE CHANGE 87 -20.00 88 -20.00 89 -20.00 90 -11.92 91 -20.00 92 -12.51
 ABUNDANCE CHANGE 93 -20.00 94 -20.00 95 -20.00 96 -20.00 97 -20.00 98 -20.00
 ABUNDANCE CHANGE 99 -20.00
READ DECK6 72 RHOX,T,P,XNE,ABROSS,ACCRAD,VTURB
 3.95365765E-04   4578.8 3.954E+01 6.812E+09 3.373E-04 2.803E-03 2.000E+05 0.000E+00 0.000E+00
 5.22388334E-04   4580.7 5.224E+01 7.877E+09 3.630E-04 2.861E-03 2.000E+05 0.000E+00 0.000E+00
 6.79110559E-04   4583.5 6.791E+01 9.078E+09 3.939E-04 2.928E-03 2.000E+05 0.000E+00 0.000E+00
 8.71155157E-04   4587.1 8.712E+01 1.043E+10 4.298E-04 3.006E-03 2.000E+05 0.000E+00 0.000E+00
 1.10513884E-03   4591.6 1.105E+02 1.195E+10 4.713E-04 3.095E-03 2.000E+05 0.000E+00 0.000E+00
 1.38916585E-03   4596.8 1.389E+02 1.366E+10 5.186E-04 3.196E-03 2.000E+05 0.000E+00 0.000E+00
 1.73284274E-03   4602.7 1.733E+02 1.560E+10 5.724E-04 3.311E-03 2.000E+05 0.000E+00 0.000E+00
 2.14741664E-03   4609.3 2.147E+02 1.780E+10 6.335E-04 3.441E-03 2.000E+05 0.000E+00 0.000E+00
 2.64656685E-03   4615.9 2.647E+02 2.026E+10 7.014E-04 3.585E-03 2.000E+05 0.000E+00 0.000E+00
 3.25154574E-03   4617.5 3.252E+02 2.260E+10 7.653E-04 3.722E-03 2.000E+05 0.000E+00 0.000E+00
 3.98934787E-03   4618.5 3.993E+02 2.514E+10 8.345E-04 3.872E-03 2.000E+05 0.000E+00 0.000E+00
 4.89507388E-03   4619.5 4.899E+02 2.795E+10 9.111E-04 4.039E-03 2.000E+05 0.000E+00 0.000E+00
 5.99820208E-03   4622.2 6.002E+02 3.125E+10 1.001E-03 4.233E-03 2.000E+05 0.000E+00 0.000E+00
 7.33748394E-03   4624.4 7.341E+02 3.484E+10 1.098E-03 4.445E-03 2.000E+05 0.000E+00 0.000E+00
 8.96506847E-03   4626.6 8.968E+02 3.883E+10 1.205E-03 4.680E-03 2.000E+05 0.000E+00 0.000E+00
 1.09408265E-02   4629.0 1.094E+03 4.329E+10 1.325E-03 4.942E-03 2.000E+05 0.000E+00 0.000E+00
 1.33386823E-02   4631.3 1.334E+03 4.820E+10 1.456E-03 5.230E-03 2.000E+05 0.000E+00 0.000E+00
 1.62457728E-02   4634.0 1.625E+03 5.374E+10 1.602E-03 5.553E-03 2.000E+05 0.000E+00 0.000E+00
 1.97695811E-02   4636.3 1.977E+03 5.979E+10 1.762E-03 5.906E-03 2.000E+05 0.000E+00 0.000E+00
 2.40414724E-02   4638.7 2.404E+03 6.654E+10 1.939E-03 6.298E-03 2.000E+05 0.000E+00 0.000E+00
 2.92194357E-02   4641.0 2.922E+03 7.397E+10 2.132E-03 6.729E-03 2.000E+05 0.000E+00 0.000E+00
 3.54959283E-02   4643.2 3.550E+03 8.221E+10 2.346E-03 7.206E-03 2.000E+05 0.000E+00 0.000E+00
 4.31046690E-02   4645.2 4.311E+03 9.128E+10 2.580E-03 7.731E-03 2.000E+05 0.000E+00 0.000E+00
 5.23282140E-02   4647.3 5.233E+03 1.014E+11 2.839E-03 8.311E-03 2.000E+05 0.000E+00 0.000E+00
 6.35065806E-02   4649.3 6.351E+03 1.125E+11 3.124E-03 8.952E-03 2.000E+05 0.000E+00 0.000E+00
 7.70531708E-02   4651.3 7.705E+03 1.248E+11 3.438E-03 9.659E-03 2.000E+05 0.000E+00 0.000E+00
 9.34663717E-02   4653.3 9.347E+03 1.385E+11 3.784E-03 1.044E-02 2.000E+05 0.000E+00 0.000E+00
 1.13350210E-01   4655.2 1.134E+04 1.536E+11 4.165E-03 1.131E-02 2.000E+05 0.000E+00 0.000E+00
 1.37434807E-01   4657.2 1.374E+04 1.704E+11 4.587E-03 1.226E-02 2.000E+05 0.000E+00 0.000E+00
 1.66597235E-01   4659.3 1.666E+04 1.890E+11 5.052E-03 1.332E-02 2.000E+05 0.000E+00 0.000E+00
 2.01886203E-01   4661.5 2.019E+04 2.098E+11 5.570E-03 1.450E-02 2.000E+05 0.000E+00 0.000E+00
 2.44562029E-01   4664.0 2.446E+04 2.330E+11 6.144E-03 1.581E-02 2.000E+05 0.000E+00 0.000E+00
 2.96112273E-01   4667.0 2.961E+04 2.592E+11 6.788E-03 1.729E-02 2.000E+05 0.000E+00 0.000E+00
 3.58307627E-01   4670.3 3.583E+04 2.886E+11 7.506E-03 1.893E-02 2.000E+05 0.000E+00 0.000E+00
 4.33218558E-01   4674.4 4.332E+04 3.222E+11 8.320E-03 2.080E-02 2.000E+05 0.000E+00 0.000E+00
 5.23243904E-01   4679.4 5.232E+04 3.606E+11 9.243E-03 2.290E-02 2.000E+05 0.000E+00 0.000E+00
 6.31139988E-01   4685.6 6.311E+04 4.051E+11 1.030E-02 2.532E-02 2.000E+05 0.000E+00 0.000E+00
 7.60023424E-01   4693.3 7.600E+04 4.570E+11 1.152E-02 2.809E-02 2.000E+05 0.000E+00 0.000E+00
 9.13349884E-01   4702.7 9.133E+04 5.183E+11 1.294E-02 3.131E-02 2.000E+05 0.000E+00 0.000E+00
 1.09479832E+00   4714.4 1.095E+05 5.918E+11 1.462E-02 3.510E-02 2.000E+05 0.000E+00 0.000E+00
 1.30818133E+00   4729.1 1.308E+05 6.818E+11 1.665E-02 3.964E-02 2.000E+05 0.000E+00 0.000E+00
 1.55718384E+00   4747.1 1.557E+05 7.930E+11 1.910E-02 4.512E-02 2.000E+05 0.000E+00 0.000E+00
 1.84501364E+00   4769.8 1.845E+05 9.347E+11 2.216E-02 5.192E-02 2.000E+05 0.000E+00 0.000E+00
 2.17394937E+00   4797.5 2.174E+05 1.118E+12 2.601E-02 6.043E-02 2.000E+05 0.000E+00 0.000E+00
 2.54459140E+00   4832.3 2.545E+05 1.363E+12 3.104E-02 7.151E-02 2.000E+05 0.000E+00 0.000E+00
 2.95500432E+00   4875.4 2.955E+05 1.701E+12 3.773E-02 8.615E-02 2.000E+05 0.000E+00 0.000E+00
 3.40020763E+00   4929.8 3.400E+05 2.187E+12 4.703E-02 1.064E-01 2.000E+05 0.000E+00 0.000E+00
 3.86449922E+00   5010.9 3.864E+05 3.033E+12 6.236E-02 1.397E-01 2.000E+05 3.194E-06 0.000E+00
 4.27694201E+00   5195.6 4.277E+05 5.636E+12 1.051E-01 2.315E-01 2.000E+05 1.621E-03 0.000E+00
 4.60025135E+00   5388.6 4.600E+05 1.017E+13 1.712E-01 3.686E-01 2.000E+05 1.900E-02 0.000E+00
 4.89262864E+00   5518.8 4.893E+05 1.491E+13 2.345E-01 4.856E-01 2.000E+05 5.464E-02 0.000E+00
 5.19358465E+00   5608.7 5.194E+05 1.941E+13 2.912E-01 5.707E-01 2.000E+05 9.808E-02 0.000E+00
 5.51872059E+00   5698.7 5.519E+05 2.510E+13 3.594E-01 6.597E-01 2.000E+05 1.490E-01 0.000E+00
 5.86616120E+00   5805.2 5.866E+05 3.352E+13 4.550E-01 7.757E-01 2.000E+05 2.049E-01 0.000E+00
 6.22728181E+00   5931.4 6.227E+05 4.638E+13 5.918E-01 9.307E-01 2.000E+05 2.626E-01 1.342E+04
 6.59162527E+00   6082.4 6.592E+05 6.682E+13 7.941E-01 1.146E+00 2.000E+05 3.198E-01 5.108E+04
 6.95058488E+00   6255.0 6.951E+05 9.888E+13 1.087E+00 1.444E+00 2.000E+05 3.733E-01 8.881E+04
 7.28447939E+00   6490.5 7.285E+05 1.615E+14 1.611E+00 1.917E+00 2.000E+05 4.304E-01 1.219E+05
 7.59330373E+00   6704.5 7.593E+05 2.452E+14 2.255E+00 2.178E+00 2.000E+05 5.434E-01 1.321E+05
 7.89478063E+00   6898.6 7.895E+05 3.509E+14 3.018E+00 2.272E+00 2.000E+05 6.425E-01 1.390E+05
 8.19776073E+00   7089.1 8.198E+05 4.899E+14 3.972E+00 2.298E+00 2.000E+05 7.221E-01 1.432E+05
 8.50877356E+00   7269.3 8.509E+05 6.621E+14 5.104E+00 2.294E+00 2.000E+05 7.836E-01 1.460E+05
 8.83201646E+00   7452.7 8.832E+05 8.870E+14 6.536E+00 2.308E+00 2.000E+05 8.297E-01 1.473E+05
 9.17154136E+00   7628.9 9.172E+05 1.162E+15 8.238E+00 2.315E+00 2.000E+05 8.639E-01 1.474E+05
 9.53062609E+00   7810.7 9.531E+05 1.516E+15 1.039E+01 2.341E+00 2.000E+05 8.913E-01 1.472E+05
 9.91283282E+00   7987.0 9.913E+05 1.944E+15 1.294E+01 2.344E+00 2.000E+05 9.125E-01 1.461E+05
 1.03211613E+01   8169.8 1.032E+06 2.489E+15 1.617E+01 2.359E+00 2.000E+05 9.295E-01 1.446E+05
 1.07598278E+01   8347.2 1.076E+06 3.137E+15 1.997E+01 2.338E+00 2.000E+05 9.436E-01 1.431E+05
 1.12322576E+01   8532.7 1.123E+06 3.959E+15 2.476E+01 2.333E+00 2.000E+05 9.542E-01 1.406E+05
 1.17436567E+01   8710.5 1.174E+06 4.915E+15 3.033E+01 2.292E+00 2.000E+05 9.637E-01 1.388E+05
 1.22981028E+01   8899.5 1.230E+06 6.129E+15 3.738E+01 2.264E+00 2.000E+05 9.706E-01 1.353E+05
 1.29028946E+01   9076.4 1.290E+06 7.498E+15 4.533E+01 2.362E+00 2.000E+05 9.750E-01 1.331E+05
PRADK 1.4443E+00
BEGIN                    ITERATION  15 COMPLETED
