TEFF   5000.  GRAVITY 0.50000 LTE
TITLE SDSC GRID  [+1.0]   VTURB 2.0 KM/S    L/H 1.25
 OPACITY IFOP 1 1 1 1 1 1 1 1 1 1 1 1 1 0 1 0 0 0 0 0
 CONVECTION ON   1.25 TURBULENCE OFF  0.00  0.00  0.00  0.00
ABUNDANCE SCALE  10.00000 ABUNDANCE CHANGE 1 0.91100 2 0.08900
 ABUNDANCE CHANGE  3 -10.88  4 -10.89  5  -9.44  6  -3.48  7  -3.99  8  -3.11
 ABUNDANCE CHANGE  9  -7.48 10  -3.95 11  -5.71 12  -4.46 13  -5.57 14  -4.49
 ABUNDANCE CHANGE 15  -6.59 16  -4.83 17  -6.54 18  -5.48 19  -6.82 20  -5.68
 ABUNDANCE CHANGE 21  -8.94 22  -7.05 23  -8.04 24  -6.37 25  -6.65 26  -4.37
 ABUNDANCE CHANGE 27  -7.12 28  -5.79 29  -7.83 30  -7.44 31  -9.16 32  -8.63
 ABUNDANCE CHANGE 33  -9.67 34  -8.69 35  -9.41 36  -8.81 37  -9.44 38  -9.14
 ABUNDANCE CHANGE 39  -9.80 40  -9.54 41 -10.62 42 -10.12 43 -20.00 44 -10.20
 ABUNDANCE CHANGE 45 -10.92 46 -10.35 47 -11.10 48 -10.18 49 -10.58 50 -10.04
 ABUNDANCE CHANGE 51 -11.04 52  -9.80 53 -10.53 54  -9.81 55 -10.92 56  -9.91
 ABUNDANCE CHANGE 57 -10.82 58 -10.49 59 -11.33 60 -10.54 61 -20.00 62 -11.04
 ABUNDANCE CHANGE 63 -11.53 64 -10.92 65 -11.94 66 -10.94 67 -11.78 68 -11.11
 ABUNDANCE CHANGE 69 -12.04 70 -10.96 71 -11.28 72 -11.16 73 -11.91 74 -10.93
 ABUNDANCE CHANGE 75 -11.77 76 -10.59 77 -10.69 78 -10.24 79 -11.03 80 -10.95
 ABUNDANCE CHANGE 81 -11.14 82 -10.19 83 -11.33 84 -20.00 85 -20.00 86 -20.00
 ABUNDANCE CHANGE 87 -20.00 88 -20.00 89 -20.00 90 -11.92 91 -20.00 92 -12.51
 ABUNDANCE CHANGE 93 -20.00 94 -20.00 95 -20.00 96 -20.00 97 -20.00 98 -20.00
 ABUNDANCE CHANGE 99 -20.00
READ DECK6 72 RHOX,T,P,XNE,ABROSS,ACCRAD,VTURB
 2.30591953E-03   2408.6 7.237E-03 2.007E+06 5.783E-05 2.401E-02 2.000E+05 0.000E+00 0.000E+00
 3.07931205E-03   2426.9 9.665E-03 2.664E+06 5.718E-05 2.131E-02 2.000E+05 0.000E+00 0.000E+00
 4.09229311E-03   2458.3 1.285E-02 3.671E+06 5.991E-05 1.970E-02 2.000E+05 0.000E+00 0.000E+00
 5.37455158E-03   2492.5 1.688E-02 5.068E+06 6.345E-05 1.830E-02 2.000E+05 0.000E+00 0.000E+00
 6.97958066E-03   2529.0 2.193E-02 7.011E+06 6.798E-05 1.712E-02 2.000E+05 0.000E+00 0.000E+00
 8.96725250E-03   2567.0 2.818E-02 9.696E+06 7.352E-05 1.609E-02 2.000E+05 0.000E+00 0.000E+00
 1.14161746E-02   2605.7 3.588E-02 1.338E+07 7.964E-05 1.522E-02 2.000E+05 0.000E+00 0.000E+00
 1.44127853E-02   2646.3 4.532E-02 1.849E+07 8.728E-05 1.455E-02 2.000E+05 0.000E+00 0.000E+00
 1.80376234E-02   2688.2 5.673E-02 2.554E+07 9.673E-05 1.399E-02 2.000E+05 0.000E+00 0.000E+00
 2.24095998E-02   2729.6 7.050E-02 3.494E+07 1.066E-04 1.349E-02 2.000E+05 0.000E+00 0.000E+00
 2.76851550E-02   2771.6 8.711E-02 4.760E+07 1.182E-04 1.310E-02 2.000E+05 0.000E+00 0.000E+00
 3.39973194E-02   2814.2 1.070E-01 6.451E+07 1.324E-04 1.283E-02 2.000E+05 0.000E+00 0.000E+00
 4.15273066E-02   2856.2 1.307E-01 8.646E+07 1.475E-04 1.261E-02 2.000E+05 0.000E+00 0.000E+00
 5.05406230E-02   2898.2 1.591E-01 1.150E+08 1.645E-04 1.242E-02 2.000E+05 0.000E+00 0.000E+00
 6.12620020E-02   2940.8 1.929E-01 1.520E+08 1.853E-04 1.227E-02 2.000E+05 0.000E+00 0.000E+00
 7.39822939E-02   2983.4 2.330E-01 1.993E+08 2.076E-04 1.217E-02 2.000E+05 0.000E+00 0.000E+00
 8.91536001E-02   3026.8 2.808E-01 2.599E+08 2.321E-04 1.211E-02 2.000E+05 0.000E+00 0.000E+00
 1.07157531E-01   3070.8 3.375E-01 3.369E+08 2.620E-04 1.197E-02 2.000E+05 0.000E+00 0.000E+00
 1.28443104E-01   3114.8 4.045E-01 4.329E+08 2.948E-04 1.186E-02 2.000E+05 0.000E+00 0.000E+00
 1.53726158E-01   3159.0 4.842E-01 5.526E+08 3.303E-04 1.180E-02 2.000E+05 0.000E+00 0.000E+00
 1.83819958E-01   3203.2 5.790E-01 7.003E+08 3.701E-04 1.152E-02 2.000E+05 0.000E+00 0.000E+00
 2.19671563E-01   3247.2 6.920E-01 8.816E+08 4.139E-04 1.135E-02 2.000E+05 0.000E+00 0.000E+00
 2.62438135E-01   3291.2 8.267E-01 1.104E+09 4.625E-04 1.132E-02 2.000E+05 0.000E+00 0.000E+00
 3.13523152E-01   3335.5 9.877E-01 1.375E+09 5.158E-04 1.118E-02 2.000E+05 0.000E+00 0.000E+00
 3.74717020E-01   3379.0 1.181E+00 1.704E+09 5.734E-04 1.089E-02 2.000E+05 0.000E+00 0.000E+00
 4.48137924E-01   3422.0 1.412E+00 2.102E+09 6.374E-04 1.074E-02 2.000E+05 0.000E+00 0.000E+00
 5.36140095E-01   3465.0 1.689E+00 2.584E+09 7.095E-04 1.076E-02 2.000E+05 0.000E+00 0.000E+00
 6.41811018E-01   3508.5 2.022E+00 3.169E+09 7.864E-04 1.045E-02 2.000E+05 0.000E+00 0.000E+00
 7.68847732E-01   3551.2 2.423E+00 3.873E+09 8.734E-04 1.030E-02 2.000E+05 0.000E+00 0.000E+00
 9.21038685E-01   3593.9 2.902E+00 4.720E+09 9.741E-04 1.033E-02 2.000E+05 0.000E+00 0.000E+00
 1.10286497E+00   3636.9 3.476E+00 5.739E+09 1.087E-03 1.036E-02 2.000E+05 0.000E+00 0.000E+00
 1.32120008E+00   3680.4 4.164E+00 6.967E+09 1.203E-03 1.003E-02 2.000E+05 0.000E+00 0.000E+00
 1.58380072E+00   3723.1 4.992E+00 8.438E+09 1.337E-03 9.891E-03 2.000E+05 0.000E+00 0.000E+00
 1.89797282E+00   3766.0 5.982E+00 1.020E+10 1.494E-03 9.917E-03 2.000E+05 0.000E+00 0.000E+00
 2.27222494E+00   3809.5 7.162E+00 1.231E+10 1.674E-03 1.002E-02 2.000E+05 0.000E+00 0.000E+00
 2.71951011E+00   3853.8 8.572E+00 1.483E+10 1.862E-03 9.902E-03 2.000E+05 0.000E+00 0.000E+00
 3.25437715E+00   3898.3 1.026E+01 1.783E+10 2.081E-03 9.904E-03 2.000E+05 0.000E+00 0.000E+00
 3.89219604E+00   3943.5 1.227E+01 2.142E+10 2.327E-03 9.919E-03 2.000E+05 0.000E+00 0.000E+00
 4.65150456E+00   3989.4 1.466E+01 2.568E+10 2.610E-03 1.003E-02 2.000E+05 0.000E+00 0.000E+00
 5.55841706E+00   4036.5 1.752E+01 3.077E+10 2.904E-03 9.985E-03 2.000E+05 0.000E+00 0.000E+00
 6.64211034E+00   4084.7 2.094E+01 3.683E+10 3.250E-03 1.008E-02 2.000E+05 0.000E+00 0.000E+00
 7.93005423E+00   4134.6 2.500E+01 4.402E+10 3.655E-03 1.031E-02 2.000E+05 0.000E+00 0.000E+00
 9.45672463E+00   4186.5 2.981E+01 5.253E+10 4.109E-03 1.057E-02 2.000E+05 0.000E+00 0.000E+00
 1.12767768E+01   4240.9 3.554E+01 6.264E+10 4.577E-03 1.069E-02 2.000E+05 0.000E+00 0.000E+00
 1.34531014E+01   4298.0 4.240E+01 7.469E+10 5.112E-03 1.090E-02 2.000E+05 0.000E+00 0.000E+00
 1.60461144E+01   4358.6 5.057E+01 8.898E+10 5.731E-03 1.126E-02 2.000E+05 0.000E+00 0.000E+00
 1.91379612E+01   4423.5 6.032E+01 1.060E+11 6.392E-03 1.162E-02 2.000E+05 0.000E+00 0.000E+00
 2.28354581E+01   4494.1 7.196E+01 1.262E+11 7.128E-03 1.206E-02 2.000E+05 0.000E+00 0.000E+00
 2.72565544E+01   4571.6 8.589E+01 1.503E+11 7.949E-03 1.260E-02 2.000E+05 0.000E+00 0.000E+00
 3.25507239E+01   4657.7 1.026E+02 1.791E+11 8.840E-03 1.323E-02 2.000E+05 0.000E+00 0.000E+00
 3.89064827E+01   4754.9 1.226E+02 2.141E+11 9.818E-03 1.395E-02 2.000E+05 0.000E+00 0.000E+00
 4.65170294E+01   4865.9 1.465E+02 2.575E+11 1.097E-02 1.496E-02 2.000E+05 0.000E+00 0.000E+00
 5.55721003E+01   4994.0 1.750E+02 3.137E+11 1.233E-02 1.621E-02 2.000E+05 0.000E+00 0.000E+00
 6.61982051E+01   5144.7 2.084E+02 3.929E+11 1.421E-02 1.845E-02 2.000E+05 5.556E-16 0.000E+00
 7.82709183E+01   5327.0 2.464E+02 5.208E+11 1.706E-02 2.183E-02 2.000E+05 5.918E-13 0.000E+00
 9.09799202E+01   5554.8 2.863E+02 7.619E+11 2.281E-02 2.772E-02 2.000E+05 3.582E-07 0.000E+00
 1.03399171E+02   5767.8 3.252E+02 1.140E+12 3.169E-02 3.571E-02 2.000E+05 5.935E-02 1.438E+01
 1.14671837E+02   6013.5 3.603E+02 1.823E+12 4.841E-02 4.880E-02 2.000E+05 1.204E-01 7.290E+01
 1.24916563E+02   6209.2 3.921E+02 2.671E+12 6.896E-02 6.671E-02 2.000E+05 1.508E-01 3.461E+02
 1.33445661E+02   6534.9 4.183E+02 4.792E+12 1.244E-01 1.193E-01 2.000E+05 1.848E-01 1.748E+03
 1.39887371E+02   6831.9 4.377E+02 7.914E+12 2.151E-01 1.947E-01 2.000E+05 2.258E-01 6.882E+03
 1.44487717E+02   7209.5 4.510E+02 1.413E+13 4.293E-01 3.762E-01 2.000E+05 2.652E-01 3.538E+04
 1.47574444E+02   7588.9 4.592E+02 2.378E+13 8.480E-01 6.941E-01 2.000E+05 3.068E-01 9.521E+04
 1.49599421E+02   8015.9 4.636E+02 3.955E+13 1.759E+00 1.374E+00 2.000E+05 3.427E-01 2.307E+05
 1.50906955E+02   8463.7 4.654E+02 6.159E+13 3.511E+00 2.204E+00 2.000E+05 4.166E-01 7.248E+05
 1.51885562E+02   8813.8 4.664E+02 8.140E+13 5.582E+00 2.045E+00 2.000E+05 7.017E-01 9.311E+05
 1.52819771E+02   9028.6 4.676E+02 9.382E+13 7.108E+00 1.757E+00 2.000E+05 7.950E-01 9.811E+05
 1.53806963E+02   9265.9 4.690E+02 1.068E+14 8.919E+00 1.635E+00 2.000E+05 8.338E-01 9.961E+05
 1.54906510E+02   9449.2 4.706E+02 1.160E+14 1.026E+01 1.804E+00 2.000E+05 8.659E-01 1.096E+06
 1.56151463E+02   9788.5 4.723E+02 1.294E+14 1.233E+01 1.844E+00 2.000E+05 8.490E-01 1.042E+06
 1.57602925E+02   9982.0 4.727E+02 1.348E+14 1.316E+01 4.105E+00 2.000E+05 7.857E-01 1.236E+06
 1.59857089E+02  11978.8 4.652E+02 1.325E+14 9.032E+00 8.874E+00 2.000E+05 1.210E-01 9.399E+05
PRADK 8.3353E-01
BEGIN                    ITERATION  15 COMPLETED
