TEFF  40000.  GRAVITY 4.50000 LTE
TITLE SDSC GRID  [-4.0]   VTURB 2.0 KM/S
 OPACITY IFOP 1 1 1 1 1 1 1 1 1 1 1 1 1 0 1 0 0 0 0 0
 CONVECTION OFF  1.00 TURBULENCE OFF  0.00  0.00  0.00  0.00
ABUNDANCE SCALE   0.00010 ABUNDANCE CHANGE 1 0.91100 2 0.08900
 ABUNDANCE CHANGE  3 -10.88  4 -10.89  5  -9.44  6  -3.48  7  -3.99  8  -3.11
 ABUNDANCE CHANGE  9  -7.48 10  -3.95 11  -5.71 12  -4.46 13  -5.57 14  -4.49
 ABUNDANCE CHANGE 15  -6.59 16  -4.83 17  -6.54 18  -5.48 19  -6.82 20  -5.68
 ABUNDANCE CHANGE 21  -8.94 22  -7.05 23  -8.04 24  -6.37 25  -6.65 26  -4.37
 ABUNDANCE CHANGE 27  -7.12 28  -5.79 29  -7.83 30  -7.44 31  -9.16 32  -8.63
 ABUNDANCE CHANGE 33  -9.67 34  -8.69 35  -9.41 36  -8.81 37  -9.44 38  -9.14
 ABUNDANCE CHANGE 39  -9.80 40  -9.54 41 -10.62 42 -10.12 43 -20.00 44 -10.20
 ABUNDANCE CHANGE 45 -10.92 46 -10.35 47 -11.10 48 -10.18 49 -10.58 50 -10.04
 ABUNDANCE CHANGE 51 -11.04 52  -9.80 53 -10.53 54  -9.81 55 -10.92 56  -9.91
 ABUNDANCE CHANGE 57 -10.82 58 -10.49 59 -11.33 60 -10.54 61 -20.00 62 -11.04
 ABUNDANCE CHANGE 63 -11.53 64 -10.92 65 -11.94 66 -10.94 67 -11.78 68 -11.11
 ABUNDANCE CHANGE 69 -12.04 70 -10.96 71 -11.28 72 -11.16 73 -11.91 74 -10.93
 ABUNDANCE CHANGE 75 -11.77 76 -10.59 77 -10.69 78 -10.24 79 -11.03 80 -10.95
 ABUNDANCE CHANGE 81 -11.14 82 -10.19 83 -11.33 84 -20.00 85 -20.00 86 -20.00
 ABUNDANCE CHANGE 87 -20.00 88 -20.00 89 -20.00 90 -11.92 91 -20.00 92 -12.51
 ABUNDANCE CHANGE 93 -20.00 94 -20.00 95 -20.00 96 -20.00 97 -20.00 98 -20.00
 ABUNDANCE CHANGE 99 -20.00
READ DECK6 64 RHOX,T,P,XNE,ABROSS,ACCRAD,VTURB
 4.64441571E-06  29120.2 1.393E-01 1.806E+10 3.436E-01 1.685E+03 2.000E+05
 5.10756512E-06  29121.2 1.532E-01 1.986E+10 3.436E-01 1.685E+03 2.000E+05
 6.81224595E-06  29122.2 2.044E-01 2.649E+10 3.437E-01 1.686E+03 2.000E+05
 9.09039065E-06  29123.2 2.727E-01 3.534E+10 3.439E-01 1.687E+03 2.000E+05
 1.21360382E-05  29124.2 3.640E-01 4.716E+10 3.440E-01 1.688E+03 2.000E+05
 1.62033703E-05  29125.2 4.858E-01 6.294E+10 3.442E-01 1.689E+03 2.000E+05
 2.16317441E-05  29126.2 6.484E-01 8.399E+10 3.445E-01 1.691E+03 2.000E+05
 2.88733846E-05  29127.2 8.652E-01 1.120E+11 3.448E-01 1.693E+03 2.000E+05
 3.85295989E-05  29128.2 1.154E+00 1.494E+11 3.452E-01 1.696E+03 2.000E+05
 5.13994126E-05  29129.2 1.539E+00 1.992E+11 3.457E-01 1.699E+03 2.000E+05
 6.85395607E-05  29130.2 2.052E+00 2.654E+11 3.463E-01 1.704E+03 2.000E+05
 9.13472324E-05  29135.0 2.735E+00 3.534E+11 3.472E-01 1.711E+03 2.000E+05
 1.21678616E-04  29178.7 3.642E+00 4.695E+11 3.483E-01 1.719E+03 2.000E+05
 1.61981569E-04  29245.8 4.847E+00 6.230E+11 3.497E-01 1.729E+03 2.000E+05
 2.15469708E-04  29326.9 6.445E+00 8.254E+11 3.516E-01 1.742E+03 2.000E+05
 2.86359020E-04  29411.5 8.563E+00 1.092E+12 3.540E-01 1.758E+03 2.000E+05
 3.80156284E-04  29496.5 1.136E+01 1.443E+12 3.571E-01 1.779E+03 2.000E+05
 5.04015246E-04  29584.6 1.506E+01 1.905E+12 3.610E-01 1.806E+03 2.000E+05
 6.67167812E-04  29675.2 1.992E+01 2.508E+12 3.660E-01 1.842E+03 2.000E+05
 8.81467237E-04  29785.8 2.630E+01 3.293E+12 3.721E-01 1.888E+03 2.000E+05
 1.16207822E-03  29911.6 3.463E+01 4.312E+12 3.795E-01 1.945E+03 2.000E+05
 1.52833846E-03  30082.8 4.549E+01 5.625E+12 3.884E-01 2.010E+03 2.000E+05
 2.00479606E-03  30254.5 5.958E+01 7.315E+12 3.988E-01 2.091E+03 2.000E+05
 2.62247377E-03  30440.9 7.779E+01 9.481E+12 4.108E-01 2.188E+03 2.000E+05
 3.42054274E-03  30646.3 1.012E+02 1.224E+13 4.247E-01 2.301E+03 2.000E+05
 4.44828252E-03  30865.2 1.313E+02 1.575E+13 4.405E-01 2.428E+03 2.000E+05
 5.76750162E-03  31101.8 1.697E+02 2.018E+13 4.583E-01 2.569E+03 2.000E+05
 7.45524388E-03  31329.0 2.186E+02 2.579E+13 4.785E-01 2.736E+03 2.000E+05
 9.60714531E-03  31537.3 2.806E+02 3.284E+13 5.013E-01 2.944E+03 2.000E+05
 1.23420554E-02  31733.3 3.586E+02 4.167E+13 5.267E-01 3.197E+03 2.000E+05
 1.58075470E-02  31932.4 4.566E+02 5.267E+13 5.551E-01 3.493E+03 2.000E+05
 2.01855672E-02  32138.0 5.790E+02 6.630E+13 5.868E-01 3.842E+03 2.000E+05
 2.56997035E-02  32359.4 7.311E+02 8.306E+13 6.222E-01 4.243E+03 2.000E+05
 3.26236106E-02  32598.9 9.190E+02 1.036E+14 6.618E-01 4.701E+03 2.000E+05
 4.12908120E-02  32869.7 1.150E+03 1.285E+14 7.061E-01 5.208E+03 2.000E+05
 5.21057009E-02  33182.7 1.433E+03 1.585E+14 7.557E-01 5.755E+03 2.000E+05
 6.55573147E-02  33551.3 1.777E+03 1.945E+14 8.115E-01 6.320E+03 2.000E+05
 8.22356989E-02  33988.0 2.194E+03 2.372E+14 8.741E-01 6.877E+03 2.000E+05
 1.02851472E-01  34502.8 2.698E+03 2.877E+14 9.442E-01 7.399E+03 2.000E+05
 1.28263856E-01  35102.3 3.308E+03 3.471E+14 1.023E+00 7.863E+03 2.000E+05
 1.59529419E-01  35796.9 4.045E+03 4.171E+14 1.109E+00 8.216E+03 2.000E+05
 1.97956257E-01  36577.5 4.939E+03 4.995E+14 1.204E+00 8.484E+03 2.000E+05
 2.45197572E-01  37451.5 6.027E+03 5.970E+14 1.305E+00 8.678E+03 2.000E+05
 3.03421584E-01  38428.9 7.359E+03 7.123E+14 1.408E+00 8.798E+03 2.000E+05
 3.75586538E-01  39525.3 9.004E+03 8.498E+14 1.509E+00 8.851E+03 2.000E+05
 4.65891784E-01  40757.9 1.106E+04 1.015E+15 1.599E+00 8.833E+03 2.000E+05
 5.80374558E-01  42152.9 1.367E+04 1.216E+15 1.671E+00 8.772E+03 2.000E+05
 7.27681128E-01  43746.0 1.705E+04 1.463E+15 1.719E+00 8.684E+03 2.000E+05
 9.20256387E-01  45572.7 2.147E+04 1.772E+15 1.740E+00 8.565E+03 2.000E+05
 1.17604148E+00  47669.0 2.739E+04 2.163E+15 1.734E+00 8.412E+03 2.000E+05
 1.52092514E+00  50080.7 3.543E+04 2.665E+15 1.703E+00 8.225E+03 2.000E+05
 1.99219117E+00  52840.8 4.651E+04 3.318E+15 1.653E+00 7.995E+03 2.000E+05
 2.64335467E+00  55982.4 6.199E+04 4.175E+15 1.588E+00 7.720E+03 2.000E+05
 3.54989166E+00  59520.1 8.381E+04 5.309E+15 1.518E+00 7.401E+03 2.000E+05
 4.81381714E+00  63444.0 1.146E+05 6.814E+15 1.454E+00 7.086E+03 2.000E+05
 6.56881059E+00  67753.8 1.580E+05 8.792E+15 1.401E+00 6.799E+03 2.000E+05
 8.98750854E+00  72426.8 2.183E+05 1.137E+16 1.361E+00 6.588E+03 2.000E+05
 1.22913544E+01  77528.4 3.013E+05 1.465E+16 1.334E+00 6.438E+03 2.000E+05
 1.67612051E+01  83020.5 4.140E+05 1.881E+16 1.322E+00 6.370E+03 2.000E+05
 2.27521292E+01  89015.2 5.654E+05 2.395E+16 1.320E+00 6.354E+03 2.000E+05
 3.07088466E+01  95452.1 7.663E+05 3.027E+16 1.331E+00 6.401E+03 2.000E+05
 4.12180005E+01 102464.3 1.031E+06 3.794E+16 1.346E+00 6.477E+03 2.000E+05
 5.50568681E+01 110009.5 1.378E+06 4.725E+16 1.363E+00 6.536E+03 2.000E+05
 7.33219633E+01 118134.6 1.838E+06 5.867E+16 1.376E+00 6.393E+03 2.000E+05
PRADK 4.6988E+03
BEGIN                    ITERATION   6 COMPLETED
