TEFF  10500.  GRAVITY 3.00000 LTE 
TITLE SDSC GRID  [+0.1]   VTURB 2.0 KM/S                                        
 OPACITY IFOP 1 1 1 1 1 1 1 1 1 1 1 1 1 0 1 0 0 0 0 0
 CONVECTION OFF  1.00 TURBULENCE OFF  0.00  0.00  0.00  0.00
ABUNDANCE SCALE   1.25890 ABUNDANCE CHANGE 1 0.91100 2 0.08900
 ABUNDANCE CHANGE  3 -10.88  4 -10.89  5  -9.44  6  -3.48  7  -3.99  8  -3.11
 ABUNDANCE CHANGE  9  -7.48 10  -3.95 11  -5.71 12  -4.46 13  -5.57 14  -4.49
 ABUNDANCE CHANGE 15  -6.59 16  -4.83 17  -6.54 18  -5.48 19  -6.82 20  -5.68
 ABUNDANCE CHANGE 21  -8.94 22  -7.05 23  -8.04 24  -6.37 25  -6.65 26  -4.37
 ABUNDANCE CHANGE 27  -7.12 28  -5.79 29  -7.83 30  -7.44 31  -9.16 32  -8.63
 ABUNDANCE CHANGE 33  -9.67 34  -8.69 35  -9.41 36  -8.81 37  -9.44 38  -9.14
 ABUNDANCE CHANGE 39  -9.80 40  -9.54 41 -10.62 42 -10.12 43 -20.00 44 -10.20
 ABUNDANCE CHANGE 45 -10.92 46 -10.35 47 -11.10 48 -10.18 49 -10.58 50 -10.04
 ABUNDANCE CHANGE 51 -11.04 52  -9.80 53 -10.53 54  -9.81 55 -10.92 56  -9.91
 ABUNDANCE CHANGE 57 -10.82 58 -10.49 59 -11.33 60 -10.54 61 -20.00 62 -11.04
 ABUNDANCE CHANGE 63 -11.53 64 -10.92 65 -11.94 66 -10.94 67 -11.78 68 -11.11
 ABUNDANCE CHANGE 69 -12.04 70 -10.96 71 -11.28 72 -11.16 73 -11.91 74 -10.93
 ABUNDANCE CHANGE 75 -11.77 76 -10.59 77 -10.69 78 -10.24 79 -11.03 80 -10.95
 ABUNDANCE CHANGE 81 -11.14 82 -10.19 83 -11.33 84 -20.00 85 -20.00 86 -20.00
 ABUNDANCE CHANGE 87 -20.00 88 -20.00 89 -20.00 90 -11.92 91 -20.00 92 -12.51
 ABUNDANCE CHANGE 93 -20.00 94 -20.00 95 -20.00 96 -20.00 97 -20.00 98 -20.00
 ABUNDANCE CHANGE 99 -20.00
READ DECK6 64 RHOX,T,P,XNE,ABROSS,ACCRAD,VTURB
 7.49145927E-06   5865.7 7.051E-03 2.595E+09 2.359E-01 5.874E+01 2.000E+05
 7.53498718E-06   6212.4 7.093E-03 3.397E+09 2.359E-01 4.943E+01 2.000E+05
 1.00548711E-05   6264.7 9.491E-03 4.475E+09 2.347E-01 4.672E+01 2.000E+05
 1.34191512E-05   6324.6 1.270E-02 5.910E+09 2.354E-01 4.449E+01 2.000E+05
 1.78875078E-05   6385.4 1.698E-02 7.795E+09 2.366E-01 4.249E+01 2.000E+05
 2.38112148E-05   6447.0 2.265E-02 1.026E+10 2.382E-01 4.076E+01 2.000E+05
 3.16519173E-05   6508.7 3.018E-02 1.349E+10 2.401E-01 3.934E+01 2.000E+05
 4.20173359E-05   6570.4 4.015E-02 1.769E+10 2.423E-01 3.790E+01 2.000E+05
 5.57032508E-05   6632.3 5.332E-02 2.316E+10 2.449E-01 3.641E+01 2.000E+05
 7.37438067E-05   6694.5 7.072E-02 3.026E+10 2.480E-01 3.495E+01 2.000E+05
 9.74663709E-05   6757.2 9.363E-02 3.946E+10 2.519E-01 3.388E+01 2.000E+05
 1.28561577E-04   6820.9 1.237E-01 5.136E+10 2.567E-01 3.287E+01 2.000E+05
 1.69189388E-04   6884.8 1.630E-01 6.666E+10 2.624E-01 3.201E+01 2.000E+05
 2.22062017E-04   6949.8 2.142E-01 8.630E+10 2.695E-01 3.148E+01 2.000E+05
 2.90544960E-04   7015.8 2.805E-01 1.114E+11 2.782E-01 3.123E+01 2.000E+05
 3.78745044E-04   7084.3 3.660E-01 1.433E+11 2.889E-01 3.108E+01 2.000E+05
 4.91622634E-04   7155.9 4.754E-01 1.839E+11 3.019E-01 3.057E+01 2.000E+05
 6.35155102E-04   7229.4 6.146E-01 2.350E+11 3.177E-01 3.027E+01 2.000E+05
 8.16435027E-04   7304.7 7.904E-01 2.991E+11 3.365E-01 3.015E+01 2.000E+05
 1.04387338E-03   7381.4 1.011E+00 3.789E+11 3.587E-01 3.018E+01 2.000E+05
 1.32766196E-03   7458.3 1.286E+00 4.775E+11 3.842E-01 3.008E+01 2.000E+05
 1.68028749E-03   7533.6 1.628E+00 5.985E+11 4.131E-01 3.019E+01 2.000E+05
 2.11693356E-03   7606.8 2.052E+00 7.462E+11 4.455E-01 3.046E+01 2.000E+05
 2.65604600E-03   7678.5 2.574E+00 9.260E+11 4.818E-01 3.079E+01 2.000E+05
 3.31977850E-03   7747.3 3.217E+00 1.144E+12 5.226E-01 3.150E+01 2.000E+05
 4.13424182E-03   7815.4 4.006E+00 1.407E+12 5.690E-01 3.229E+01 2.000E+05
 5.13014701E-03   7881.7 4.969E+00 1.723E+12 6.215E-01 3.341E+01 2.000E+05
 6.34339243E-03   7946.8 6.141E+00 2.102E+12 6.817E-01 3.488E+01 2.000E+05
 7.81552754E-03   8011.5 7.560E+00 2.554E+12 7.506E-01 3.669E+01 2.000E+05
 9.59434902E-03   8076.3 9.272E+00 3.093E+12 8.301E-01 3.889E+01 2.000E+05
 1.17349755E-02   8143.1 1.133E+01 3.734E+12 9.215E-01 4.130E+01 2.000E+05
 1.43031598E-02   8211.6 1.379E+01 4.496E+12 1.025E+00 4.379E+01 2.000E+05
 1.73772785E-02   8279.6 1.672E+01 5.393E+12 1.144E+00 4.687E+01 2.000E+05
 2.10448728E-02   8349.8 2.021E+01 6.454E+12 1.281E+00 5.066E+01 2.000E+05
 2.53991121E-02   8425.3 2.433E+01 7.710E+12 1.443E+00 5.525E+01 2.000E+05
 3.05377606E-02   8508.9 2.917E+01 9.199E+12 1.636E+00 6.079E+01 2.000E+05
 3.65609511E-02   8605.1 3.481E+01 1.097E+13 1.867E+00 6.725E+01 2.000E+05
 4.35735263E-02   8716.1 4.133E+01 1.306E+13 2.144E+00 7.468E+01 2.000E+05
 5.17133517E-02   8845.8 4.883E+01 1.554E+13 2.464E+00 8.247E+01 2.000E+05
 6.11518156E-02   8993.8 5.744E+01 1.845E+13 2.835E+00 9.128E+01 2.000E+05
 7.20987377E-02   9165.5 6.734E+01 2.183E+13 3.256E+00 1.009E+02 2.000E+05
 8.48552816E-02   9365.3 7.874E+01 2.573E+13 3.709E+00 1.108E+02 2.000E+05
 9.99239616E-02   9597.1 9.208E+01 3.020E+13 4.147E+00 1.189E+02 2.000E+05
 1.18051125E-01   9864.4 1.080E+02 3.532E+13 4.557E+00 1.260E+02 2.000E+05
 1.40343433E-01  10169.5 1.274E+02 4.124E+13 4.878E+00 1.296E+02 2.000E+05
 1.68485333E-01  10516.2 1.519E+02 4.827E+13 5.095E+00 1.304E+02 2.000E+05
 2.04734064E-01  10911.8 1.834E+02 5.679E+13 5.233E+00 1.304E+02 2.000E+05
 2.52300587E-01  11367.3 2.248E+02 6.733E+13 5.265E+00 1.285E+02 2.000E+05
 3.16172450E-01  11880.0 2.806E+02 8.083E+13 5.172E+00 1.239E+02 2.000E+05
 4.03583054E-01  12470.5 3.574E+02 9.843E+13 5.005E+00 1.189E+02 2.000E+05
 5.24348734E-01  13136.6 4.641E+02 1.217E+14 4.823E+00 1.141E+02 2.000E+05
 6.92193954E-01  13895.6 6.133E+02 1.528E+14 4.612E+00 1.088E+02 2.000E+05
 9.24129900E-01  14740.2 8.204E+02 1.942E+14 4.494E+00 1.056E+02 2.000E+05
 1.24086480E+00  15680.5 1.104E+03 2.486E+14 4.399E+00 1.026E+02 2.000E+05
 1.66771168E+00  16703.2 1.487E+03 3.178E+14 4.389E+00 1.016E+02 2.000E+05
 2.24321464E+00  17827.7 2.005E+03 4.042E+14 4.303E+00 9.913E+01 2.000E+05
 3.02060510E+00  19044.5 2.706E+03 5.124E+14 4.278E+00 9.827E+01 2.000E+05
 4.06404812E+00  20378.5 3.647E+03 6.465E+14 4.248E+00 9.741E+01 2.000E+05
 5.45825565E+00  21818.8 4.906E+03 8.128E+14 4.260E+00 9.737E+01 2.000E+05
 7.31434268E+00  23384.8 6.582E+03 1.018E+15 4.262E+00 9.685E+01 2.000E+05
 9.78252218E+00  25076.5 8.811E+03 1.271E+15 4.291E+00 9.719E+01 2.000E+05
 1.30114839E+01  26904.7 1.172E+04 1.576E+15 4.430E+00 9.917E+01 2.000E+05
 1.71416322E+01  28878.7 1.544E+04 1.933E+15 4.660E+00 1.030E+02 2.000E+05
 2.23125344E+01  31004.3 2.008E+04 2.343E+15 5.016E+00 1.025E+02 2.000E+05
PRADK 2.1918E+01
BEGIN                    ITERATION   6 COMPLETED
