TEFF  31000.  GRAVITY 4.50000 LTE 
TITLE SDSC GRID  [-0.1]   VTURB 2.0 KM/S                                        
 OPACITY IFOP 1 1 1 1 1 1 1 1 1 1 1 1 1 0 1 0 0 0 0 0
 CONVECTION OFF  1.00 TURBULENCE OFF  0.00  0.00  0.00  0.00
ABUNDANCE SCALE   0.79430 ABUNDANCE CHANGE 1 0.91100 2 0.08900
 ABUNDANCE CHANGE  3 -10.88  4 -10.89  5  -9.44  6  -3.48  7  -3.99  8  -3.11
 ABUNDANCE CHANGE  9  -7.48 10  -3.95 11  -5.71 12  -4.46 13  -5.57 14  -4.49
 ABUNDANCE CHANGE 15  -6.59 16  -4.83 17  -6.54 18  -5.48 19  -6.82 20  -5.68
 ABUNDANCE CHANGE 21  -8.94 22  -7.05 23  -8.04 24  -6.37 25  -6.65 26  -4.37
 ABUNDANCE CHANGE 27  -7.12 28  -5.79 29  -7.83 30  -7.44 31  -9.16 32  -8.63
 ABUNDANCE CHANGE 33  -9.67 34  -8.69 35  -9.41 36  -8.81 37  -9.44 38  -9.14
 ABUNDANCE CHANGE 39  -9.80 40  -9.54 41 -10.62 42 -10.12 43 -20.00 44 -10.20
 ABUNDANCE CHANGE 45 -10.92 46 -10.35 47 -11.10 48 -10.18 49 -10.58 50 -10.04
 ABUNDANCE CHANGE 51 -11.04 52  -9.80 53 -10.53 54  -9.81 55 -10.92 56  -9.91
 ABUNDANCE CHANGE 57 -10.82 58 -10.49 59 -11.33 60 -10.54 61 -20.00 62 -11.04
 ABUNDANCE CHANGE 63 -11.53 64 -10.92 65 -11.94 66 -10.94 67 -11.78 68 -11.11
 ABUNDANCE CHANGE 69 -12.04 70 -10.96 71 -11.28 72 -11.16 73 -11.91 74 -10.93
 ABUNDANCE CHANGE 75 -11.77 76 -10.59 77 -10.69 78 -10.24 79 -11.03 80 -10.95
 ABUNDANCE CHANGE 81 -11.14 82 -10.19 83 -11.33 84 -20.00 85 -20.00 86 -20.00
 ABUNDANCE CHANGE 87 -20.00 88 -20.00 89 -20.00 90 -11.92 91 -20.00 92 -12.51
 ABUNDANCE CHANGE 93 -20.00 94 -20.00 95 -20.00 96 -20.00 97 -20.00 98 -20.00
 ABUNDANCE CHANGE 99 -20.00
READ DECK6 64 RHOX,T,P,XNE,ABROSS,ACCRAD,VTURB
 4.86236805E-06  15454.4 1.406E-01 3.296E+10 3.420E-01 2.705E+03 2.000E+05
 5.20034301E-06  16609.5 1.505E-01 3.282E+10 3.420E-01 2.197E+03 2.000E+05
 6.92834235E-06  16743.2 2.014E-01 4.356E+10 3.443E-01 2.145E+03 2.000E+05
 9.21681416E-06  16881.3 2.688E-01 5.768E+10 3.469E-01 2.123E+03 2.000E+05
 1.22451735E-05  17022.0 3.582E-01 7.622E+10 3.496E-01 2.112E+03 2.000E+05
 1.62509991E-05  17172.0 4.764E-01 1.005E+11 3.525E-01 2.101E+03 2.000E+05
 2.15466909E-05  17333.0 6.328E-01 1.322E+11 3.557E-01 2.082E+03 2.000E+05
 2.85437945E-05  17506.6 8.396E-01 1.737E+11 3.591E-01 2.050E+03 2.000E+05
 3.77825502E-05  17692.3 1.113E+00 2.278E+11 3.629E-01 2.006E+03 2.000E+05
 4.99606379E-05  17888.4 1.474E+00 2.984E+11 3.675E-01 1.957E+03 2.000E+05
 6.59827760E-05  18083.5 1.950E+00 3.905E+11 3.727E-01 1.902E+03 2.000E+05
 8.70411258E-05  18267.2 2.576E+00 5.107E+11 3.783E-01 1.854E+03 2.000E+05
 1.14694947E-04  18436.5 3.400E+00 6.678E+11 3.843E-01 1.831E+03 2.000E+05
 1.50961662E-04  18592.8 4.480E+00 8.726E+11 3.911E-01 1.844E+03 2.000E+05
 1.98449833E-04  18747.9 5.893E+00 1.138E+12 3.986E-01 1.879E+03 2.000E+05
 2.60537906E-04  18914.2 7.739E+00 1.482E+12 4.068E-01 1.916E+03 2.000E+05
 3.41592963E-04  19097.2 1.015E+01 1.924E+12 4.159E-01 1.938E+03 2.000E+05
 4.47207589E-04  19296.8 1.328E+01 2.492E+12 4.261E-01 1.943E+03 2.000E+05
 5.84476734E-04  19504.5 1.735E+01 3.222E+12 4.378E-01 1.944E+03 2.000E+05
 7.62365072E-04  19716.2 2.263E+01 4.157E+12 4.512E-01 1.948E+03 2.000E+05
 9.92152331E-04  19928.2 2.945E+01 5.351E+12 4.666E-01 1.961E+03 2.000E+05
 1.28770495E-03  20139.4 3.821E+01 6.870E+12 4.849E-01 1.996E+03 2.000E+05
 1.66625541E-03  20348.2 4.942E+01 8.793E+12 5.056E-01 2.041E+03 2.000E+05
 2.14957705E-03  20554.6 6.370E+01 1.122E+13 5.289E-01 2.097E+03 2.000E+05
 2.76471083E-03  20758.7 8.184E+01 1.427E+13 5.550E-01 2.166E+03 2.000E+05
 3.54513821E-03  20963.2 1.048E+02 1.810E+13 5.842E-01 2.250E+03 2.000E+05
 4.53196325E-03  21172.3 1.337E+02 2.287E+13 6.172E-01 2.347E+03 2.000E+05
 5.77547227E-03  21386.9 1.701E+02 2.878E+13 6.542E-01 2.460E+03 2.000E+05
 7.33755594E-03  21611.0 2.155E+02 3.610E+13 6.954E-01 2.588E+03 2.000E+05
 9.29465996E-03  21848.4 2.722E+02 4.509E+13 7.410E-01 2.730E+03 2.000E+05
 1.17410182E-02  22104.9 3.427E+02 5.611E+13 7.914E-01 2.887E+03 2.000E+05
 1.47913263E-02  22386.8 4.301E+02 6.953E+13 8.476E-01 3.061E+03 2.000E+05
 1.85816375E-02  22699.1 5.380E+02 8.577E+13 9.111E-01 3.248E+03 2.000E+05
 2.32846846E-02  23046.6 6.710E+02 1.054E+14 9.785E-01 3.429E+03 2.000E+05
 2.91274145E-02  23433.7 8.352E+02 1.290E+14 1.050E+00 3.599E+03 2.000E+05
 3.63959884E-02  23866.1 1.038E+03 1.574E+14 1.125E+00 3.760E+03 2.000E+05
 4.54366249E-02  24350.1 1.289E+03 1.916E+14 1.207E+00 3.920E+03 2.000E+05
 5.66864838E-02  24889.9 1.600E+03 2.326E+14 1.293E+00 4.077E+03 2.000E+05
 7.06510202E-02  25492.7 1.984E+03 2.815E+14 1.392E+00 4.262E+03 2.000E+05
 8.79203053E-02  26164.5 2.454E+03 3.394E+14 1.502E+00 4.457E+03 2.000E+05
 1.09307413E-01  26912.2 3.033E+03 4.078E+14 1.614E+00 4.640E+03 2.000E+05
 1.35834143E-01  27747.9 3.746E+03 4.885E+14 1.737E+00 4.831E+03 2.000E+05
 1.68602098E-01  28678.8 4.621E+03 5.830E+14 1.881E+00 5.053E+03 2.000E+05
 2.08834436E-01  29711.2 5.685E+03 6.925E+14 2.048E+00 5.301E+03 2.000E+05
 2.58152685E-01  30850.2 6.977E+03 8.189E+14 2.225E+00 5.535E+03 2.000E+05
 3.18716165E-01  32104.4 8.550E+03 9.651E+14 2.418E+00 5.764E+03 2.000E+05
 3.92734983E-01  33477.5 1.045E+04 1.134E+15 2.649E+00 6.027E+03 2.000E+05
 4.82432314E-01  34973.3 1.274E+04 1.326E+15 2.927E+00 6.348E+03 2.000E+05
 5.91095310E-01  36600.9 1.547E+04 1.547E+15 3.204E+00 6.587E+03 2.000E+05
 7.23743463E-01  38356.4 1.877E+04 1.803E+15 3.492E+00 6.821E+03 2.000E+05
 8.87123957E-01  40265.1 2.281E+04 2.102E+15 3.749E+00 6.995E+03 2.000E+05
 1.09353550E+00  42328.8 2.789E+04 2.460E+15 3.893E+00 6.978E+03 2.000E+05
 1.36244720E+00  44591.8 3.453E+04 2.904E+15 3.938E+00 6.907E+03 2.000E+05
 1.72019717E+00  47103.3 4.340E+04 3.464E+15 3.915E+00 6.773E+03 2.000E+05
 2.20461267E+00  49914.2 5.547E+04 4.185E+15 3.821E+00 6.606E+03 2.000E+05
 2.87470387E+00  53055.2 7.234E+04 5.139E+15 3.644E+00 6.296E+03 2.000E+05
 3.81685099E+00  56555.0 9.635E+04 6.423E+15 3.443E+00 5.989E+03 2.000E+05
 5.15491850E+00  60415.8 1.309E+05 8.173E+15 3.216E+00 5.583E+03 2.000E+05
 7.06251231E+00  64649.6 1.809E+05 1.056E+16 3.016E+00 5.246E+03 2.000E+05
 9.77302533E+00  69242.8 2.529E+05 1.378E+16 2.835E+00 4.915E+03 2.000E+05
 1.35912900E+01  74229.3 3.554E+05 1.806E+16 2.702E+00 4.673E+03 2.000E+05
 1.89009147E+01  79596.0 4.991E+05 2.365E+16 2.608E+00 4.484E+03 2.000E+05
 2.61530834E+01  85413.4 6.962E+05 3.075E+16 2.569E+00 4.379E+03 2.000E+05
 3.59317427E+01  91656.4 9.634E+05 3.964E+16 2.546E+00 4.226E+03 2.000E+05
PRADK 1.7208E+03
BEGIN                    ITERATION   9 COMPLETED
