TEFF   4250.  GRAVITY 4.00000 LTE 
TITLE SDSC GRID  [-0.1]   VTURB 2.0 KM/S    L/H 1.25                            
 OPACITY IFOP 1 1 1 1 1 1 1 1 1 1 1 1 1 0 1 0 0 0 0 0
 CONVECTION ON   1.25 TURBULENCE OFF  0.00  0.00  0.00  0.00
ABUNDANCE SCALE   0.79430 ABUNDANCE CHANGE 1 0.91100 2 0.08900
 ABUNDANCE CHANGE  3 -10.88  4 -10.89  5  -9.44  6  -3.48  7  -3.99  8  -3.11
 ABUNDANCE CHANGE  9  -7.48 10  -3.95 11  -5.71 12  -4.46 13  -5.57 14  -4.49
 ABUNDANCE CHANGE 15  -6.59 16  -4.83 17  -6.54 18  -5.48 19  -6.82 20  -5.68
 ABUNDANCE CHANGE 21  -8.94 22  -7.05 23  -8.04 24  -6.37 25  -6.65 26  -4.37
 ABUNDANCE CHANGE 27  -7.12 28  -5.79 29  -7.83 30  -7.44 31  -9.16 32  -8.63
 ABUNDANCE CHANGE 33  -9.67 34  -8.69 35  -9.41 36  -8.81 37  -9.44 38  -9.14
 ABUNDANCE CHANGE 39  -9.80 40  -9.54 41 -10.62 42 -10.12 43 -20.00 44 -10.20
 ABUNDANCE CHANGE 45 -10.92 46 -10.35 47 -11.10 48 -10.18 49 -10.58 50 -10.04
 ABUNDANCE CHANGE 51 -11.04 52  -9.80 53 -10.53 54  -9.81 55 -10.92 56  -9.91
 ABUNDANCE CHANGE 57 -10.82 58 -10.49 59 -11.33 60 -10.54 61 -20.00 62 -11.04
 ABUNDANCE CHANGE 63 -11.53 64 -10.92 65 -11.94 66 -10.94 67 -11.78 68 -11.11
 ABUNDANCE CHANGE 69 -12.04 70 -10.96 71 -11.28 72 -11.16 73 -11.91 74 -10.93
 ABUNDANCE CHANGE 75 -11.77 76 -10.59 77 -10.69 78 -10.24 79 -11.03 80 -10.95
 ABUNDANCE CHANGE 81 -11.14 82 -10.19 83 -11.33 84 -20.00 85 -20.00 86 -20.00
 ABUNDANCE CHANGE 87 -20.00 88 -20.00 89 -20.00 90 -11.92 91 -20.00 92 -12.51
 ABUNDANCE CHANGE 93 -20.00 94 -20.00 95 -20.00 96 -20.00 97 -20.00 98 -20.00
 ABUNDANCE CHANGE 99 -20.00
READ DECK6 72 RHOX,T,P,XNE,ABROSS,ACCRAD,VTURB
 3.70779975E-03   2694.1 3.708E+01 5.014E+08 3.597E-05 1.028E-02 2.000E+05 0.000E+00 0.000E+00
 4.83558375E-03   2722.2 4.836E+01 6.541E+08 4.291E-05 9.975E-03 2.000E+05 0.000E+00 0.000E+00
 6.10423909E-03   2747.5 6.104E+01 8.277E+08 5.059E-05 9.734E-03 2.000E+05 0.000E+00 0.000E+00
 7.54368663E-03   2771.1 7.544E+01 1.026E+09 5.930E-05 9.443E-03 2.000E+05 0.000E+00 0.000E+00
 9.18529310E-03   2794.0 9.185E+01 1.254E+09 6.919E-05 9.134E-03 2.000E+05 0.000E+00 0.000E+00
 1.10655321E-02   2815.7 1.107E+02 1.517E+09 8.041E-05 8.813E-03 2.000E+05 0.000E+00 0.000E+00
 1.32248841E-02   2837.1 1.322E+02 1.821E+09 9.330E-05 8.504E-03 2.000E+05 0.000E+00 0.000E+00
 1.57076265E-02   2858.7 1.571E+02 2.176E+09 1.082E-04 8.238E-03 2.000E+05 0.000E+00 0.000E+00
 1.85633078E-02   2880.4 1.856E+02 2.590E+09 1.254E-04 8.006E-03 2.000E+05 0.000E+00 0.000E+00
 2.18464042E-02   2901.9 2.185E+02 3.070E+09 1.455E-04 7.754E-03 2.000E+05 0.000E+00 0.000E+00
 2.56213722E-02   2923.1 2.562E+02 3.627E+09 1.687E-04 7.520E-03 2.000E+05 0.000E+00 0.000E+00
 2.99664260E-02   2944.2 2.997E+02 4.274E+09 1.954E-04 7.312E-03 2.000E+05 0.000E+00 0.000E+00
 3.49723778E-02   2964.7 3.497E+02 5.022E+09 2.260E-04 7.109E-03 2.000E+05 0.000E+00 0.000E+00
 4.07428563E-02   2985.2 4.074E+02 5.891E+09 2.615E-04 6.936E-03 2.000E+05 0.000E+00 0.000E+00
 4.73960428E-02   3005.8 4.740E+02 6.901E+09 3.024E-04 6.805E-03 2.000E+05 0.000E+00 0.000E+00
 5.50659127E-02   3026.5 5.507E+02 8.078E+09 3.499E-04 6.711E-03 2.000E+05 0.000E+00 0.000E+00
 6.38992903E-02   3047.4 6.390E+02 9.448E+09 4.053E-04 6.637E-03 2.000E+05 0.000E+00 0.000E+00
 7.40751042E-02   3068.0 7.408E+02 1.103E+10 4.689E-04 6.586E-03 2.000E+05 0.000E+00 0.000E+00
 8.58092305E-02   3088.5 8.581E+02 1.287E+10 5.420E-04 6.558E-03 2.000E+05 0.000E+00 0.000E+00
 9.93489740E-02   3109.1 9.935E+02 1.501E+10 6.262E-04 6.550E-03 2.000E+05 0.000E+00 0.000E+00
 1.14979528E-01   3129.3 1.150E+03 1.747E+10 7.233E-04 6.561E-03 2.000E+05 0.000E+00 0.000E+00
 1.33027099E-01   3149.6 1.330E+03 2.034E+10 8.353E-04 6.612E-03 2.000E+05 0.000E+00 0.000E+00
 1.53859147E-01   3170.3 1.539E+03 2.368E+10 9.654E-04 6.698E-03 2.000E+05 0.000E+00 0.000E+00
 1.77883661E-01   3191.3 1.779E+03 2.756E+10 1.117E-03 6.808E-03 2.000E+05 0.000E+00 0.000E+00
 2.05596933E-01   3212.1 2.056E+03 3.206E+10 1.290E-03 6.937E-03 2.000E+05 0.000E+00 0.000E+00
 2.37593539E-01   3233.0 2.376E+03 3.728E+10 1.490E-03 7.091E-03 2.000E+05 0.000E+00 0.000E+00
 2.74562137E-01   3253.8 2.746E+03 4.332E+10 1.719E-03 7.272E-03 2.000E+05 0.000E+00 0.000E+00
 3.17306772E-01   3274.5 3.173E+03 5.032E+10 1.982E-03 7.483E-03 2.000E+05 0.000E+00 0.000E+00
 3.66751412E-01   3295.0 3.668E+03 5.840E+10 2.284E-03 7.741E-03 2.000E+05 0.000E+00 0.000E+00
 4.23958835E-01   3315.6 4.240E+03 6.777E+10 2.633E-03 8.062E-03 2.000E+05 0.000E+00 0.000E+00
 4.90128062E-01   3336.2 4.901E+03 7.862E+10 3.036E-03 8.455E-03 2.000E+05 0.000E+00 0.000E+00
 5.66692961E-01   3356.5 5.667E+03 9.111E+10 3.496E-03 8.899E-03 2.000E+05 0.000E+00 0.000E+00
 6.55415095E-01   3376.6 6.554E+03 1.055E+11 4.021E-03 9.405E-03 2.000E+05 0.000E+00 0.000E+00
 7.58328324E-01   3396.5 7.583E+03 1.221E+11 4.621E-03 9.982E-03 2.000E+05 0.000E+00 0.000E+00
 8.77792948E-01   3416.3 8.778E+03 1.413E+11 5.307E-03 1.064E-02 2.000E+05 0.000E+00 0.000E+00
 1.01655091E+00   3436.3 1.017E+04 1.636E+11 6.093E-03 1.139E-02 2.000E+05 0.000E+00 0.000E+00
 1.17759991E+00   3457.1 1.178E+04 1.896E+11 7.005E-03 1.225E-02 2.000E+05 0.000E+00 0.000E+00
 1.36427985E+00   3478.5 1.364E+04 2.200E+11 8.064E-03 1.326E-02 2.000E+05 0.000E+00 0.000E+00
 1.58037051E+00   3500.7 1.580E+04 2.555E+11 9.297E-03 1.443E-02 2.000E+05 0.000E+00 0.000E+00
 1.83010109E+00   3524.0 1.830E+04 2.973E+11 1.074E-02 1.577E-02 2.000E+05 0.000E+00 0.000E+00
 2.11813439E+00   3549.0 2.118E+04 3.467E+11 1.243E-02 1.731E-02 2.000E+05 0.000E+00 0.000E+00
 2.44934884E+00   3576.2 2.449E+04 4.058E+11 1.444E-02 1.907E-02 2.000E+05 0.000E+00 0.000E+00
 2.82867775E+00   3606.3 2.829E+04 4.770E+11 1.685E-02 2.113E-02 2.000E+05 0.000E+00 0.000E+00
 3.26078874E+00   3639.9 3.261E+04 5.638E+11 1.979E-02 2.358E-02 2.000E+05 0.000E+00 0.000E+00
 3.74936549E+00   3678.2 3.749E+04 6.711E+11 2.344E-02 2.659E-02 2.000E+05 0.000E+00 0.000E+00
 4.29701478E+00   3721.8 4.297E+04 8.054E+11 2.801E-02 3.020E-02 2.000E+05 0.000E+00 0.000E+00
 4.90515919E+00   3771.9 4.905E+04 9.763E+11 3.381E-02 3.459E-02 2.000E+05 2.154E-07 0.000E+00
 5.57300391E+00   3829.6 5.573E+04 1.197E+12 4.131E-02 4.006E-02 2.000E+05 4.881E-06 0.000E+00
 6.29733084E+00   3896.0 6.297E+04 1.487E+12 5.110E-02 4.691E-02 2.000E+05 2.993E-05 0.000E+00
 7.07395322E+00   3971.9 7.074E+04 1.872E+12 6.388E-02 5.546E-02 2.000E+05 1.205E-04 0.000E+00
 7.89727140E+00   4059.2 7.897E+04 2.391E+12 8.082E-02 6.634E-02 2.000E+05 3.882E-04 3.090E+03
 8.76121122E+00   4159.0 8.761E+04 3.094E+12 1.031E-01 7.996E-02 2.000E+05 1.006E-03 6.955E+03
 9.66386723E+00   4271.0 9.664E+04 4.034E+12 1.316E-01 9.679E-02 2.000E+05 1.879E-03 1.024E+04
 1.06066008E+01   4399.3 1.061E+05 5.297E+12 1.679E-01 1.177E-01 2.000E+05 2.571E-03 1.491E+04
 1.15947436E+01   4547.4 1.159E+05 6.971E+12 2.124E-01 1.427E-01 2.000E+05 3.052E-03 2.047E+04
 1.26468609E+01   4716.3 1.265E+05 9.094E+12 2.630E-01 1.703E-01 2.000E+05 4.307E-03 2.691E+04
 1.37975465E+01   4911.7 1.380E+05 1.170E+13 3.161E-01 1.978E-01 2.000E+05 7.743E-03 3.286E+04
 1.50981732E+01   5135.2 1.510E+05 1.484E+13 3.669E-01 2.188E-01 2.000E+05 2.638E-02 3.272E+04
 1.66037874E+01   5372.6 1.660E+05 1.880E+13 4.209E-01 2.334E-01 2.000E+05 7.899E-02 2.808E+04
 1.83226168E+01   5620.0 1.832E+05 2.504E+13 5.050E-01 2.554E-01 2.000E+05 1.593E-01 3.022E+04
 2.01571609E+01   5878.4 2.016E+05 3.650E+13 6.588E-01 2.981E-01 2.000E+05 2.493E-01 4.729E+04
 2.19651828E+01   6144.3 2.196E+05 5.732E+13 9.221E-01 3.731E-01 2.000E+05 3.349E-01 8.173E+04
 2.36282606E+01   6430.0 2.363E+05 9.535E+13 1.371E+00 4.802E-01 2.000E+05 4.172E-01 1.126E+05
 2.51258856E+01   6701.4 2.513E+05 1.542E+14 2.008E+00 5.503E-01 2.000E+05 5.557E-01 1.275E+05
 2.65162697E+01   6945.8 2.652E+05 2.346E+14 2.827E+00 5.841E-01 2.000E+05 6.681E-01 1.340E+05
 2.78573688E+01   7170.1 2.786E+05 3.396E+14 3.843E+00 6.017E-01 2.000E+05 7.471E-01 1.366E+05
 2.91925571E+01   7377.5 2.919E+05 4.717E+14 5.079E+00 6.112E-01 2.000E+05 8.045E-01 1.374E+05
 3.05541473E+01   7575.3 3.055E+05 6.374E+14 6.580E+00 6.160E-01 2.000E+05 8.503E-01 1.382E+05
 3.19641711E+01   7766.0 3.196E+05 8.425E+14 8.419E+00 6.107E-01 2.000E+05 8.808E-01 1.359E+05
 3.34474788E+01   7947.7 3.345E+05 1.089E+15 1.060E+01 6.072E-01 2.000E+05 9.088E-01 1.359E+05
 3.50192882E+01   8132.2 3.502E+05 1.399E+15 1.331E+01 5.937E-01 2.000E+05 9.269E-01 1.318E+05
 3.67037769E+01   8301.9 3.670E+05 1.751E+15 1.639E+01 6.206E-01 2.000E+05 9.386E-01 1.307E+05
PRADK 4.3440E-01
BEGIN                    ITERATION  15 COMPLETED
