TEFF   8500.  GRAVITY 4.50000 LTE
TITLE SDSC GRID  [+0.5]   VTURB 2.0 KM/S    L/H 1.25
 OPACITY IFOP 1 1 1 1 1 1 1 1 1 1 1 1 1 0 1 0 0 0 0 0
 CONVECTION ON   1.25 TURBULENCE OFF  0.00  0.00  0.00  0.00
ABUNDANCE SCALE   3.16200 ABUNDANCE CHANGE 1 0.91100 2 0.08900
 ABUNDANCE CHANGE  3 -10.88  4 -10.89  5  -9.44  6  -3.48  7  -3.99  8  -3.11
 ABUNDANCE CHANGE  9  -7.48 10  -3.95 11  -5.71 12  -4.46 13  -5.57 14  -4.49
 ABUNDANCE CHANGE 15  -6.59 16  -4.83 17  -6.54 18  -5.48 19  -6.82 20  -5.68
 ABUNDANCE CHANGE 21  -8.94 22  -7.05 23  -8.04 24  -6.37 25  -6.65 26  -4.37
 ABUNDANCE CHANGE 27  -7.12 28  -5.79 29  -7.83 30  -7.44 31  -9.16 32  -8.63
 ABUNDANCE CHANGE 33  -9.67 34  -8.69 35  -9.41 36  -8.81 37  -9.44 38  -9.14
 ABUNDANCE CHANGE 39  -9.80 40  -9.54 41 -10.62 42 -10.12 43 -20.00 44 -10.20
 ABUNDANCE CHANGE 45 -10.92 46 -10.35 47 -11.10 48 -10.18 49 -10.58 50 -10.04
 ABUNDANCE CHANGE 51 -11.04 52  -9.80 53 -10.53 54  -9.81 55 -10.92 56  -9.91
 ABUNDANCE CHANGE 57 -10.82 58 -10.49 59 -11.33 60 -10.54 61 -20.00 62 -11.04
 ABUNDANCE CHANGE 63 -11.53 64 -10.92 65 -11.94 66 -10.94 67 -11.78 68 -11.11
 ABUNDANCE CHANGE 69 -12.04 70 -10.96 71 -11.28 72 -11.16 73 -11.91 74 -10.93
 ABUNDANCE CHANGE 75 -11.77 76 -10.59 77 -10.69 78 -10.24 79 -11.03 80 -10.95
 ABUNDANCE CHANGE 81 -11.14 82 -10.19 83 -11.33 84 -20.00 85 -20.00 86 -20.00
 ABUNDANCE CHANGE 87 -20.00 88 -20.00 89 -20.00 90 -11.92 91 -20.00 92 -12.51
 ABUNDANCE CHANGE 93 -20.00 94 -20.00 95 -20.00 96 -20.00 97 -20.00 98 -20.00
 ABUNDANCE CHANGE 99 -20.00
READ DECK6 72 RHOX,T,P,XNE,ABROSS,ACCRAD,VTURB
 3.26467211E-05   5282.5 1.032E+00 1.197E+10 4.085E-03 4.374E+00 2.000E+05 0.000E+00 0.000E+00
 4.36452704E-05   5306.0 1.380E+00 1.486E+10 4.003E-03 4.429E+00 2.000E+05 0.000E+00 0.000E+00
 5.84543474E-05   5334.7 1.848E+00 1.872E+10 4.007E-03 4.318E+00 2.000E+05 0.000E+00 0.000E+00
 7.80369074E-05   5365.6 2.467E+00 2.364E+10 4.070E-03 4.172E+00 2.000E+05 0.000E+00 0.000E+00
 1.03591038E-04   5397.4 3.275E+00 2.981E+10 4.187E-03 4.040E+00 2.000E+05 0.000E+00 0.000E+00
 1.36508092E-04   5429.4 4.316E+00 3.743E+10 4.360E-03 3.947E+00 2.000E+05 0.000E+00 0.000E+00
 1.78407099E-04   5461.7 5.641E+00 4.680E+10 4.593E-03 3.876E+00 2.000E+05 0.000E+00 0.000E+00
 2.31104143E-04   5494.5 7.308E+00 5.823E+10 4.897E-03 3.822E+00 2.000E+05 0.000E+00 0.000E+00
 2.96631401E-04   5527.9 9.380E+00 7.214E+10 5.283E-03 3.782E+00 2.000E+05 0.000E+00 0.000E+00
 3.77139142E-04   5562.3 1.193E+01 8.904E+10 5.766E-03 3.760E+00 2.000E+05 0.000E+00 0.000E+00
 4.74995623E-04   5597.5 1.502E+01 1.095E+11 6.355E-03 3.743E+00 2.000E+05 0.000E+00 0.000E+00
 5.92852551E-04   5633.5 1.875E+01 1.340E+11 7.065E-03 3.727E+00 2.000E+05 0.000E+00 0.000E+00
 7.33729125E-04   5670.0 2.320E+01 1.634E+11 7.906E-03 3.707E+00 2.000E+05 0.000E+00 0.000E+00
 9.01130798E-04   5707.0 2.849E+01 1.984E+11 8.895E-03 3.689E+00 2.000E+05 0.000E+00 0.000E+00
 1.09907273E-03   5744.5 3.475E+01 2.400E+11 1.005E-02 3.677E+00 2.000E+05 0.000E+00 0.000E+00
 1.33199538E-03   5782.8 4.212E+01 2.896E+11 1.142E-02 3.678E+00 2.000E+05 0.000E+00 0.000E+00
 1.60498362E-03   5821.5 5.075E+01 3.483E+11 1.301E-02 3.681E+00 2.000E+05 0.000E+00 0.000E+00
 1.92407646E-03   5860.7 6.084E+01 4.176E+11 1.486E-02 3.685E+00 2.000E+05 0.000E+00 0.000E+00
 2.29632338E-03   5900.2 7.261E+01 4.995E+11 1.700E-02 3.690E+00 2.000E+05 0.000E+00 0.000E+00
 2.72991842E-03   5940.2 8.632E+01 5.961E+11 1.948E-02 3.699E+00 2.000E+05 0.000E+00 0.000E+00
 3.23434112E-03   5980.6 1.023E+02 7.100E+11 2.234E-02 3.713E+00 2.000E+05 0.000E+00 0.000E+00
 3.82040485E-03   6021.6 1.208E+02 8.442E+11 2.565E-02 3.746E+00 2.000E+05 0.000E+00 0.000E+00
 4.50056961E-03   6063.2 1.423E+02 1.003E+12 2.949E-02 3.782E+00 2.000E+05 0.000E+00 0.000E+00
 5.28910553E-03   6105.5 1.672E+02 1.190E+12 3.394E-02 3.823E+00 2.000E+05 0.000E+00 0.000E+00
 6.20238586E-03   6148.7 1.961E+02 1.411E+12 3.910E-02 3.867E+00 2.000E+05 0.000E+00 0.000E+00
 7.25894023E-03   6192.6 2.295E+02 1.672E+12 4.510E-02 3.922E+00 2.000E+05 0.000E+00 0.000E+00
 8.47971581E-03   6237.2 2.681E+02 1.979E+12 5.207E-02 3.986E+00 2.000E+05 0.000E+00 0.000E+00
 9.88943591E-03   6282.4 3.127E+02 2.341E+12 6.014E-02 4.056E+00 2.000E+05 0.000E+00 0.000E+00
 1.15170051E-02   6327.9 3.642E+02 2.766E+12 6.946E-02 4.150E+00 2.000E+05 0.000E+00 0.000E+00
 1.33960737E-02   6373.9 4.236E+02 3.265E+12 8.023E-02 4.256E+00 2.000E+05 0.000E+00 0.000E+00
 1.55659574E-02   6420.4 4.922E+02 3.850E+12 9.264E-02 4.377E+00 2.000E+05 0.000E+00 0.000E+00
 1.80721330E-02   6467.4 5.714E+02 4.536E+12 1.069E-01 4.516E+00 2.000E+05 0.000E+00 0.000E+00
 2.09671008E-02   6514.9 6.630E+02 5.342E+12 1.235E-01 4.673E+00 2.000E+05 0.000E+00 0.000E+00
 2.43112898E-02   6563.1 7.687E+02 6.289E+12 1.425E-01 4.852E+00 2.000E+05 0.000E+00 0.000E+00
 2.81740971E-02   6611.9 8.908E+02 7.402E+12 1.646E-01 5.057E+00 2.000E+05 0.000E+00 0.000E+00
 3.26330979E-02   6661.4 1.032E+03 8.708E+12 1.902E-01 5.311E+00 2.000E+05 0.000E+00 0.000E+00
 3.77747925E-02   6712.0 1.194E+03 1.025E+13 2.201E-01 5.616E+00 2.000E+05 0.000E+00 0.000E+00
 4.36977361E-02   6763.8 1.382E+03 1.207E+13 2.549E-01 5.965E+00 2.000E+05 0.000E+00 0.000E+00
 5.05144462E-02   6817.1 1.597E+03 1.422E+13 2.955E-01 6.365E+00 2.000E+05 0.000E+00 0.000E+00
 5.83524900E-02   6871.8 1.845E+03 1.676E+13 3.428E-01 6.831E+00 2.000E+05 0.000E+00 0.000E+00
 6.73543629E-02   6928.3 2.130E+03 1.978E+13 3.984E-01 7.383E+00 2.000E+05 0.000E+00 0.000E+00
 7.76732740E-02   6987.4 2.456E+03 2.340E+13 4.640E-01 8.045E+00 2.000E+05 0.000E+00 0.000E+00
 8.94677237E-02   7049.9 2.829E+03 2.777E+13 5.424E-01 8.850E+00 2.000E+05 0.000E+00 0.000E+00
 1.02880040E-01   7117.3 3.253E+03 3.312E+13 6.383E-01 9.863E+00 2.000E+05 0.000E+00 0.000E+00
 1.18007939E-01   7191.6 3.731E+03 3.977E+13 7.583E-01 1.116E+01 2.000E+05 0.000E+00 0.000E+00
 1.34901894E-01   7274.5 4.265E+03 4.818E+13 9.103E-01 1.283E+01 2.000E+05 0.000E+00 0.000E+00
 1.53552547E-01   7368.0 4.855E+03 5.898E+13 1.107E+00 1.499E+01 2.000E+05 0.000E+00 0.000E+00
 1.73849689E-01   7474.9 5.496E+03 7.311E+13 1.367E+00 1.790E+01 2.000E+05 0.000E+00 0.000E+00
 1.95549068E-01   7598.5 6.182E+03 9.198E+13 1.723E+00 2.191E+01 2.000E+05 7.117E-13 0.000E+00
 2.18202701E-01   7743.2 6.898E+03 1.178E+14 2.232E+00 2.768E+01 2.000E+05 3.529E-11 1.832E+02
 2.41190187E-01   7913.0 7.624E+03 1.539E+14 2.977E+00 3.617E+01 2.000E+05 5.381E-10 5.954E+02
 2.63790080E-01   8113.2 8.338E+03 2.052E+14 4.110E+00 4.908E+01 2.000E+05 7.575E-09 1.283E+03
 2.85177541E-01   8349.4 9.013E+03 2.795E+14 5.913E+00 6.936E+01 2.000E+05 2.908E-07 2.877E+03
 3.04599176E-01   8626.1 9.625E+03 3.878E+14 8.855E+00 1.019E+02 2.000E+05 2.260E-05 7.360E+03
 3.21606782E-01   8945.2 1.016E+04 5.443E+14 1.372E+01 1.543E+02 2.000E+05 5.111E-04 2.186E+04
 3.35890070E-01   9327.7 1.061E+04 7.773E+14 2.221E+01 2.414E+02 2.000E+05 5.220E-03 6.660E+04
 3.47688964E-01   9745.8 1.098E+04 1.087E+15 3.538E+01 3.606E+02 2.000E+05 2.518E-02 1.340E+05
 3.57910794E-01  10169.6 1.130E+04 1.450E+15 5.280E+01 5.125E+02 2.000E+05 5.624E-02 2.247E+05
 3.67056237E-01  10684.1 1.158E+04 1.913E+15 7.699E+01 7.105E+02 2.000E+05 7.922E-02 3.563E+05
 3.75960072E-01  11207.7 1.186E+04 2.353E+15 1.006E+02 8.247E+02 2.000E+05 1.548E-01 4.671E+05
 3.85691161E-01  11694.4 1.216E+04 2.695E+15 1.143E+02 9.188E+02 2.000E+05 1.600E-01 4.969E+05
 3.97672767E-01  12386.4 1.252E+04 3.005E+15 1.183E+02 1.098E+03 2.000E+05 6.486E-02 3.798E+05
 4.14725955E-01  13281.7 1.304E+04 3.178E+15 1.017E+02 9.859E+02 2.000E+05 3.892E-02 1.520E+05
 4.42222019E-01  14184.6 1.389E+04 3.280E+15 8.138E+01 8.027E+02 2.000E+05 2.357E-03 3.492E+04
 4.89878749E-01  15279.1 1.536E+04 3.428E+15 6.083E+01 6.041E+02 2.000E+05 3.450E-06 8.449E+03
 5.71356145E-01  16342.5 1.790E+04 3.772E+15 4.978E+01 4.870E+02 2.000E+05 6.129E-08 4.236E+03
 7.01374961E-01  17576.8 2.195E+04 4.356E+15 4.253E+01 4.185E+02 2.000E+05 3.736E-08 4.002E+03
 8.94241515E-01  18832.0 2.797E+04 5.249E+15 3.982E+01 3.893E+02 2.000E+05 1.960E-08 3.077E+03
 1.16660052E+00  20250.4 3.648E+04 6.435E+15 3.791E+01 3.718E+02 2.000E+05 2.804E-09 8.801E+02
 1.53924000E+00  21722.3 4.813E+04 7.960E+15 3.763E+01 3.673E+02 2.000E+05 2.677E-11 0.000E+00
 2.03870137E+00  23346.7 6.374E+04 9.838E+15 3.753E+01 3.655E+02 2.000E+05 0.000E+00 0.000E+00
 2.69868363E+00  25068.3 8.437E+04 1.215E+16 3.827E+01 3.579E+02 2.000E+05 0.000E+00 0.000E+00
PRADK 6.9684E+00
BEGIN                    ITERATION  15 COMPLETED
