TEFF   5500.  GRAVITY 3.50000 LTE 
TITLE SDSC GRID  [+0.2]   VTURB 2.0 KM/S    L/H 1.25                            
 OPACITY IFOP 1 1 1 1 1 1 1 1 1 1 1 1 1 0 1 0 0 0 0 0
 CONVECTION ON   1.25 TURBULENCE OFF  0.00  0.00  0.00  0.00
ABUNDANCE SCALE   1.58489 ABUNDANCE CHANGE 1 0.91100 2 0.08900
 ABUNDANCE CHANGE  3 -10.88  4 -10.89  5  -9.44  6  -3.48  7  -3.99  8  -3.11
 ABUNDANCE CHANGE  9  -7.48 10  -3.95 11  -5.71 12  -4.46 13  -5.57 14  -4.49
 ABUNDANCE CHANGE 15  -6.59 16  -4.83 17  -6.54 18  -5.48 19  -6.82 20  -5.68
 ABUNDANCE CHANGE 21  -8.94 22  -7.05 23  -8.04 24  -6.37 25  -6.65 26  -4.37
 ABUNDANCE CHANGE 27  -7.12 28  -5.79 29  -7.83 30  -7.44 31  -9.16 32  -8.63
 ABUNDANCE CHANGE 33  -9.67 34  -8.69 35  -9.41 36  -8.81 37  -9.44 38  -9.14
 ABUNDANCE CHANGE 39  -9.80 40  -9.54 41 -10.62 42 -10.12 43 -20.00 44 -10.20
 ABUNDANCE CHANGE 45 -10.92 46 -10.35 47 -11.10 48 -10.18 49 -10.58 50 -10.04
 ABUNDANCE CHANGE 51 -11.04 52  -9.80 53 -10.53 54  -9.81 55 -10.92 56  -9.91
 ABUNDANCE CHANGE 57 -10.82 58 -10.49 59 -11.33 60 -10.54 61 -20.00 62 -11.04
 ABUNDANCE CHANGE 63 -11.53 64 -10.92 65 -11.94 66 -10.94 67 -11.78 68 -11.11
 ABUNDANCE CHANGE 69 -12.04 70 -10.96 71 -11.28 72 -11.16 73 -11.91 74 -10.93
 ABUNDANCE CHANGE 75 -11.77 76 -10.59 77 -10.69 78 -10.24 79 -11.03 80 -10.95
 ABUNDANCE CHANGE 81 -11.14 82 -10.19 83 -11.33 84 -20.00 85 -20.00 86 -20.00
 ABUNDANCE CHANGE 87 -20.00 88 -20.00 89 -20.00 90 -11.92 91 -20.00 92 -12.51
 ABUNDANCE CHANGE 93 -20.00 94 -20.00 95 -20.00 96 -20.00 97 -20.00 98 -20.00
 ABUNDANCE CHANGE 99 -20.00
READ DECK6 72 RHOX,T,P,XNE,ABROSS,ACCRAD,VTURB
 8.17392301E-04   3365.9 2.585E+00 7.250E+08 1.631E-04 5.021E-02 2.000E+05 0.000E+00 0.000E+00
 1.07740815E-03   3386.6 3.407E+00 9.337E+08 1.790E-04 5.401E-02 2.000E+05 0.000E+00 0.000E+00
 1.39217609E-03   3411.1 4.402E+00 1.188E+09 1.979E-04 5.497E-02 2.000E+05 0.000E+00 0.000E+00
 1.77050229E-03   3437.4 5.599E+00 1.495E+09 2.202E-04 5.564E-02 2.000E+05 0.000E+00 0.000E+00
 2.22248426E-03   3464.9 7.028E+00 1.864E+09 2.463E-04 5.658E-02 2.000E+05 0.000E+00 0.000E+00
 2.76098259E-03   3493.8 8.731E+00 2.306E+09 2.758E-04 5.590E-02 2.000E+05 0.000E+00 0.000E+00
 3.40166668E-03   3522.4 1.076E+01 2.832E+09 3.095E-04 5.499E-02 2.000E+05 0.000E+00 0.000E+00
 4.16253357E-03   3550.9 1.316E+01 3.455E+09 3.478E-04 5.377E-02 2.000E+05 0.000E+00 0.000E+00
 5.06412147E-03   3579.2 1.601E+01 4.192E+09 3.919E-04 5.310E-02 2.000E+05 0.000E+00 0.000E+00
 6.12942533E-03   3607.5 1.938E+01 5.062E+09 4.429E-04 5.290E-02 2.000E+05 0.000E+00 0.000E+00
 7.38506772E-03   3636.2 2.335E+01 6.088E+09 5.015E-04 5.289E-02 2.000E+05 0.000E+00 0.000E+00
 8.86484828E-03   3665.7 2.803E+01 7.303E+09 5.671E-04 5.187E-02 2.000E+05 0.000E+00 0.000E+00
 1.06082217E-02   3694.8 3.355E+01 8.728E+09 6.424E-04 5.094E-02 2.000E+05 0.000E+00 0.000E+00
 1.26599996E-02   3723.8 4.003E+01 1.040E+10 7.282E-04 4.977E-02 2.000E+05 0.000E+00 0.000E+00
 1.50713851E-02   3752.4 4.766E+01 1.236E+10 8.271E-04 4.907E-02 2.000E+05 0.000E+00 0.000E+00
 1.78992277E-02   3781.0 5.660E+01 1.465E+10 9.414E-04 4.878E-02 2.000E+05 0.000E+00 0.000E+00
 2.12112536E-02   3809.9 6.707E+01 1.733E+10 1.072E-03 4.853E-02 2.000E+05 0.000E+00 0.000E+00
 2.50951105E-02   3839.4 7.936E+01 2.047E+10 1.218E-03 4.767E-02 2.000E+05 0.000E+00 0.000E+00
 2.96485343E-02   3868.3 9.375E+01 2.413E+10 1.387E-03 4.720E-02 2.000E+05 0.000E+00 0.000E+00
 3.49810590E-02   3897.3 1.106E+02 2.840E+10 1.579E-03 4.662E-02 2.000E+05 0.000E+00 0.000E+00
 4.12250279E-02   3926.2 1.304E+02 3.337E+10 1.799E-03 4.612E-02 2.000E+05 0.000E+00 0.000E+00
 4.85285992E-02   3954.9 1.535E+02 3.916E+10 2.052E-03 4.602E-02 2.000E+05 0.000E+00 0.000E+00
 5.70608439E-02   3983.5 1.804E+02 4.589E+10 2.343E-03 4.626E-02 2.000E+05 0.000E+00 0.000E+00
 6.70449743E-02   4012.8 2.120E+02 5.375E+10 2.666E-03 4.598E-02 2.000E+05 0.000E+00 0.000E+00
 7.87367522E-02   4041.8 2.490E+02 6.290E+10 3.039E-03 4.604E-02 2.000E+05 0.000E+00 0.000E+00
 9.24044098E-02   4070.9 2.922E+02 7.354E+10 3.468E-03 4.644E-02 2.000E+05 0.000E+00 0.000E+00
 1.08370599E-01   4100.3 3.427E+02 8.592E+10 3.959E-03 4.685E-02 2.000E+05 0.000E+00 0.000E+00
 1.27026552E-01   4130.1 4.017E+02 1.003E+11 4.518E-03 4.730E-02 2.000E+05 0.000E+00 0.000E+00
 1.48811442E-01   4159.9 4.706E+02 1.171E+11 5.162E-03 4.814E-02 2.000E+05 0.000E+00 0.000E+00
 1.74265287E-01   4190.1 5.511E+02 1.365E+11 5.885E-03 4.885E-02 2.000E+05 0.000E+00 0.000E+00
 2.04043677E-01   4220.4 6.452E+02 1.592E+11 6.709E-03 4.968E-02 2.000E+05 0.000E+00 0.000E+00
 2.38856527E-01   4250.8 7.553E+02 1.855E+11 7.657E-03 5.088E-02 2.000E+05 0.000E+00 0.000E+00
 2.79508543E-01   4281.4 8.839E+02 2.161E+11 8.748E-03 5.247E-02 2.000E+05 0.000E+00 0.000E+00
 3.26946065E-01   4312.2 1.034E+03 2.516E+11 9.998E-03 5.438E-02 2.000E+05 0.000E+00 0.000E+00
 3.82321921E-01   4343.7 1.209E+03 2.929E+11 1.142E-02 5.637E-02 2.000E+05 0.000E+00 0.000E+00
 4.47001742E-01   4375.2 1.414E+03 3.408E+11 1.303E-02 5.870E-02 2.000E+05 0.000E+00 0.000E+00
 5.22624469E-01   4407.2 1.653E+03 3.966E+11 1.485E-02 6.114E-02 2.000E+05 0.000E+00 0.000E+00
 6.11053152E-01   4439.5 1.932E+03 4.615E+11 1.695E-02 6.416E-02 2.000E+05 0.000E+00 0.000E+00
 7.14356245E-01   4472.3 2.259E+03 5.369E+11 1.936E-02 6.784E-02 2.000E+05 0.000E+00 0.000E+00
 8.34939493E-01   4506.1 2.640E+03 6.248E+11 2.212E-02 7.222E-02 2.000E+05 0.000E+00 0.000E+00
 9.75582533E-01   4541.0 3.085E+03 7.270E+11 2.530E-02 7.742E-02 2.000E+05 0.000E+00 0.000E+00
 1.13965365E+00   4578.1 3.604E+03 8.466E+11 2.890E-02 8.309E-02 2.000E+05 0.000E+00 0.000E+00
 1.33136248E+00   4617.4 4.210E+03 9.867E+11 3.296E-02 8.918E-02 2.000E+05 0.000E+00 0.000E+00
 1.55541420E+00   4659.3 4.919E+03 1.151E+12 3.763E-02 9.639E-02 2.000E+05 0.000E+00 0.000E+00
 1.81701797E+00   4705.1 5.746E+03 1.345E+12 4.299E-02 1.048E-01 2.000E+05 0.000E+00 0.000E+00
 2.12221543E+00   4755.9 6.711E+03 1.575E+12 4.916E-02 1.147E-01 2.000E+05 0.000E+00 0.000E+00
 2.47821035E+00   4813.3 7.837E+03 1.848E+12 5.618E-02 1.257E-01 2.000E+05 0.000E+00 0.000E+00
 2.89388556E+00   4878.6 9.151E+03 2.174E+12 6.412E-02 1.379E-01 2.000E+05 0.000E+00 0.000E+00
 3.37962261E+00   4953.6 1.069E+04 2.568E+12 7.318E-02 1.517E-01 2.000E+05 0.000E+00 0.000E+00
 3.94702857E+00   5041.1 1.248E+04 3.051E+12 8.359E-02 1.679E-01 2.000E+05 0.000E+00 0.000E+00
 4.60863774E+00   5143.9 1.457E+04 3.657E+12 9.570E-02 1.870E-01 2.000E+05 0.000E+00 0.000E+00
 5.37698010E+00   5264.3 1.700E+04 4.451E+12 1.103E-01 2.102E-01 2.000E+05 3.185E-11 0.000E+00
 6.25782320E+00   5408.0 1.979E+04 5.580E+12 1.298E-01 2.417E-01 2.000E+05 1.655E-09 0.000E+00
 7.23651136E+00   5577.1 2.288E+04 7.345E+12 1.595E-01 2.933E-01 2.000E+05 7.460E-07 0.000E+00
 8.26705195E+00   5786.3 2.614E+04 1.054E+13 2.092E-01 3.780E-01 2.000E+05 2.687E-04 0.000E+00
 9.25044104E+00   6054.1 2.925E+04 1.718E+13 3.088E-01 5.266E-01 2.000E+05 2.741E-02 7.890E+02
 1.01372451E+01   6297.0 3.205E+04 2.732E+13 4.521E-01 6.821E-01 2.000E+05 1.187E-01 1.574E+03
 1.09662245E+01   6503.5 3.467E+04 4.058E+13 6.320E-01 8.474E-01 2.000E+05 2.045E-01 4.745E+03
 1.17448045E+01   6739.1 3.714E+04 6.238E+13 9.175E-01 1.136E+00 2.000E+05 2.773E-01 1.796E+04
 1.24433975E+01   7014.8 3.935E+04 9.997E+13 1.398E+00 1.637E+00 2.000E+05 3.189E-01 5.094E+04
 1.30378549E+01   7337.5 4.122E+04 1.663E+14 2.245E+00 2.470E+00 2.000E+05 3.618E-01 8.902E+04
 1.35289373E+01   7680.4 4.278E+04 2.729E+14 3.643E+00 3.752E+00 2.000E+05 4.061E-01 1.437E+05
 1.39187834E+01   8070.8 4.401E+04 4.550E+14 6.203E+00 5.410E+00 2.000E+05 4.719E-01 2.535E+05
 1.42410567E+01   8386.4 4.502E+04 6.648E+14 9.417E+00 5.401E+00 2.000E+05 6.743E-01 2.926E+05
 1.45423166E+01   8623.0 4.597E+04 8.692E+14 1.278E+01 4.793E+00 2.000E+05 7.857E-01 2.978E+05
 1.48457000E+01   8828.1 4.693E+04 1.085E+15 1.656E+01 4.297E+00 2.000E+05 8.494E-01 2.961E+05
 1.51650318E+01   9005.4 4.794E+04 1.305E+15 2.061E+01 3.936E+00 2.000E+05 8.897E-01 2.948E+05
 1.55083044E+01   9181.0 4.903E+04 1.556E+15 2.546E+01 3.681E+00 2.000E+05 9.174E-01 2.931E+05
 1.58838112E+01   9341.0 5.021E+04 1.818E+15 3.072E+01 3.358E+00 2.000E+05 9.357E-01 2.872E+05
 1.63000459E+01   9503.0 5.153E+04 2.117E+15 3.690E+01 3.195E+00 2.000E+05 9.510E-01 2.876E+05
 1.67635349E+01   9664.1 5.299E+04 2.453E+15 4.403E+01 2.918E+00 2.000E+05 9.612E-01 2.791E+05
 1.72858045E+01   9816.0 5.464E+04 2.810E+15 5.174E+01 2.925E+00 2.000E+05 9.674E-01 2.793E+05
PRADK 1.2189E+00
BEGIN                    ITERATION  15 COMPLETED
