EFF  50000.  GRAVITY 5.00000 LTE 
ITLE SDSC GRID  [-2.0]   VTURB 2.0 KM/S                                        
OPACITY IFOP 1 1 1 1 1 1 1 1 1 1 1 1 1 0 1 0 0 0 0 0
CONVECTION OFF  1.00 TURBULENCE OFF  0.00  0.00  0.00  0.00
BUNDANCE SCALE   0.01000 ABUNDANCE CHANGE 1 0.91100 2 0.08900
ABUNDANCE CHANGE  3 -10.88  4 -10.89  5  -9.44  6  -3.48  7  -3.99  8  -3.11
ABUNDANCE CHANGE  9  -7.48 10  -3.95 11  -5.71 12  -4.46 13  -5.57 14  -4.49
ABUNDANCE CHANGE 15  -6.59 16  -4.83 17  -6.54 18  -5.48 19  -6.82 20  -5.68
ABUNDANCE CHANGE 21  -8.94 22  -7.05 23  -8.04 24  -6.37 25  -6.65 26  -4.37
ABUNDANCE CHANGE 27  -7.12 28  -5.79 29  -7.83 30  -7.44 31  -9.16 32  -8.63
ABUNDANCE CHANGE 33  -9.67 34  -8.69 35  -9.41 36  -8.81 37  -9.44 38  -9.14
ABUNDANCE CHANGE 39  -9.80 40  -9.54 41 -10.62 42 -10.12 43 -20.00 44 -10.20
ABUNDANCE CHANGE 45 -10.92 46 -10.35 47 -11.10 48 -10.18 49 -10.58 50 -10.04
ABUNDANCE CHANGE 51 -11.04 52  -9.80 53 -10.53 54  -9.81 55 -10.92 56  -9.91
ABUNDANCE CHANGE 57 -10.82 58 -10.49 59 -11.33 60 -10.54 61 -20.00 62 -11.04
ABUNDANCE CHANGE 63 -11.53 64 -10.92 65 -11.94 66 -10.94 67 -11.78 68 -11.11
ABUNDANCE CHANGE 69 -12.04 70 -10.96 71 -11.28 72 -11.16 73 -11.91 74 -10.93
ABUNDANCE CHANGE 75 -11.77 76 -10.59 77 -10.69 78 -10.24 79 -11.03 80 -10.95
ABUNDANCE CHANGE 81 -11.14 82 -10.19 83 -11.33 84 -20.00 85 -20.00 86 -20.00
ABUNDANCE CHANGE 87 -20.00 88 -20.00 89 -20.00 90 -11.92 91 -20.00 92 -12.51
ABUNDANCE CHANGE 93 -20.00 94 -20.00 95 -20.00 96 -20.00 97 -20.00 98 -20.00
ABUNDANCE CHANGE 99 -20.00
EAD DECK6 64 RHOX,T,P,XNE,ABROSS,ACCRAD,VTURB
3.82088069E-06  29427.1 3.586E-01 4.600E+10 3.491E-01 6.150E+03 2.000E+05
5.09338961E-06  29544.9 4.780E-01 6.107E+10 3.492E-01 6.146E+03 2.000E+05
6.79083564E-06  29609.4 6.373E-01 8.123E+10 3.496E-01 6.182E+03 2.000E+05
9.05130243E-06  29663.4 8.493E-01 1.080E+11 3.501E-01 6.231E+03 2.000E+05
1.20607292E-05  29750.5 1.131E+00 1.435E+11 3.508E-01 6.280E+03 2.000E+05
1.60659969E-05  29841.8 1.507E+00 1.905E+11 3.515E-01 6.324E+03 2.000E+05
2.13946102E-05  29952.1 2.006E+00 2.525E+11 3.524E-01 6.384E+03 2.000E+05
2.84804957E-05  30067.0 2.669E+00 3.347E+11 3.535E-01 6.460E+03 2.000E+05
3.78977609E-05  30207.8 3.549E+00 4.429E+11 3.548E-01 6.536E+03 2.000E+05
5.04041348E-05  30376.2 4.718E+00 5.853E+11 3.564E-01 6.604E+03 2.000E+05
6.69982066E-05  30554.1 6.267E+00 7.727E+11 3.584E-01 6.687E+03 2.000E+05
8.89929570E-05  30754.3 8.318E+00 1.019E+12 3.608E-01 6.781E+03 2.000E+05
1.18110039E-04  30978.7 1.103E+01 1.341E+12 3.636E-01 6.869E+03 2.000E+05
1.56599997E-04  31242.6 1.461E+01 1.761E+12 3.671E-01 6.941E+03 2.000E+05
2.07394632E-04  31522.9 1.934E+01 2.309E+12 3.713E-01 7.038E+03 2.000E+05
2.74308572E-04  31850.9 2.556E+01 3.019E+12 3.762E-01 7.094E+03 2.000E+05
3.62291773E-04  32202.4 3.373E+01 3.941E+12 3.819E-01 7.131E+03 2.000E+05
4.77729148E-04  32570.0 4.445E+01 5.134E+12 3.886E-01 7.171E+03 2.000E+05
6.28825682E-04  32954.5 5.847E+01 6.674E+12 3.963E-01 7.223E+03 2.000E+05
8.26104324E-04  33360.8 7.677E+01 8.656E+12 4.053E-01 7.283E+03 2.000E+05
1.08301850E-03  33785.9 1.006E+02 1.120E+13 4.155E-01 7.348E+03 2.000E+05
1.41671470E-03  34241.3 1.315E+02 1.444E+13 4.272E-01 7.389E+03 2.000E+05
1.84888713E-03  34704.5 1.715E+02 1.859E+13 4.405E-01 7.454E+03 2.000E+05
2.40685720E-03  35179.7 2.231E+02 2.386E+13 4.557E-01 7.540E+03 2.000E+05
3.12493473E-03  35659.5 2.895E+02 3.054E+13 4.729E-01 7.637E+03 2.000E+05
4.04572835E-03  36136.1 3.745E+02 3.898E+13 4.928E-01 7.731E+03 2.000E+05
5.22135052E-03  36586.3 4.829E+02 4.965E+13 5.159E-01 7.875E+03 2.000E+05
6.71497193E-03  37001.3 6.203E+02 6.305E+13 5.428E-01 8.097E+03 2.000E+05
8.60242453E-03  37371.3 7.935E+02 7.984E+13 5.744E-01 8.433E+03 2.000E+05
1.09741142E-02  37699.0 1.010E+03 1.007E+14 6.112E-01 8.912E+03 2.000E+05
1.39381742E-02  38004.3 1.279E+03 1.265E+14 6.537E-01 9.525E+03 2.000E+05
1.76249215E-02  38299.7 1.611E+03 1.581E+14 7.023E-01 1.027E+04 2.000E+05
2.21920478E-02  38595.4 2.019E+03 1.965E+14 7.574E-01 1.116E+04 2.000E+05
2.78307663E-02  38902.7 2.517E+03 2.429E+14 8.192E-01 1.219E+04 2.000E+05
3.47747957E-02  39234.1 3.123E+03 2.987E+14 8.879E-01 1.334E+04 2.000E+05
4.33111214E-02  39609.6 3.857E+03 3.654E+14 9.637E-01 1.458E+04 2.000E+05
5.37959206E-02  40038.7 4.746E+03 4.447E+14 1.046E+00 1.586E+04 2.000E+05
6.66783648E-02  40535.5 5.821E+03 5.389E+14 1.135E+00 1.714E+04 2.000E+05
8.25298090E-02  41113.6 7.124E+03 6.504E+14 1.229E+00 1.838E+04 2.000E+05
1.02087216E-01  41789.5 8.709E+03 7.824E+14 1.326E+00 1.952E+04 2.000E+05
1.26320596E-01  42584.6 1.065E+04 9.391E+14 1.423E+00 2.051E+04 2.000E+05
1.56517894E-01  43516.1 1.303E+04 1.126E+15 1.518E+00 2.131E+04 2.000E+05
1.94417510E-01  44603.2 1.600E+04 1.349E+15 1.607E+00 2.193E+04 2.000E+05
2.42427594E-01  45862.9 1.974E+04 1.620E+15 1.683E+00 2.230E+04 2.000E+05
3.03892687E-01  47321.6 2.451E+04 1.950E+15 1.744E+00 2.247E+04 2.000E+05
3.83471160E-01  49006.3 3.068E+04 2.358E+15 1.786E+00 2.246E+04 2.000E+05
4.87745890E-01  50938.9 3.877E+04 2.868E+15 1.807E+00 2.229E+04 2.000E+05
6.26148175E-01  53154.2 4.955E+04 3.514E+15 1.804E+00 2.198E+04 2.000E+05
8.12054061E-01  55691.5 6.409E+04 4.338E+15 1.782E+00 2.159E+04 2.000E+05
1.06485583E+00  58598.4 8.398E+04 5.404E+15 1.737E+00 2.103E+04 2.000E+05
1.41197135E+00  61900.9 1.115E+05 6.793E+15 1.682E+00 2.039E+04 2.000E+05
1.89077854E+00  65629.0 1.498E+05 8.607E+15 1.625E+00 1.970E+04 2.000E+05
2.55098103E+00  69775.7 2.031E+05 1.097E+16 1.574E+00 1.901E+04 2.000E+05
3.45636105E+00  74333.6 2.767E+05 1.404E+16 1.537E+00 1.842E+04 2.000E+05
4.68783371E+00  79288.3 3.774E+05 1.795E+16 1.513E+00 1.802E+04 2.000E+05
6.34566703E+00  84684.7 5.135E+05 2.287E+16 1.506E+00 1.781E+04 2.000E+05
8.55923100E+00  90528.5 6.955E+05 2.897E+16 1.509E+00 1.779E+04 2.000E+05
1.14949178E+01  96896.1 9.367E+05 3.645E+16 1.521E+00 1.790E+04 2.000E+05
1.53690555E+01 103785.8 1.254E+06 4.557E+16 1.540E+00 1.809E+04 2.000E+05
2.04725197E+01 111270.6 1.672E+06 5.666E+16 1.559E+00 1.830E+04 2.000E+05
2.71969236E+01 119363.0 2.221E+06 7.015E+16 1.576E+00 1.849E+04 2.000E+05
3.61017037E+01 128118.0 2.946E+06 8.670E+16 1.581E+00 1.855E+04 2.000E+05
4.80011978E+01 137616.9 3.916E+06 1.073E+17 1.569E+00 1.832E+04 2.000E+05
6.40776419E+01 147755.3 5.235E+06 1.336E+17 1.543E+00 1.764E+04 2.000E+05
RADK 1.1232E+04
EGIN                    ITERATION  10 COMPLETED