TEFF   6250.  GRAVITY 4.00000 LTE 
TITLE SDSC GRID  [+0.3]   VTURB 2.0 KM/S    L/H 1.25                            
 OPACITY IFOP 1 1 1 1 1 1 1 1 1 1 1 1 1 0 1 0 0 0 0 0
 CONVECTION ON   1.25 TURBULENCE OFF  0.00  0.00  0.00  0.00
ABUNDANCE SCALE   1.99526 ABUNDANCE CHANGE 1 0.91100 2 0.08900
 ABUNDANCE CHANGE  3 -10.88  4 -10.89  5  -9.44  6  -3.48  7  -3.99  8  -3.11
 ABUNDANCE CHANGE  9  -7.48 10  -3.95 11  -5.71 12  -4.46 13  -5.57 14  -4.49
 ABUNDANCE CHANGE 15  -6.59 16  -4.83 17  -6.54 18  -5.48 19  -6.82 20  -5.68
 ABUNDANCE CHANGE 21  -8.94 22  -7.05 23  -8.04 24  -6.37 25  -6.65 26  -4.37
 ABUNDANCE CHANGE 27  -7.12 28  -5.79 29  -7.83 30  -7.44 31  -9.16 32  -8.63
 ABUNDANCE CHANGE 33  -9.67 34  -8.69 35  -9.41 36  -8.81 37  -9.44 38  -9.14
 ABUNDANCE CHANGE 39  -9.80 40  -9.54 41 -10.62 42 -10.12 43 -20.00 44 -10.20
 ABUNDANCE CHANGE 45 -10.92 46 -10.35 47 -11.10 48 -10.18 49 -10.58 50 -10.04
 ABUNDANCE CHANGE 51 -11.04 52  -9.80 53 -10.53 54  -9.81 55 -10.92 56  -9.91
 ABUNDANCE CHANGE 57 -10.82 58 -10.49 59 -11.33 60 -10.54 61 -20.00 62 -11.04
 ABUNDANCE CHANGE 63 -11.53 64 -10.92 65 -11.94 66 -10.94 67 -11.78 68 -11.11
 ABUNDANCE CHANGE 69 -12.04 70 -10.96 71 -11.28 72 -11.16 73 -11.91 74 -10.93
 ABUNDANCE CHANGE 75 -11.77 76 -10.59 77 -10.69 78 -10.24 79 -11.03 80 -10.95
 ABUNDANCE CHANGE 81 -11.14 82 -10.19 83 -11.33 84 -20.00 85 -20.00 86 -20.00
 ABUNDANCE CHANGE 87 -20.00 88 -20.00 89 -20.00 90 -11.92 91 -20.00 92 -12.51
 ABUNDANCE CHANGE 93 -20.00 94 -20.00 95 -20.00 96 -20.00 97 -20.00 98 -20.00
 ABUNDANCE CHANGE 99 -20.00
READ DECK6 72 RHOX,T,P,XNE,ABROSS,ACCRAD,VTURB
 4.61981467E-04   3966.3 4.620E+00 1.946E+09 2.887E-04 1.104E-01 2.000E+05 0.000E+00 0.000E+00
 6.07071365E-04   3985.2 6.071E+00 2.534E+09 3.244E-04 1.192E-01 2.000E+05 0.000E+00 0.000E+00
 7.79253779E-04   4004.5 7.792E+00 3.226E+09 3.645E-04 1.261E-01 2.000E+05 0.000E+00 0.000E+00
 9.83701076E-04   4027.0 9.837E+00 4.039E+09 4.092E-04 1.300E-01 2.000E+05 0.000E+00 0.000E+00
 1.22654666E-03   4051.5 1.227E+01 4.998E+09 4.589E-04 1.332E-01 2.000E+05 0.000E+00 0.000E+00
 1.51515896E-03   4077.5 1.515E+01 6.128E+09 5.153E-04 1.344E-01 2.000E+05 0.000E+00 0.000E+00
 1.85769295E-03   4104.3 1.858E+01 7.460E+09 5.794E-04 1.340E-01 2.000E+05 0.000E+00 0.000E+00
 2.26354529E-03   4131.4 2.264E+01 9.027E+09 6.527E-04 1.324E-01 2.000E+05 0.000E+00 0.000E+00
 2.74354775E-03   4158.3 2.744E+01 1.087E+10 7.365E-04 1.302E-01 2.000E+05 0.000E+00 0.000E+00
 3.31039735E-03   4185.0 3.310E+01 1.303E+10 8.321E-04 1.286E-01 2.000E+05 0.000E+00 0.000E+00
 3.97934701E-03   4211.5 3.979E+01 1.556E+10 9.405E-04 1.281E-01 2.000E+05 0.000E+00 0.000E+00
 4.76796650E-03   4237.8 4.768E+01 1.852E+10 1.065E-03 1.274E-01 2.000E+05 0.000E+00 0.000E+00
 5.69624439E-03   4263.7 5.696E+01 2.199E+10 1.207E-03 1.266E-01 2.000E+05 0.000E+00 0.000E+00
 6.78742897E-03   4289.3 6.787E+01 2.603E+10 1.370E-03 1.260E-01 2.000E+05 0.000E+00 0.000E+00
 8.06859859E-03   4314.5 8.069E+01 3.076E+10 1.557E-03 1.255E-01 2.000E+05 0.000E+00 0.000E+00
 9.57129814E-03   4339.5 9.571E+01 3.626E+10 1.771E-03 1.254E-01 2.000E+05 0.000E+00 0.000E+00
 1.13328711E-02   4364.6 1.133E+02 4.267E+10 2.015E-03 1.262E-01 2.000E+05 0.000E+00 0.000E+00
 1.33971280E-02   4390.3 1.340E+02 5.013E+10 2.293E-03 1.281E-01 2.000E+05 0.000E+00 0.000E+00
 1.58149640E-02   4416.6 1.581E+02 5.883E+10 2.611E-03 1.298E-01 2.000E+05 0.000E+00 0.000E+00
 1.86460462E-02   4443.6 1.865E+02 6.897E+10 2.974E-03 1.313E-01 2.000E+05 0.000E+00 0.000E+00
 2.19601391E-02   4471.4 2.196E+02 8.077E+10 3.389E-03 1.325E-01 2.000E+05 0.000E+00 0.000E+00
 2.58387282E-02   4499.9 2.584E+02 9.452E+10 3.862E-03 1.334E-01 2.000E+05 0.000E+00 0.000E+00
 3.03769984E-02   4529.1 3.038E+02 1.105E+11 4.402E-03 1.339E-01 2.000E+05 0.000E+00 0.000E+00
 3.56864844E-02   4559.0 3.569E+02 1.292E+11 5.017E-03 1.349E-01 2.000E+05 0.000E+00 0.000E+00
 4.18946819E-02   4589.3 4.189E+02 1.510E+11 5.725E-03 1.369E-01 2.000E+05 0.000E+00 0.000E+00
 4.91493679E-02   4620.3 4.915E+02 1.763E+11 6.533E-03 1.393E-01 2.000E+05 0.000E+00 0.000E+00
 5.76263835E-02   4652.1 5.763E+02 2.058E+11 7.456E-03 1.415E-01 2.000E+05 0.000E+00 0.000E+00
 6.75320503E-02   4684.4 6.753E+02 2.402E+11 8.509E-03 1.435E-01 2.000E+05 0.000E+00 0.000E+00
 7.91069492E-02   4717.2 7.911E+02 2.803E+11 9.710E-03 1.455E-01 2.000E+05 0.000E+00 0.000E+00
 9.26319748E-02   4750.3 9.263E+02 3.270E+11 1.108E-02 1.475E-01 2.000E+05 0.000E+00 0.000E+00
 1.08434082E-01   4783.8 1.084E+03 3.814E+11 1.265E-02 1.502E-01 2.000E+05 0.000E+00 0.000E+00
 1.26877378E-01   4817.2 1.269E+03 4.448E+11 1.447E-02 1.552E-01 2.000E+05 0.000E+00 0.000E+00
 1.48388815E-01   4851.4 1.484E+03 5.188E+11 1.654E-02 1.605E-01 2.000E+05 0.000E+00 0.000E+00
 1.73485546E-01   4886.2 1.735E+03 6.050E+11 1.890E-02 1.662E-01 2.000E+05 0.000E+00 0.000E+00
 2.02770113E-01   4921.5 2.028E+03 7.055E+11 2.160E-02 1.723E-01 2.000E+05 0.000E+00 0.000E+00
 2.36945427E-01   4957.3 2.369E+03 8.229E+11 2.468E-02 1.790E-01 2.000E+05 0.000E+00 0.000E+00
 2.76833740E-01   4993.5 2.768E+03 9.600E+11 2.819E-02 1.864E-01 2.000E+05 0.000E+00 0.000E+00
 3.23376313E-01   5030.1 3.234E+03 1.120E+12 3.224E-02 1.961E-01 2.000E+05 0.000E+00 0.000E+00
 3.77604119E-01   5067.7 3.776E+03 1.307E+12 3.693E-02 2.093E-01 2.000E+05 0.000E+00 0.000E+00
 4.40735744E-01   5106.8 4.407E+03 1.527E+12 4.229E-02 2.237E-01 2.000E+05 0.000E+00 0.000E+00
 5.14257444E-01   5147.7 5.142E+03 1.785E+12 4.842E-02 2.395E-01 2.000E+05 0.000E+00 0.000E+00
 5.99881340E-01   5190.4 5.999E+03 2.089E+12 5.545E-02 2.572E-01 2.000E+05 0.000E+00 0.000E+00
 6.99583991E-01   5235.5 6.996E+03 2.449E+12 6.351E-02 2.772E-01 2.000E+05 0.000E+00 0.000E+00
 8.15630497E-01   5283.6 8.156E+03 2.877E+12 7.279E-02 2.999E-01 2.000E+05 0.000E+00 0.000E+00
 9.50601211E-01   5335.2 9.506E+03 3.392E+12 8.350E-02 3.261E-01 2.000E+05 0.000E+00 0.000E+00
 1.10711808E+00   5392.3 1.107E+04 4.017E+12 9.631E-02 3.604E-01 2.000E+05 0.000E+00 0.000E+00
 1.28736584E+00   5457.5 1.287E+04 4.793E+12 1.119E-01 4.053E-01 2.000E+05 0.000E+00 0.000E+00
 1.49358743E+00   5532.5 1.494E+04 5.780E+12 1.308E-01 4.584E-01 2.000E+05 0.000E+00 0.000E+00
 1.72793734E+00   5619.3 1.728E+04 7.073E+12 1.542E-01 5.232E-01 2.000E+05 0.000E+00 0.000E+00
 1.99156085E+00   5719.7 1.991E+04 8.829E+12 1.841E-01 6.053E-01 2.000E+05 1.890E-09 0.000E+00
 2.28233164E+00   5838.9 2.282E+04 1.135E+13 2.259E-01 7.286E-01 2.000E+05 7.458E-09 0.000E+00
 2.59240005E+00   5986.3 2.592E+04 1.528E+13 2.877E-01 9.110E-01 2.000E+05 4.334E-07 0.000E+00
 2.91328845E+00   6154.0 2.913E+04 2.133E+13 3.764E-01 1.190E+00 2.000E+05 8.810E-05 0.000E+00
 3.21850067E+00   6417.1 3.218E+04 3.476E+13 5.662E-01 1.743E+00 2.000E+05 8.496E-03 1.723E+03
 3.48098610E+00   6690.4 3.481E+04 5.687E+13 8.632E-01 2.333E+00 2.000E+05 7.654E-02 1.663E+03
 3.73453518E+00   6843.8 3.734E+04 7.552E+13 1.110E+00 2.659E+00 2.000E+05 1.497E-01 1.131E+03
 3.99260548E+00   7040.9 3.992E+04 1.063E+14 1.508E+00 3.348E+00 2.000E+05 2.209E-01 7.337E+03
 4.23782543E+00   7284.4 4.237E+04 1.576E+14 2.171E+00 4.422E+00 2.000E+05 2.856E-01 1.981E+04
 4.46594442E+00   7531.8 4.465E+04 2.298E+14 3.109E+00 5.903E+00 2.000E+05 3.417E-01 4.878E+04
 4.66875631E+00   7855.6 4.668E+04 3.607E+14 4.880E+00 8.744E+00 2.000E+05 3.796E-01 8.957E+04
 4.84157555E+00   8188.8 4.841E+04 5.518E+14 7.627E+00 1.291E+01 2.000E+05 4.173E-01 1.369E+05
 4.98084001E+00   8605.5 4.980E+04 8.910E+14 1.304E+01 1.940E+01 2.000E+05 4.706E-01 2.687E+05
 5.09577487E+00   8939.4 5.094E+04 1.265E+15 1.970E+01 1.921E+01 2.000E+05 6.610E-01 3.141E+05
 5.20469398E+00   9181.7 5.203E+04 1.608E+15 2.629E+01 1.702E+01 2.000E+05 7.777E-01 3.248E+05
 5.31542903E+00   9404.7 5.314E+04 1.982E+15 3.395E+01 1.493E+01 2.000E+05 8.450E-01 3.232E+05
 5.43359754E+00   9582.9 5.432E+04 2.329E+15 4.133E+01 1.355E+01 2.000E+05 8.865E-01 3.249E+05
 5.56208476E+00   9781.1 5.560E+04 2.763E+15 5.098E+01 1.264E+01 2.000E+05 9.148E-01 3.238E+05
 5.70468778E+00   9940.2 5.702E+04 3.161E+15 5.996E+01 1.139E+01 2.000E+05 9.333E-01 3.198E+05
 5.86436952E+00  10131.5 5.862E+04 3.684E+15 7.213E+01 1.097E+01 2.000E+05 9.481E-01 3.208E+05
 6.04504032E+00  10289.6 6.042E+04 4.176E+15 8.356E+01 9.745E+00 2.000E+05 9.591E-01 3.117E+05
 6.25096363E+00  10476.9 6.248E+04 4.807E+15 9.860E+01 9.543E+00 2.000E+05 9.668E-01 3.160E+05
 6.48624785E+00  10648.4 6.483E+04 5.455E+15 1.140E+02 9.294E+00 2.000E+05 9.717E-01 3.126E+05
PRADK 2.0279E+00
BEGIN                    ITERATION  15 COMPLETED
