TEFF   7750.  GRAVITY 5.00000 LTE 
TITLE SDSC GRID  [+0.1]   VTURB 2.0 KM/S    L/H 1.25                            
 OPACITY IFOP 1 1 1 1 1 1 1 1 1 1 1 1 1 0 1 0 0 0 0 0
 CONVECTION ON   1.25 TURBULENCE OFF  0.00  0.00  0.00  0.00
ABUNDANCE SCALE   1.25890 ABUNDANCE CHANGE 1 0.91100 2 0.08900
 ABUNDANCE CHANGE  3 -10.88  4 -10.89  5  -9.44  6  -3.48  7  -3.99  8  -3.11
 ABUNDANCE CHANGE  9  -7.48 10  -3.95 11  -5.71 12  -4.46 13  -5.57 14  -4.49
 ABUNDANCE CHANGE 15  -6.59 16  -4.83 17  -6.54 18  -5.48 19  -6.82 20  -5.68
 ABUNDANCE CHANGE 21  -8.94 22  -7.05 23  -8.04 24  -6.37 25  -6.65 26  -4.37
 ABUNDANCE CHANGE 27  -7.12 28  -5.79 29  -7.83 30  -7.44 31  -9.16 32  -8.63
 ABUNDANCE CHANGE 33  -9.67 34  -8.69 35  -9.41 36  -8.81 37  -9.44 38  -9.14
 ABUNDANCE CHANGE 39  -9.80 40  -9.54 41 -10.62 42 -10.12 43 -20.00 44 -10.20
 ABUNDANCE CHANGE 45 -10.92 46 -10.35 47 -11.10 48 -10.18 49 -10.58 50 -10.04
 ABUNDANCE CHANGE 51 -11.04 52  -9.80 53 -10.53 54  -9.81 55 -10.92 56  -9.91
 ABUNDANCE CHANGE 57 -10.82 58 -10.49 59 -11.33 60 -10.54 61 -20.00 62 -11.04
 ABUNDANCE CHANGE 63 -11.53 64 -10.92 65 -11.94 66 -10.94 67 -11.78 68 -11.11
 ABUNDANCE CHANGE 69 -12.04 70 -10.96 71 -11.28 72 -11.16 73 -11.91 74 -10.93
 ABUNDANCE CHANGE 75 -11.77 76 -10.59 77 -10.69 78 -10.24 79 -11.03 80 -10.95
 ABUNDANCE CHANGE 81 -11.14 82 -10.19 83 -11.33 84 -20.00 85 -20.00 86 -20.00
 ABUNDANCE CHANGE 87 -20.00 88 -20.00 89 -20.00 90 -11.92 91 -20.00 92 -12.51
 ABUNDANCE CHANGE 93 -20.00 94 -20.00 95 -20.00 96 -20.00 97 -20.00 98 -20.00
 ABUNDANCE CHANGE 99 -20.00
READ DECK6 72 RHOX,T,P,XNE,ABROSS,ACCRAD,VTURB
 9.45432418E-05   5054.7 9.454E+00 1.906E+10 1.411E-03 1.063E+00 2.000E+05 0.000E+00 0.000E+00
 1.24985183E-04   5074.9 1.250E+01 2.344E+10 1.511E-03 1.084E+00 2.000E+05 0.000E+00 0.000E+00
 1.62530472E-04   5097.5 1.625E+01 2.877E+10 1.648E-03 1.072E+00 2.000E+05 0.000E+00 0.000E+00
 2.08245497E-04   5120.3 2.082E+01 3.503E+10 1.812E-03 1.054E+00 2.000E+05 0.000E+00 0.000E+00
 2.63482025E-04   5142.8 2.635E+01 4.232E+10 2.006E-03 1.041E+00 2.000E+05 0.000E+00 0.000E+00
 3.29873914E-04   5165.2 3.299E+01 5.078E+10 2.230E-03 1.033E+00 2.000E+05 0.000E+00 0.000E+00
 4.09319799E-04   5187.4 4.093E+01 6.059E+10 2.490E-03 1.032E+00 2.000E+05 0.000E+00 0.000E+00
 5.04026135E-04   5209.8 5.040E+01 7.199E+10 2.791E-03 1.034E+00 2.000E+05 0.000E+00 0.000E+00
 6.16517772E-04   5232.5 6.165E+01 8.528E+10 3.138E-03 1.038E+00 2.000E+05 0.000E+00 0.000E+00
 7.49740870E-04   5255.7 7.497E+01 1.008E+11 3.538E-03 1.043E+00 2.000E+05 0.000E+00 0.000E+00
 9.07059674E-04   5279.7 9.070E+01 1.190E+11 4.001E-03 1.048E+00 2.000E+05 0.000E+00 0.000E+00
 1.09229074E-03   5304.5 1.092E+02 1.403E+11 4.538E-03 1.056E+00 2.000E+05 0.000E+00 0.000E+00
 1.30977101E-03   5330.2 1.310E+02 1.653E+11 5.160E-03 1.067E+00 2.000E+05 0.000E+00 0.000E+00
 1.56455700E-03   5356.9 1.564E+02 1.947E+11 5.879E-03 1.076E+00 2.000E+05 0.000E+00 0.000E+00
 1.86242007E-03   5384.4 1.862E+02 2.293E+11 6.714E-03 1.087E+00 2.000E+05 0.000E+00 0.000E+00
 2.20980161E-03   5413.1 2.210E+02 2.701E+11 7.685E-03 1.101E+00 2.000E+05 0.000E+00 0.000E+00
 2.61412554E-03   5442.9 2.614E+02 3.183E+11 8.812E-03 1.114E+00 2.000E+05 0.000E+00 0.000E+00
 3.08406602E-03   5473.7 3.084E+02 3.751E+11 1.012E-02 1.126E+00 2.000E+05 0.000E+00 0.000E+00
 3.62938502E-03   5505.5 3.629E+02 4.422E+11 1.164E-02 1.144E+00 2.000E+05 0.000E+00 0.000E+00
 4.26128375E-03   5538.3 4.261E+02 5.213E+11 1.340E-02 1.162E+00 2.000E+05 0.000E+00 0.000E+00
 4.99296577E-03   5572.0 4.993E+02 6.146E+11 1.543E-02 1.179E+00 2.000E+05 0.000E+00 0.000E+00
 5.83980368E-03   5606.4 5.840E+02 7.246E+11 1.778E-02 1.196E+00 2.000E+05 0.000E+00 0.000E+00
 6.81970443E-03   5641.5 6.819E+02 8.541E+11 2.049E-02 1.213E+00 2.000E+05 0.000E+00 0.000E+00
 7.95360296E-03   5677.1 7.953E+02 1.006E+12 2.362E-02 1.231E+00 2.000E+05 0.000E+00 0.000E+00
 9.26607767E-03   5713.2 9.266E+02 1.185E+12 2.720E-02 1.249E+00 2.000E+05 0.000E+00 0.000E+00
 1.07854351E-02   5749.7 1.079E+03 1.394E+12 3.134E-02 1.273E+00 2.000E+05 0.000E+00 0.000E+00
 1.25429650E-02   5786.6 1.254E+03 1.640E+12 3.615E-02 1.310E+00 2.000E+05 0.000E+00 0.000E+00
 1.45745457E-02   5824.2 1.457E+03 1.929E+12 4.171E-02 1.351E+00 2.000E+05 0.000E+00 0.000E+00
 1.69229085E-02   5862.4 1.692E+03 2.269E+12 4.811E-02 1.396E+00 2.000E+05 0.000E+00 0.000E+00
 1.96380485E-02   5901.0 1.964E+03 2.668E+12 5.548E-02 1.445E+00 2.000E+05 0.000E+00 0.000E+00
 2.27782072E-02   5940.1 2.278E+03 3.136E+12 6.396E-02 1.500E+00 2.000E+05 0.000E+00 0.000E+00
 2.64113819E-02   5979.6 2.641E+03 3.684E+12 7.370E-02 1.560E+00 2.000E+05 0.000E+00 0.000E+00
 3.06177051E-02   6019.3 3.062E+03 4.326E+12 8.487E-02 1.628E+00 2.000E+05 0.000E+00 0.000E+00
 3.54882536E-02   6059.4 3.549E+03 5.077E+12 9.775E-02 1.711E+00 2.000E+05 0.000E+00 0.000E+00
 4.11281371E-02   6099.8 4.113E+03 5.957E+12 1.126E-01 1.805E+00 2.000E+05 0.000E+00 0.000E+00
 4.76604671E-02   6140.9 4.766E+03 6.990E+12 1.296E-01 1.911E+00 2.000E+05 0.000E+00 0.000E+00
 5.52270365E-02   6182.4 5.523E+03 8.200E+12 1.492E-01 2.034E+00 2.000E+05 0.000E+00 0.000E+00
 6.39878212E-02   6224.4 6.399E+03 9.620E+12 1.719E-01 2.179E+00 2.000E+05 0.000E+00 0.000E+00
 7.41252660E-02   6267.4 7.412E+03 1.129E+13 1.981E-01 2.345E+00 2.000E+05 0.000E+00 0.000E+00
 8.58492884E-02   6311.6 8.585E+03 1.327E+13 2.285E-01 2.537E+00 2.000E+05 0.000E+00 0.000E+00
 9.93982575E-02   6357.3 9.940E+03 1.562E+13 2.639E-01 2.761E+00 2.000E+05 0.000E+00 0.000E+00
 1.15020570E-01   6405.4 1.150E+04 1.844E+13 3.057E-01 3.039E+00 2.000E+05 0.000E+00 0.000E+00
 1.32971725E-01   6456.6 1.330E+04 2.185E+13 3.554E-01 3.370E+00 2.000E+05 0.000E+00 0.000E+00
 1.53525155E-01   6511.9 1.535E+04 2.603E+13 4.148E-01 3.771E+00 2.000E+05 0.000E+00 0.000E+00
 1.76939800E-01   6572.7 1.769E+04 3.124E+13 4.871E-01 4.263E+00 2.000E+05 0.000E+00 0.000E+00
 2.03409365E-01   6641.2 2.034E+04 3.786E+13 5.774E-01 4.893E+00 2.000E+05 0.000E+00 0.000E+00
 2.32992389E-01   6720.2 2.330E+04 4.652E+13 6.936E-01 5.719E+00 2.000E+05 1.166E-11 0.000E+00
 2.65585408E-01   6812.6 2.656E+04 5.815E+13 8.461E-01 6.815E+00 2.000E+05 1.805E-08 0.000E+00
 3.00882565E-01   6922.3 3.009E+04 7.422E+13 1.052E+00 8.315E+00 2.000E+05 6.932E-08 0.000E+00
 3.38293572E-01   7053.8 3.383E+04 9.714E+13 1.341E+00 1.048E+01 2.000E+05 1.261E-06 0.000E+00
 3.76868915E-01   7215.1 3.769E+04 1.315E+14 1.771E+00 1.404E+01 2.000E+05 1.229E-04 4.501E+02
 4.12437831E-01   7512.1 4.124E+04 2.119E+14 2.787E+00 2.177E+01 2.000E+05 4.159E-03 3.571E+03
 4.42445555E-01   7799.9 4.424E+04 3.239E+14 4.244E+00 3.035E+01 2.000E+05 4.716E-02 4.129E+03
 4.71301546E-01   7978.0 4.713E+04 4.194E+14 5.506E+00 3.550E+01 2.000E+05 1.063E-01 3.964E+03
 5.01006732E-01   8168.3 5.010E+04 5.452E+14 7.213E+00 4.252E+01 2.000E+05 1.690E-01 8.230E+03
 5.30816135E-01   8387.1 5.308E+04 7.229E+14 9.736E+00 5.262E+01 2.000E+05 2.304E-01 1.854E+04
 5.59895012E-01   8635.2 5.598E+04 9.737E+14 1.350E+01 6.734E+01 2.000E+05 2.878E-01 4.338E+04
 5.87157605E-01   8934.4 5.871E+04 1.353E+15 1.966E+01 9.015E+01 2.000E+05 3.406E-01 8.481E+04
 6.12045900E-01   9256.2 6.119E+04 1.870E+15 2.883E+01 1.231E+02 2.000E+05 3.866E-01 1.416E+05
 6.34006604E-01   9654.0 6.339E+04 2.678E+15 4.466E+01 1.769E+02 2.000E+05 4.308E-01 2.258E+05
 6.52883569E-01  10066.9 6.527E+04 3.732E+15 6.740E+01 2.116E+02 2.000E+05 5.358E-01 3.397E+05
 6.70764973E-01  10385.1 6.705E+04 4.715E+15 8.990E+01 1.932E+02 2.000E+05 6.881E-01 3.715E+05
 6.89263623E-01  10656.0 6.890E+04 5.675E+15 1.128E+02 1.682E+02 2.000E+05 7.769E-01 3.813E+05
 7.09391613E-01  10895.5 7.091E+04 6.624E+15 1.357E+02 1.506E+02 2.000E+05 8.355E-01 3.891E+05
 7.31843036E-01  11136.3 7.315E+04 7.666E+15 1.613E+02 1.386E+02 2.000E+05 8.747E-01 3.953E+05
 7.57366440E-01  11365.1 7.570E+04 8.746E+15 1.869E+02 1.282E+02 2.000E+05 8.990E-01 3.972E+05
 7.86831453E-01  11608.8 7.864E+04 9.973E+15 2.153E+02 1.216E+02 2.000E+05 9.176E-01 4.011E+05
 8.21170101E-01  11852.6 8.207E+04 1.129E+16 2.450E+02 1.157E+02 2.000E+05 9.308E-01 4.033E+05
 8.61463606E-01  12121.1 8.610E+04 1.282E+16 2.781E+02 1.120E+02 2.000E+05 9.410E-01 4.059E+05
 9.09065287E-01  12396.2 9.085E+04 1.448E+16 3.121E+02 1.094E+02 2.000E+05 9.488E-01 4.088E+05
 9.65813530E-01  12713.4 9.652E+04 1.642E+16 3.479E+02 1.091E+02 2.000E+05 9.541E-01 4.115E+05
 1.03453432E+00  13048.6 1.034E+05 1.858E+16 3.800E+02 1.107E+02 2.000E+05 9.577E-01 4.150E+05
PRADK 4.7860E+00
BEGIN                    ITERATION  15 COMPLETED
