EFF  14000.  GRAVITY 3.50000 LTE
ITLE SDSC GRID  [-4.5]   VTURB 2.0 KM/S
OPACITY IFOP 1 1 1 1 1 1 1 1 1 1 1 1 1 0 1 0 0 0 0 0
CONVECTION OFF  1.00 TURBULENCE OFF  0.00  0.00  0.00  0.00
BUNDANCE SCALE .00003162 ABUNDANCE CHANGE 1 0.91100 2 0.08900
ABUNDANCE CHANGE  3 -10.88  4 -10.89  5  -9.44  6  -3.48  7  -3.99  8  -3.11
ABUNDANCE CHANGE  9  -7.48 10  -3.95 11  -5.71 12  -4.46 13  -5.57 14  -4.49
ABUNDANCE CHANGE 15  -6.59 16  -4.83 17  -6.54 18  -5.48 19  -6.82 20  -5.68
ABUNDANCE CHANGE 21  -8.94 22  -7.05 23  -8.04 24  -6.37 25  -6.65 26  -4.37
ABUNDANCE CHANGE 27  -7.12 28  -5.79 29  -7.83 30  -7.44 31  -9.16 32  -8.63
ABUNDANCE CHANGE 33  -9.67 34  -8.69 35  -9.41 36  -8.81 37  -9.44 38  -9.14
ABUNDANCE CHANGE 39  -9.80 40  -9.54 41 -10.62 42 -10.12 43 -20.00 44 -10.20
ABUNDANCE CHANGE 45 -10.92 46 -10.35 47 -11.10 48 -10.18 49 -10.58 50 -10.04
ABUNDANCE CHANGE 51 -11.04 52  -9.80 53 -10.53 54  -9.81 55 -10.92 56  -9.91
ABUNDANCE CHANGE 57 -10.82 58 -10.49 59 -11.33 60 -10.54 61 -20.00 62 -11.04
ABUNDANCE CHANGE 63 -11.53 64 -10.92 65 -11.94 66 -10.94 67 -11.78 68 -11.11
ABUNDANCE CHANGE 69 -12.04 70 -10.96 71 -11.28 72 -11.16 73 -11.91 74 -10.93
ABUNDANCE CHANGE 75 -11.77 76 -10.59 77 -10.69 78 -10.24 79 -11.03 80 -10.95
ABUNDANCE CHANGE 81 -11.14 82 -10.19 83 -11.33 84 -20.00 85 -20.00 86 -20.00
ABUNDANCE CHANGE 87 -20.00 88 -20.00 89 -20.00 90 -11.92 91 -20.00 92 -12.51
ABUNDANCE CHANGE 93 -20.00 94 -20.00 95 -20.00 96 -20.00 97 -20.00 98 -20.00
ABUNDANCE CHANGE 99 -20.00
EAD DECK6 64 RHOX,T,P,XNE,ABROSS,ACCRAD,VTURB
5.86672947E-06   8509.3 1.842E-02 7.471E+09 2.900E-01 2.148E+01 2.000E+05
6.16976856E-06   8550.8 1.937E-02 7.819E+09 2.900E-01 2.146E+01 2.000E+05
8.19963353E-06   8551.8 2.574E-02 1.039E+10 2.910E-01 2.164E+01 2.000E+05
1.09154164E-05   8552.8 3.427E-02 1.383E+10 2.923E-01 2.188E+01 2.000E+05
1.45133467E-05   8566.5 4.556E-02 1.835E+10 2.940E-01 2.216E+01 2.000E+05
1.92806362E-05   8584.1 6.053E-02 2.433E+10 2.961E-01 2.251E+01 2.000E+05
2.55841763E-05   8605.3 8.032E-02 3.220E+10 2.988E-01 2.294E+01 2.000E+05
3.39049112E-05   8632.7 1.064E-01 4.252E+10 3.023E-01 2.345E+01 2.000E+05
4.48605137E-05   8668.1 1.408E-01 5.601E+10 3.065E-01 2.405E+01 2.000E+05
5.92472751E-05   8713.3 1.860E-01 7.357E+10 3.117E-01 2.470E+01 2.000E+05
7.80838430E-05   8767.6 2.451E-01 9.632E+10 3.179E-01 2.542E+01 2.000E+05
1.02669584E-04   8832.0 3.222E-01 1.257E+11 3.254E-01 2.619E+01 2.000E+05
1.34647732E-04   8904.4 4.225E-01 1.634E+11 3.341E-01 2.702E+01 2.000E+05
1.76092538E-04   8985.0 5.524E-01 2.117E+11 3.444E-01 2.790E+01 2.000E+05
2.29599770E-04   9072.2 7.201E-01 2.733E+11 3.564E-01 2.885E+01 2.000E+05
2.98407887E-04   9166.0 9.356E-01 3.514E+11 3.703E-01 2.988E+01 2.000E+05
3.86538634E-04   9265.0 1.212E+00 4.501E+11 3.863E-01 3.098E+01 2.000E+05
4.98957361E-04   9368.0 1.564E+00 5.743E+11 4.047E-01 3.213E+01 2.000E+05
6.41689942E-04   9469.8 2.010E+00 7.304E+11 4.261E-01 3.333E+01 2.000E+05
8.21889379E-04   9563.9 2.574E+00 9.259E+11 4.515E-01 3.464E+01 2.000E+05
1.04775648E-03   9640.2 3.280E+00 1.170E+12 4.824E-01 3.631E+01 2.000E+05
1.32825513E-03   9692.6 4.157E+00 1.474E+12 5.205E-01 3.874E+01 2.000E+05
1.67304761E-03   9722.4 5.233E+00 1.848E+12 5.675E-01 4.233E+01 2.000E+05
2.09292562E-03   9741.8 6.542E+00 2.304E+12 6.236E-01 4.710E+01 2.000E+05
2.60149777E-03   9768.8 8.125E+00 2.851E+12 6.874E-01 5.265E+01 2.000E+05
3.21505365E-03   9793.6 1.003E+01 3.506E+12 7.617E-01 5.918E+01 2.000E+05
3.95450998E-03   9841.3 1.232E+01 4.282E+12 8.419E-01 6.595E+01 2.000E+05
4.84404780E-03   9882.9 1.507E+01 5.210E+12 9.357E-01 7.376E+01 2.000E+05
5.91038522E-03   9930.4 1.836E+01 6.309E+12 1.042E+00 8.253E+01 2.000E+05
7.18617297E-03   9979.4 2.229E+01 7.610E+12 1.162E+00 9.248E+01 2.000E+05
8.70947892E-03  10031.4 2.695E+01 9.145E+12 1.299E+00 1.037E+02 2.000E+05
1.05260959E-02  10087.6 3.250E+01 1.095E+13 1.453E+00 1.164E+02 2.000E+05
1.26952077E-02  10156.8 3.909E+01 1.307E+13 1.620E+00 1.298E+02 2.000E+05
1.52887067E-02  10231.8 4.693E+01 1.557E+13 1.807E+00 1.446E+02 2.000E+05
1.83933343E-02  10318.3 5.628E+01 1.850E+13 2.010E+00 1.606E+02 2.000E+05
2.21202952E-02  10417.7 6.743E+01 2.195E+13 2.230E+00 1.777E+02 2.000E+05
2.66132249E-02  10535.3 8.080E+01 2.601E+13 2.460E+00 1.956E+02 2.000E+05
3.20613178E-02  10674.3 9.691E+01 3.081E+13 2.696E+00 2.137E+02 2.000E+05
3.87256231E-02  10845.0 1.165E+02 3.651E+13 2.924E+00 2.306E+02 2.000E+05
4.69596670E-02  11046.2 1.406E+02 4.332E+13 3.141E+00 2.466E+02 2.000E+05
5.72447764E-02  11285.9 1.705E+02 5.151E+13 3.332E+00 2.609E+02 2.000E+05
7.02721390E-02  11571.4 2.082E+02 6.148E+13 3.483E+00 2.723E+02 2.000E+05
8.70314340E-02  11909.8 2.566E+02 7.376E+13 3.582E+00 2.804E+02 2.000E+05
1.08950311E-01  12310.5 3.197E+02 8.910E+13 3.624E+00 2.849E+02 2.000E+05
1.38090829E-01  12784.1 4.035E+02 1.085E+14 3.609E+00 2.856E+02 2.000E+05
1.77367646E-01  13338.1 5.165E+02 1.335E+14 3.553E+00 2.833E+02 2.000E+05
2.30741309E-01  13979.3 6.703E+02 1.660E+14 3.476E+00 2.790E+02 2.000E+05
3.03395187E-01  14712.8 8.800E+02 2.084E+14 3.416E+00 2.747E+02 2.000E+05
4.01525237E-01  15536.3 1.164E+03 2.635E+14 3.386E+00 2.707E+02 2.000E+05
5.33200159E-01  16446.5 1.545E+03 3.338E+14 3.369E+00 2.656E+02 2.000E+05
7.09919972E-01  17436.1 2.057E+03 4.226E+14 3.343E+00 2.587E+02 2.000E+05
9.47651736E-01  18507.7 2.748E+03 5.343E+14 3.312E+00 2.514E+02 2.000E+05
1.26699553E+00  19665.6 3.679E+03 6.747E+14 3.298E+00 2.461E+02 2.000E+05
1.69284306E+00  20921.3 4.921E+03 8.493E+14 3.312E+00 2.439E+02 2.000E+05
2.25579032E+00  22286.2 6.564E+03 1.064E+15 3.355E+00 2.448E+02 2.000E+05
2.99297944E+00  23776.8 8.713E+03 1.324E+15 3.432E+00 2.489E+02 2.000E+05
3.94910477E+00  25397.6 1.150E+04 1.636E+15 3.546E+00 2.561E+02 2.000E+05
5.17682872E+00  27168.3 1.506E+04 2.003E+15 3.700E+00 2.665E+02 2.000E+05
6.73789695E+00  29086.9 1.957E+04 2.432E+15 3.898E+00 2.801E+02 2.000E+05
8.70508347E+00  31172.8 2.522E+04 2.925E+15 4.143E+00 2.971E+02 2.000E+05
1.11583402E+01  33429.8 3.222E+04 3.488E+15 4.456E+00 3.191E+02 2.000E+05
1.41786552E+01  35867.0 4.077E+04 4.124E+15 4.861E+00 3.485E+02 2.000E+05
1.78388977E+01  38533.5 5.100E+04 4.832E+15 5.385E+00 3.842E+02 2.000E+05
2.22970237E+01  41402.9 6.339E+04 5.647E+15 5.850E+00 3.834E+02 2.000E+05
RADK 6.8377E+01
EGIN                    ITERATION   6 COMPLETED
