TEFF   6500.  GRAVITY 3.50000 LTE 
TITLE SDSC GRID  [-3.0]   VTURB 2.0 KM/S    L/H 1.25                            
 OPACITY IFOP 1 1 1 1 1 1 1 1 1 1 1 1 1 0 1 0 0 0 0 0
 CONVECTION ON   1.25 TURBULENCE OFF  0.00  0.00  0.00  0.00
ABUNDANCE SCALE   0.00100 ABUNDANCE CHANGE 1 0.91100 2 0.08900
 ABUNDANCE CHANGE  3 -10.88  4 -10.89  5  -9.44  6  -3.48  7  -3.99  8  -3.11
 ABUNDANCE CHANGE  9  -7.48 10  -3.95 11  -5.71 12  -4.46 13  -5.57 14  -4.49
 ABUNDANCE CHANGE 15  -6.59 16  -4.83 17  -6.54 18  -5.48 19  -6.82 20  -5.68
 ABUNDANCE CHANGE 21  -8.94 22  -7.05 23  -8.04 24  -6.37 25  -6.65 26  -4.37
 ABUNDANCE CHANGE 27  -7.12 28  -5.79 29  -7.83 30  -7.44 31  -9.16 32  -8.63
 ABUNDANCE CHANGE 33  -9.67 34  -8.69 35  -9.41 36  -8.81 37  -9.44 38  -9.14
 ABUNDANCE CHANGE 39  -9.80 40  -9.54 41 -10.62 42 -10.12 43 -20.00 44 -10.20
 ABUNDANCE CHANGE 45 -10.92 46 -10.35 47 -11.10 48 -10.18 49 -10.58 50 -10.04
 ABUNDANCE CHANGE 51 -11.04 52  -9.80 53 -10.53 54  -9.81 55 -10.92 56  -9.91
 ABUNDANCE CHANGE 57 -10.82 58 -10.49 59 -11.33 60 -10.54 61 -20.00 62 -11.04
 ABUNDANCE CHANGE 63 -11.53 64 -10.92 65 -11.94 66 -10.94 67 -11.78 68 -11.11
 ABUNDANCE CHANGE 69 -12.04 70 -10.96 71 -11.28 72 -11.16 73 -11.91 74 -10.93
 ABUNDANCE CHANGE 75 -11.77 76 -10.59 77 -10.69 78 -10.24 79 -11.03 80 -10.95
 ABUNDANCE CHANGE 81 -11.14 82 -10.19 83 -11.33 84 -20.00 85 -20.00 86 -20.00
 ABUNDANCE CHANGE 87 -20.00 88 -20.00 89 -20.00 90 -11.92 91 -20.00 92 -12.51
 ABUNDANCE CHANGE 93 -20.00 94 -20.00 95 -20.00 96 -20.00 97 -20.00 98 -20.00
 ABUNDANCE CHANGE 99 -20.00
READ DECK6 72 RHOX,T,P,XNE,ABROSS,ACCRAD,VTURB
 1.43973843E-04   4759.4 4.553E-01 1.415E+09 9.262E-04 1.144E-02 2.000E+05 0.000E+00 0.000E+00
 1.94157841E-04   4764.4 6.140E-01 1.673E+09 8.463E-04 1.120E-02 2.000E+05 0.000E+00 0.000E+00
 2.67488282E-04   4769.0 8.459E-01 1.995E+09 7.713E-04 1.098E-02 2.000E+05 0.000E+00 0.000E+00
 3.74191961E-04   4776.0 1.183E+00 2.420E+09 7.111E-04 1.080E-02 2.000E+05 0.000E+00 0.000E+00
 5.27829261E-04   4785.6 1.669E+00 2.973E+09 6.665E-04 1.065E-02 2.000E+05 0.000E+00 0.000E+00
 7.44227893E-04   4797.4 2.353E+00 3.679E+09 6.371E-04 1.055E-02 2.000E+05 0.000E+00 0.000E+00
 1.04252329E-03   4811.5 3.297E+00 4.574E+09 6.233E-04 1.050E-02 2.000E+05 0.000E+00 0.000E+00
 1.44394559E-03   4828.1 4.566E+00 5.700E+09 6.249E-04 1.049E-02 2.000E+05 0.000E+00 0.000E+00
 1.97119306E-03   4847.1 6.234E+00 7.107E+09 6.417E-04 1.052E-02 2.000E+05 0.000E+00 0.000E+00
 2.64840423E-03   4867.8 8.375E+00 8.839E+09 6.728E-04 1.060E-02 2.000E+05 0.000E+00 0.000E+00
 3.50115024E-03   4890.3 1.107E+01 1.096E+10 7.187E-04 1.072E-02 2.000E+05 0.000E+00 0.000E+00
 4.55758989E-03   4913.8 1.441E+01 1.353E+10 7.785E-04 1.089E-02 2.000E+05 0.000E+00 0.000E+00
 5.85300498E-03   4936.5 1.851E+01 1.653E+10 8.495E-04 1.108E-02 2.000E+05 0.000E+00 0.000E+00
 7.42956904E-03   4959.4 2.350E+01 2.007E+10 9.343E-04 1.130E-02 2.000E+05 0.000E+00 0.000E+00
 9.33557574E-03   4982.0 2.952E+01 2.420E+10 1.033E-03 1.157E-02 2.000E+05 0.000E+00 0.000E+00
 1.16301604E-02   5003.9 3.678E+01 2.899E+10 1.146E-03 1.189E-02 2.000E+05 0.000E+00 0.000E+00
 1.43836513E-02   5025.4 4.549E+01 3.453E+10 1.275E-03 1.226E-02 2.000E+05 0.000E+00 0.000E+00
 1.76820024E-02   5045.9 5.592E+01 4.084E+10 1.420E-03 1.267E-02 2.000E+05 0.000E+00 0.000E+00
 2.16305322E-02   5065.4 6.840E+01 4.802E+10 1.582E-03 1.315E-02 2.000E+05 0.000E+00 0.000E+00
 2.63580944E-02   5083.7 8.335E+01 5.611E+10 1.762E-03 1.369E-02 2.000E+05 0.000E+00 0.000E+00
 3.20197101E-02   5101.0 1.013E+02 6.526E+10 1.962E-03 1.429E-02 2.000E+05 0.000E+00 0.000E+00
 3.88049271E-02   5117.1 1.227E+02 7.547E+10 2.181E-03 1.498E-02 2.000E+05 0.000E+00 0.000E+00
 4.69406051E-02   5132.5 1.484E+02 8.701E+10 2.426E-03 1.576E-02 2.000E+05 0.000E+00 0.000E+00
 5.66943288E-02   5147.1 1.793E+02 9.998E+10 2.699E-03 1.662E-02 2.000E+05 0.000E+00 0.000E+00
 6.83845707E-02   5161.5 2.163E+02 1.147E+11 3.004E-03 1.759E-02 2.000E+05 0.000E+00 0.000E+00
 8.23923121E-02   5175.2 2.606E+02 1.312E+11 3.343E-03 1.866E-02 2.000E+05 0.000E+00 0.000E+00
 9.91743627E-02   5188.7 3.136E+02 1.498E+11 3.721E-03 1.985E-02 2.000E+05 0.000E+00 0.000E+00
 1.19280801E-01   5201.6 3.772E+02 1.707E+11 4.141E-03 2.116E-02 2.000E+05 0.000E+00 0.000E+00
 1.43383261E-01   5213.8 4.534E+02 1.941E+11 4.604E-03 2.261E-02 2.000E+05 0.000E+00 0.000E+00
 1.72306603E-01   5225.1 5.449E+02 2.199E+11 5.113E-03 2.419E-02 2.000E+05 0.000E+00 0.000E+00
 2.07072503E-01   5235.2 6.548E+02 2.484E+11 5.667E-03 2.593E-02 2.000E+05 0.000E+00 0.000E+00
 2.48939984E-01   5244.2 7.872E+02 2.796E+11 6.270E-03 2.783E-02 2.000E+05 0.000E+00 0.000E+00
 2.99456056E-01   5252.0 9.470E+02 3.137E+11 6.923E-03 2.992E-02 2.000E+05 0.000E+00 0.000E+00
 3.60509044E-01   5258.8 1.140E+03 3.511E+11 7.634E-03 3.224E-02 2.000E+05 0.000E+00 0.000E+00
 4.34362145E-01   5265.1 1.374E+03 3.925E+11 8.416E-03 3.483E-02 2.000E+05 0.000E+00 0.000E+00
 5.23661534E-01   5271.4 1.656E+03 4.389E+11 9.287E-03 3.776E-02 2.000E+05 0.000E+00 0.000E+00
 6.31504682E-01   5278.1 1.997E+03 4.914E+11 1.026E-02 4.108E-02 2.000E+05 0.000E+00 0.000E+00
 7.61394877E-01   5286.2 2.408E+03 5.523E+11 1.138E-02 4.491E-02 2.000E+05 0.000E+00 0.000E+00
 9.17285732E-01   5295.8 2.901E+03 6.231E+11 1.267E-02 4.933E-02 2.000E+05 0.000E+00 0.000E+00
 1.10349486E+00   5307.9 3.490E+03 7.075E+11 1.419E-02 5.455E-02 2.000E+05 0.000E+00 0.000E+00
 1.32459554E+00   5322.9 4.189E+03 8.089E+11 1.598E-02 6.074E-02 2.000E+05 0.000E+00 0.000E+00
 1.58536923E+00   5341.7 5.013E+03 9.333E+11 1.814E-02 6.820E-02 2.000E+05 0.000E+00 0.000E+00
 1.89040641E+00   5365.1 5.978E+03 1.088E+12 2.077E-02 7.730E-02 2.000E+05 0.000E+00 0.000E+00
 2.24374395E+00   5394.4 7.095E+03 1.286E+12 2.404E-02 8.863E-02 2.000E+05 0.000E+00 0.000E+00
 2.64807473E+00   5430.9 8.374E+03 1.544E+12 2.821E-02 1.030E-01 2.000E+05 0.000E+00 0.000E+00
 3.10431670E+00   5476.1 9.817E+03 1.888E+12 3.359E-02 1.216E-01 2.000E+05 0.000E+00 0.000E+00
 3.61046760E+00   5532.4 1.142E+04 2.364E+12 4.076E-02 1.465E-01 2.000E+05 9.117E-10 0.000E+00
 4.16105456E+00   5601.5 1.316E+04 3.035E+12 5.050E-02 1.802E-01 2.000E+05 3.564E-09 0.000E+00
 4.74476124E+00   5688.6 1.500E+04 4.036E+12 6.437E-02 2.284E-01 2.000E+05 3.987E-09 0.000E+00
 5.35467686E+00   5783.9 1.693E+04 5.417E+12 8.270E-02 2.926E-01 2.000E+05 1.251E-06 0.000E+00
 5.90634505E+00   6039.7 1.867E+04 1.023E+13 1.418E-01 4.986E-01 2.000E+05 2.965E-04 1.729E+03
 6.31665613E+00   6319.8 1.997E+04 1.907E+13 2.431E-01 8.284E-01 2.000E+05 3.418E-02 1.755E+03
 6.68628737E+00   6476.0 2.114E+04 2.670E+13 3.274E-01 1.045E+00 2.000E+05 9.284E-02 4.274E+02
 7.06582885E+00   6599.9 2.234E+04 3.467E+13 4.137E-01 1.218E+00 2.000E+05 1.520E-01 2.553E+02
 7.46544189E+00   6736.6 2.361E+04 4.564E+13 5.310E-01 1.436E+00 2.000E+05 2.122E-01 1.423E+03
 7.87471751E+00   6896.5 2.490E+04 6.183E+13 7.033E-01 1.757E+00 2.000E+05 2.693E-01 4.910E+03
 8.27649980E+00   7095.3 2.617E+04 8.790E+13 9.831E-01 2.309E+00 2.000E+05 3.104E-01 1.519E+04
 8.64588922E+00   7350.6 2.734E+04 1.331E+14 1.481E+00 3.331E+00 2.000E+05 3.431E-01 4.345E+04
 8.95966674E+00   7663.4 2.833E+04 2.116E+14 2.397E+00 5.063E+00 2.000E+05 3.796E-01 8.182E+04
 9.22158518E+00   7974.0 2.915E+04 3.225E+14 3.803E+00 7.706E+00 2.000E+05 4.115E-01 1.113E+05
 9.42567319E+00   8396.8 2.980E+04 5.385E+14 6.924E+00 1.328E+01 2.000E+05 4.492E-01 2.848E+05
 9.57844400E+00   8771.2 3.028E+04 8.099E+14 1.148E+01 1.491E+01 2.000E+05 6.185E-01 3.800E+05
 9.71727108E+00   9006.4 3.072E+04 1.028E+15 1.554E+01 1.266E+01 2.000E+05 7.514E-01 3.941E+05
 9.85626898E+00   9227.4 3.115E+04 1.270E+15 2.044E+01 1.132E+01 2.000E+05 8.357E-01 4.033E+05
 1.00026515E+01   9401.8 3.161E+04 1.491E+15 2.513E+01 9.917E+00 2.000E+05 8.809E-01 4.022E+05
 1.01615724E+01   9584.3 3.212E+04 1.749E+15 3.084E+01 9.249E+00 2.000E+05 9.123E-01 4.053E+05
 1.03372866E+01   9744.4 3.267E+04 2.002E+15 3.667E+01 8.321E+00 2.000E+05 9.319E-01 4.012E+05
 1.05339185E+01   9915.8 3.329E+04 2.299E+15 4.378E+01 7.928E+00 2.000E+05 9.471E-01 4.036E+05
 1.07555707E+01  10077.5 3.399E+04 2.608E+15 5.138E+01 7.277E+00 2.000E+05 9.575E-01 3.991E+05
 1.10074034E+01  10248.4 3.478E+04 2.962E+15 6.032E+01 6.960E+00 2.000E+05 9.663E-01 4.014E+05
 1.12943424E+01  10420.8 3.569E+04 3.352E+15 7.036E+01 6.417E+00 2.000E+05 9.727E-01 3.940E+05
 1.16241019E+01  10592.3 3.673E+04 3.774E+15 8.134E+01 6.566E+00 2.000E+05 9.766E-01 3.997E+05
PRADK 2.3703E+00
BEGIN                    ITERATION  15 COMPLETED
