TEFF  35000.  GRAVITY 4.50000 LTE 
TITLE SDSC GRID  [-0.3]   VTURB 2.0 KM/S                                        
 OPACITY IFOP 1 1 1 1 1 1 1 1 1 1 1 1 1 0 1 0 0 0 0 0
 CONVECTION OFF  1.00 TURBULENCE OFF  0.00  0.00  0.00  0.00
ABUNDANCE SCALE   0.50120 ABUNDANCE CHANGE 1 0.91100 2 0.08900
 ABUNDANCE CHANGE  3 -10.88  4 -10.89  5  -9.44  6  -3.48  7  -3.99  8  -3.11
 ABUNDANCE CHANGE  9  -7.48 10  -3.95 11  -5.71 12  -4.46 13  -5.57 14  -4.49
 ABUNDANCE CHANGE 15  -6.59 16  -4.83 17  -6.54 18  -5.48 19  -6.82 20  -5.68
 ABUNDANCE CHANGE 21  -8.94 22  -7.05 23  -8.04 24  -6.37 25  -6.65 26  -4.37
 ABUNDANCE CHANGE 27  -7.12 28  -5.79 29  -7.83 30  -7.44 31  -9.16 32  -8.63
 ABUNDANCE CHANGE 33  -9.67 34  -8.69 35  -9.41 36  -8.81 37  -9.44 38  -9.14
 ABUNDANCE CHANGE 39  -9.80 40  -9.54 41 -10.62 42 -10.12 43 -20.00 44 -10.20
 ABUNDANCE CHANGE 45 -10.92 46 -10.35 47 -11.10 48 -10.18 49 -10.58 50 -10.04
 ABUNDANCE CHANGE 51 -11.04 52  -9.80 53 -10.53 54  -9.81 55 -10.92 56  -9.91
 ABUNDANCE CHANGE 57 -10.82 58 -10.49 59 -11.33 60 -10.54 61 -20.00 62 -11.04
 ABUNDANCE CHANGE 63 -11.53 64 -10.92 65 -11.94 66 -10.94 67 -11.78 68 -11.11
 ABUNDANCE CHANGE 69 -12.04 70 -10.96 71 -11.28 72 -11.16 73 -11.91 74 -10.93
 ABUNDANCE CHANGE 75 -11.77 76 -10.59 77 -10.69 78 -10.24 79 -11.03 80 -10.95
 ABUNDANCE CHANGE 81 -11.14 82 -10.19 83 -11.33 84 -20.00 85 -20.00 86 -20.00
 ABUNDANCE CHANGE 87 -20.00 88 -20.00 89 -20.00 90 -11.92 91 -20.00 92 -12.51
 ABUNDANCE CHANGE 93 -20.00 94 -20.00 95 -20.00 96 -20.00 97 -20.00 98 -20.00
 ABUNDANCE CHANGE 99 -20.00
READ DECK6 64 RHOX,T,P,XNE,ABROSS,ACCRAD,VTURB
 5.13330931E-06  17906.6 1.327E-01 2.684E+10 3.366E-01 5.769E+03 2.000E+05
 5.28465389E-06  19028.8 1.367E-01 2.602E+10 3.366E-01 4.996E+03 2.000E+05
 7.04162652E-06  19199.8 1.835E-01 3.462E+10 3.383E-01 4.942E+03 2.000E+05
 9.37347797E-06  19393.3 2.458E-01 4.590E+10 3.401E-01 4.915E+03 2.000E+05
 1.24654047E-05  19601.1 3.283E-01 6.067E+10 3.421E-01 4.914E+03 2.000E+05
 1.65638562E-05  19836.4 4.379E-01 7.995E+10 3.442E-01 4.873E+03 2.000E+05
 2.19926715E-05  20106.8 5.836E-01 1.051E+11 3.467E-01 4.666E+03 2.000E+05
 2.91755861E-05  20394.2 7.783E-01 1.382E+11 3.496E-01 4.387E+03 2.000E+05
 3.86684449E-05  20679.0 1.038E+00 1.818E+11 3.530E-01 4.164E+03 2.000E+05
 5.11992704E-05  20965.1 1.383E+00 2.390E+11 3.568E-01 3.954E+03 2.000E+05
 6.77225491E-05  21246.4 1.842E+00 3.141E+11 3.610E-01 3.760E+03 2.000E+05
 8.94939018E-05  21523.5 2.451E+00 4.125E+11 3.655E-01 3.572E+03 2.000E+05
 1.18155289E-04  21795.6 3.258E+00 5.414E+11 3.704E-01 3.385E+03 2.000E+05
 1.55842983E-04  22055.3 4.326E+00 7.104E+11 3.758E-01 3.190E+03 2.000E+05
 2.05345470E-04  22292.3 5.738E+00 9.322E+11 3.817E-01 3.035E+03 2.000E+05
 2.70283620E-04  22508.0 7.598E+00 1.223E+12 3.884E-01 2.928E+03 2.000E+05
 3.55306736E-04  22708.8 1.004E+01 1.601E+12 3.960E-01 2.887E+03 2.000E+05
 4.66356943E-04  22905.4 1.323E+01 2.092E+12 4.048E-01 2.907E+03 2.000E+05
 6.11090457E-04  23111.8 1.738E+01 2.724E+12 4.145E-01 2.952E+03 2.000E+05
 7.99401050E-04  23335.9 2.278E+01 3.535E+12 4.252E-01 3.004E+03 2.000E+05
 1.04396011E-03  23580.4 2.977E+01 4.572E+12 4.370E-01 3.054E+03 2.000E+05
 1.36078945E-03  23845.1 3.881E+01 5.894E+12 4.505E-01 3.104E+03 2.000E+05
 1.77021383E-03  24130.2 5.048E+01 7.576E+12 4.653E-01 3.137E+03 2.000E+05
 2.29824328E-03  24429.4 6.552E+01 9.712E+12 4.816E-01 3.149E+03 2.000E+05
 2.97791673E-03  24733.2 8.487E+01 1.243E+13 4.994E-01 3.151E+03 2.000E+05
 3.85076155E-03  25033.5 1.097E+02 1.587E+13 5.194E-01 3.165E+03 2.000E+05
 4.96707618E-03  25326.4 1.415E+02 2.023E+13 5.429E-01 3.212E+03 2.000E+05
 6.38839899E-03  25613.4 1.818E+02 2.570E+13 5.695E-01 3.289E+03 2.000E+05
 8.19200609E-03  25893.4 2.328E+02 3.256E+13 5.994E-01 3.402E+03 2.000E+05
 1.04736589E-02  26168.3 2.970E+02 4.110E+13 6.329E-01 3.557E+03 2.000E+05
 1.33486831E-02  26445.4 3.774E+02 5.167E+13 6.712E-01 3.760E+03 2.000E+05
 1.69574874E-02  26732.1 4.775E+02 6.468E+13 7.141E-01 4.003E+03 2.000E+05
 2.14754192E-02  27038.1 6.017E+02 8.057E+13 7.614E-01 4.279E+03 2.000E+05
 2.71196289E-02  27373.4 7.551E+02 9.988E+13 8.135E-01 4.579E+03 2.000E+05
 3.41592857E-02  27748.4 9.444E+02 1.232E+14 8.705E-01 4.894E+03 2.000E+05
 4.29190740E-02  28174.8 1.177E+03 1.513E+14 9.344E-01 5.222E+03 2.000E+05
 5.37748659E-02  28658.9 1.462E+03 1.847E+14 1.008E+00 5.559E+03 2.000E+05
 6.71857683E-02  29210.6 1.809E+03 2.243E+14 1.088E+00 5.891E+03 2.000E+05
 8.37273827E-02  29837.5 2.232E+03 2.710E+14 1.178E+00 6.208E+03 2.000E+05
 1.04096181E-01  30545.2 2.746E+03 3.259E+14 1.277E+00 6.512E+03 2.000E+05
 1.29117755E-01  31339.0 3.371E+03 3.902E+14 1.387E+00 6.810E+03 2.000E+05
 1.59827183E-01  32221.4 4.129E+03 4.654E+14 1.507E+00 7.069E+03 2.000E+05
 1.97475974E-01  33195.2 5.048E+03 5.533E+14 1.642E+00 7.329E+03 2.000E+05
 2.43429513E-01  34264.7 6.158E+03 6.557E+14 1.799E+00 7.609E+03 2.000E+05
 2.99220591E-01  35433.8 7.489E+03 7.740E+14 1.979E+00 7.908E+03 2.000E+05
 3.67191434E-01  36700.4 9.096E+03 9.119E+14 2.154E+00 8.047E+03 2.000E+05
 4.50583129E-01  38062.1 1.106E+04 1.074E+15 2.339E+00 8.168E+03 2.000E+05
 5.53358633E-01  39534.1 1.346E+04 1.266E+15 2.520E+00 8.274E+03 2.000E+05
 6.81646656E-01  41153.5 1.646E+04 1.493E+15 2.668E+00 8.276E+03 2.000E+05
 8.44769701E-01  42934.3 2.027E+04 1.769E+15 2.773E+00 8.252E+03 2.000E+05
 1.05639048E+00  44961.7 2.522E+04 2.107E+15 2.823E+00 8.181E+03 2.000E+05
 1.33583970E+00  47241.6 3.179E+04 2.532E+15 2.830E+00 8.049E+03 2.000E+05
 1.71013828E+00  49826.4 4.064E+04 3.072E+15 2.799E+00 7.913E+03 2.000E+05
 2.22128758E+00  52734.5 5.283E+04 3.776E+15 2.704E+00 7.611E+03 2.000E+05
 2.93046984E+00  55994.8 6.997E+04 4.711E+15 2.587E+00 7.318E+03 2.000E+05
 3.92674233E+00  59637.0 9.439E+04 5.969E+15 2.438E+00 6.895E+03 2.000E+05
 5.33668204E+00  63655.8 1.295E+05 7.675E+15 2.302E+00 6.517E+03 2.000E+05
 7.32357187E+00  68054.4 1.798E+05 9.964E+15 2.184E+00 6.176E+03 2.000E+05
 1.01077807E+01  72850.8 2.511E+05 1.300E+16 2.085E+00 5.895E+03 2.000E+05
 1.39778630E+01  78053.7 3.511E+05 1.696E+16 2.012E+00 5.689E+03 2.000E+05
 1.92540707E+01  83682.0 4.882E+05 2.200E+16 1.988E+00 5.608E+03 2.000E+05
 2.63710609E+01  89762.1 6.735E+05 2.830E+16 1.968E+00 5.560E+03 2.000E+05
 3.58699667E+01  96342.0 9.211E+05 3.606E+16 1.981E+00 5.565E+03 2.000E+05
 4.84320344E+01 103415.4 1.249E+06 4.556E+16 2.002E+00 5.411E+03 2.000E+05
PRADK 2.7984E+03
BEGIN                    ITERATION   9 COMPLETED
