TEFF   5750.  GRAVITY 2.50000 LTE 
TITLE SDSC GRID  [+0.1]   VTURB 2.0 KM/S    L/H 1.25                            
 OPACITY IFOP 1 1 1 1 1 1 1 1 1 1 1 1 1 0 1 0 0 0 0 0
 CONVECTION ON   1.25 TURBULENCE OFF  0.00  0.00  0.00  0.00
ABUNDANCE SCALE   1.25890 ABUNDANCE CHANGE 1 0.91100 2 0.08900
 ABUNDANCE CHANGE  3 -10.88  4 -10.89  5  -9.44  6  -3.48  7  -3.99  8  -3.11
 ABUNDANCE CHANGE  9  -7.48 10  -3.95 11  -5.71 12  -4.46 13  -5.57 14  -4.49
 ABUNDANCE CHANGE 15  -6.59 16  -4.83 17  -6.54 18  -5.48 19  -6.82 20  -5.68
 ABUNDANCE CHANGE 21  -8.94 22  -7.05 23  -8.04 24  -6.37 25  -6.65 26  -4.37
 ABUNDANCE CHANGE 27  -7.12 28  -5.79 29  -7.83 30  -7.44 31  -9.16 32  -8.63
 ABUNDANCE CHANGE 33  -9.67 34  -8.69 35  -9.41 36  -8.81 37  -9.44 38  -9.14
 ABUNDANCE CHANGE 39  -9.80 40  -9.54 41 -10.62 42 -10.12 43 -20.00 44 -10.20
 ABUNDANCE CHANGE 45 -10.92 46 -10.35 47 -11.10 48 -10.18 49 -10.58 50 -10.04
 ABUNDANCE CHANGE 51 -11.04 52  -9.80 53 -10.53 54  -9.81 55 -10.92 56  -9.91
 ABUNDANCE CHANGE 57 -10.82 58 -10.49 59 -11.33 60 -10.54 61 -20.00 62 -11.04
 ABUNDANCE CHANGE 63 -11.53 64 -10.92 65 -11.94 66 -10.94 67 -11.78 68 -11.11
 ABUNDANCE CHANGE 69 -12.04 70 -10.96 71 -11.28 72 -11.16 73 -11.91 74 -10.93
 ABUNDANCE CHANGE 75 -11.77 76 -10.59 77 -10.69 78 -10.24 79 -11.03 80 -10.95
 ABUNDANCE CHANGE 81 -11.14 82 -10.19 83 -11.33 84 -20.00 85 -20.00 86 -20.00
 ABUNDANCE CHANGE 87 -20.00 88 -20.00 89 -20.00 90 -11.92 91 -20.00 92 -12.51
 ABUNDANCE CHANGE 93 -20.00 94 -20.00 95 -20.00 96 -20.00 97 -20.00 98 -20.00
 ABUNDANCE CHANGE 99 -20.00
READ DECK6 72 RHOX,T,P,XNE,ABROSS,ACCRAD,VTURB
 1.23412323E-03   3543.6 3.902E-01 1.147E+08 1.081E-04 1.922E-02 2.000E+05 0.000E+00 0.000E+00
 1.63793277E-03   3564.2 5.179E-01 1.509E+08 1.122E-04 2.039E-02 2.000E+05 0.000E+00 0.000E+00
 2.15495621E-03   3585.5 6.814E-01 1.968E+08 1.172E-04 2.116E-02 2.000E+05 0.000E+00 0.000E+00
 2.81305526E-03   3610.9 8.895E-01 2.546E+08 1.232E-04 2.137E-02 2.000E+05 0.000E+00 0.000E+00
 3.64592114E-03   3639.0 1.153E+00 3.271E+08 1.300E-04 2.133E-02 2.000E+05 0.000E+00 0.000E+00
 4.69697991E-03   3669.8 1.485E+00 4.178E+08 1.375E-04 2.111E-02 2.000E+05 0.000E+00 0.000E+00
 6.01740952E-03   3701.1 1.903E+00 5.308E+08 1.464E-04 2.062E-02 2.000E+05 0.000E+00 0.000E+00
 7.66585338E-03   3731.9 2.424E+00 6.706E+08 1.569E-04 2.001E-02 2.000E+05 0.000E+00 0.000E+00
 9.71075654E-03   3761.5 3.071E+00 8.427E+08 1.692E-04 1.944E-02 2.000E+05 0.000E+00 0.000E+00
 1.22337826E-02   3790.7 3.868E+00 1.053E+09 1.832E-04 1.911E-02 2.000E+05 0.000E+00 0.000E+00
 1.53327590E-02   3819.6 4.848E+00 1.310E+09 1.994E-04 1.895E-02 2.000E+05 0.000E+00 0.000E+00
 1.91223946E-02   3848.4 6.047E+00 1.621E+09 2.179E-04 1.881E-02 2.000E+05 0.000E+00 0.000E+00
 2.37346366E-02   3877.0 7.505E+00 1.997E+09 2.393E-04 1.866E-02 2.000E+05 0.000E+00 0.000E+00
 2.93202494E-02   3905.3 9.271E+00 2.449E+09 2.641E-04 1.852E-02 2.000E+05 0.000E+00 0.000E+00
 3.60586070E-02   3934.0 1.140E+01 2.990E+09 2.924E-04 1.841E-02 2.000E+05 0.000E+00 0.000E+00
 4.41587513E-02   3963.1 1.396E+01 3.637E+09 3.249E-04 1.834E-02 2.000E+05 0.000E+00 0.000E+00
 5.38592365E-02   3992.7 1.703E+01 4.406E+09 3.624E-04 1.830E-02 2.000E+05 0.000E+00 0.000E+00
 6.54451342E-02   4022.9 2.069E+01 5.318E+09 4.050E-04 1.826E-02 2.000E+05 0.000E+00 0.000E+00
 7.92495158E-02   4053.3 2.506E+01 6.399E+09 4.539E-04 1.813E-02 2.000E+05 0.000E+00 0.000E+00
 9.56523776E-02   4084.0 3.025E+01 7.677E+09 5.100E-04 1.794E-02 2.000E+05 0.000E+00 0.000E+00
 1.15105067E-01   4115.0 3.640E+01 9.183E+09 5.740E-04 1.781E-02 2.000E+05 0.000E+00 0.000E+00
 1.38128283E-01   4146.0 4.368E+01 1.096E+10 6.475E-04 1.772E-02 2.000E+05 0.000E+00 0.000E+00
 1.65310657E-01   4177.2 5.227E+01 1.304E+10 7.321E-04 1.766E-02 2.000E+05 0.000E+00 0.000E+00
 1.97346842E-01   4208.5 6.240E+01 1.549E+10 8.288E-04 1.769E-02 2.000E+05 0.000E+00 0.000E+00
 2.35056393E-01   4239.9 7.433E+01 1.836E+10 9.396E-04 1.767E-02 2.000E+05 0.000E+00 0.000E+00
 2.79390931E-01   4271.4 8.835E+01 2.171E+10 1.066E-03 1.763E-02 2.000E+05 0.000E+00 0.000E+00
 3.31462185E-01   4302.7 1.048E+02 2.564E+10 1.211E-03 1.761E-02 2.000E+05 0.000E+00 0.000E+00
 3.92563323E-01   4333.9 1.241E+02 3.024E+10 1.377E-03 1.774E-02 2.000E+05 0.000E+00 0.000E+00
 4.64179008E-01   4365.2 1.468E+02 3.561E+10 1.568E-03 1.792E-02 2.000E+05 0.000E+00 0.000E+00
 5.47995325E-01   4396.3 1.733E+02 4.188E+10 1.787E-03 1.832E-02 2.000E+05 0.000E+00 0.000E+00
 6.46031042E-01   4427.9 2.043E+02 4.920E+10 2.038E-03 1.871E-02 2.000E+05 0.000E+00 0.000E+00
 7.60669405E-01   4459.9 2.405E+02 5.774E+10 2.324E-03 1.909E-02 2.000E+05 0.000E+00 0.000E+00
 8.94694092E-01   4492.0 2.829E+02 6.772E+10 2.652E-03 1.950E-02 2.000E+05 0.000E+00 0.000E+00
 1.05133231E+00   4524.3 3.324E+02 7.938E+10 3.026E-03 1.998E-02 2.000E+05 0.000E+00 0.000E+00
 1.23432447E+00   4556.7 3.903E+02 9.298E+10 3.455E-03 2.064E-02 2.000E+05 0.000E+00 0.000E+00
 1.44786024E+00   4589.2 4.578E+02 1.089E+11 3.951E-03 2.154E-02 2.000E+05 0.000E+00 0.000E+00
 1.69680239E+00   4622.4 5.365E+02 1.274E+11 4.521E-03 2.262E-02 2.000E+05 0.000E+00 0.000E+00
 1.98696789E+00   4656.5 6.283E+02 1.491E+11 5.171E-03 2.376E-02 2.000E+05 0.000E+00 0.000E+00
 2.32523142E+00   4691.3 7.353E+02 1.745E+11 5.916E-03 2.501E-02 2.000E+05 0.000E+00 0.000E+00
 2.71955939E+00   4726.9 8.599E+02 2.043E+11 6.767E-03 2.640E-02 2.000E+05 0.000E+00 0.000E+00
 3.17929280E+00   4763.3 1.005E+03 2.392E+11 7.742E-03 2.797E-02 2.000E+05 0.000E+00 0.000E+00
 3.71452437E+00   4801.2 1.175E+03 2.803E+11 8.877E-03 3.009E-02 2.000E+05 0.000E+00 0.000E+00
 4.33644776E+00   4841.4 1.371E+03 3.290E+11 1.020E-02 3.267E-02 2.000E+05 0.000E+00 0.000E+00
 5.05822853E+00   4885.0 1.599E+03 3.870E+11 1.172E-02 3.557E-02 2.000E+05 0.000E+00 0.000E+00
 5.89505511E+00   4932.4 1.864E+03 4.567E+11 1.349E-02 3.888E-02 2.000E+05 0.000E+00 0.000E+00
 6.86362511E+00   4984.5 2.170E+03 5.416E+11 1.556E-02 4.270E-02 2.000E+05 0.000E+00 0.000E+00
 7.98013817E+00   5043.2 2.523E+03 6.470E+11 1.806E-02 4.758E-02 2.000E+05 0.000E+00 0.000E+00
 9.25721076E+00   5110.8 2.927E+03 7.819E+11 2.116E-02 5.382E-02 2.000E+05 0.000E+00 0.000E+00
 1.07028721E+01   5189.6 3.384E+03 9.609E+11 2.507E-02 6.170E-02 2.000E+05 1.196E-14 0.000E+00
 1.23163798E+01   5281.8 3.894E+03 1.209E+12 3.023E-02 7.212E-02 2.000E+05 4.678E-12 0.000E+00
 1.40793441E+01   5391.1 4.452E+03 1.573E+12 3.741E-02 8.668E-02 2.000E+05 6.632E-12 0.000E+00
 1.59435144E+01   5521.0 5.041E+03 2.136E+12 4.827E-02 1.114E-01 2.000E+05 2.248E-08 0.000E+00
 1.77873498E+01   5710.7 5.624E+03 3.267E+12 6.841E-02 1.554E-01 2.000E+05 3.463E-05 6.771E+01
 1.94012781E+01   5959.0 6.134E+03 5.605E+12 1.079E-01 2.250E-01 2.000E+05 2.886E-02 3.318E+02
 2.08513064E+01   6137.7 6.592E+03 8.282E+12 1.509E-01 2.748E-01 2.000E+05 1.068E-01 2.228E+01
 2.23075644E+01   6263.5 7.052E+03 1.094E+13 1.927E-01 3.166E-01 2.000E+05 1.790E-01 4.639E+01
 2.38000700E+01   6426.4 7.524E+03 1.536E+13 2.607E-01 4.111E-01 2.000E+05 2.182E-01 1.869E+03
 2.51906268E+01   6663.0 7.963E+03 2.417E+13 3.945E-01 6.051E-01 2.000E+05 2.522E-01 7.475E+03
 2.63815493E+01   6937.7 8.338E+03 3.933E+13 6.275E-01 9.146E-01 2.000E+05 2.914E-01 2.182E+04
 2.73670542E+01   7238.8 8.649E+03 6.419E+13 1.025E+00 1.420E+00 2.000E+05 3.328E-01 5.753E+04
 2.81432503E+01   7591.4 8.893E+03 1.080E+14 1.789E+00 2.316E+00 2.000E+05 3.772E-01 1.192E+05
 2.87379403E+01   7951.9 9.079E+03 1.745E+14 3.115E+00 3.774E+00 2.000E+05 4.212E-01 1.899E+05
 2.91687303E+01   8374.3 9.213E+03 2.881E+14 5.822E+00 5.790E+00 2.000E+05 4.915E-01 4.093E+05
 2.95093380E+01   8673.7 9.319E+03 3.974E+14 8.896E+00 5.274E+00 2.000E+05 7.206E-01 4.712E+05
 2.98306765E+01   8886.6 9.419E+03 4.920E+14 1.188E+01 4.398E+00 2.000E+05 8.198E-01 4.779E+05
 3.01606951E+01   9069.7 9.522E+03 5.853E+14 1.508E+01 3.850E+00 2.000E+05 8.753E-01 4.806E+05
 3.05141169E+01   9232.1 9.633E+03 6.778E+14 1.848E+01 3.492E+00 2.000E+05 9.091E-01 4.848E+05
 3.09007154E+01   9393.4 9.754E+03 7.789E+14 2.243E+01 3.224E+00 2.000E+05 9.309E-01 4.860E+05
 3.13309048E+01   9543.9 9.888E+03 8.817E+14 2.662E+01 2.945E+00 2.000E+05 9.458E-01 4.838E+05
 3.18148259E+01   9699.4 1.004E+04 9.963E+14 3.151E+01 2.809E+00 2.000E+05 9.576E-01 4.896E+05
 3.23620643E+01   9856.9 1.021E+04 1.121E+15 3.704E+01 2.588E+00 2.000E+05 9.658E-01 4.831E+05
 3.29870332E+01  10010.8 1.041E+04 1.251E+15 4.299E+01 2.613E+00 2.000E+05 9.707E-01 4.896E+05
PRADK 1.4517E+00
BEGIN                    ITERATION  15 COMPLETED
