TEFF   9750.  GRAVITY 4.50000 LTE
TITLE SDSC GRID  [-4.0]   VTURB 2.0 KM/S
 OPACITY IFOP 1 1 1 1 1 1 1 1 1 1 1 1 1 0 1 0 0 0 0 0
 CONVECTION OFF  1.00 TURBULENCE OFF  0.00  0.00  0.00  0.00
ABUNDANCE SCALE   0.00010 ABUNDANCE CHANGE 1 0.91100 2 0.08900
 ABUNDANCE CHANGE  3 -10.88  4 -10.89  5  -9.44  6  -3.48  7  -3.99  8  -3.11
 ABUNDANCE CHANGE  9  -7.48 10  -3.95 11  -5.71 12  -4.46 13  -5.57 14  -4.49
 ABUNDANCE CHANGE 15  -6.59 16  -4.83 17  -6.54 18  -5.48 19  -6.82 20  -5.68
 ABUNDANCE CHANGE 21  -8.94 22  -7.05 23  -8.04 24  -6.37 25  -6.65 26  -4.37
 ABUNDANCE CHANGE 27  -7.12 28  -5.79 29  -7.83 30  -7.44 31  -9.16 32  -8.63
 ABUNDANCE CHANGE 33  -9.67 34  -8.69 35  -9.41 36  -8.81 37  -9.44 38  -9.14
 ABUNDANCE CHANGE 39  -9.80 40  -9.54 41 -10.62 42 -10.12 43 -20.00 44 -10.20
 ABUNDANCE CHANGE 45 -10.92 46 -10.35 47 -11.10 48 -10.18 49 -10.58 50 -10.04
 ABUNDANCE CHANGE 51 -11.04 52  -9.80 53 -10.53 54  -9.81 55 -10.92 56  -9.91
 ABUNDANCE CHANGE 57 -10.82 58 -10.49 59 -11.33 60 -10.54 61 -20.00 62 -11.04
 ABUNDANCE CHANGE 63 -11.53 64 -10.92 65 -11.94 66 -10.94 67 -11.78 68 -11.11
 ABUNDANCE CHANGE 69 -12.04 70 -10.96 71 -11.28 72 -11.16 73 -11.91 74 -10.93
 ABUNDANCE CHANGE 75 -11.77 76 -10.59 77 -10.69 78 -10.24 79 -11.03 80 -10.95
 ABUNDANCE CHANGE 81 -11.14 82 -10.19 83 -11.33 84 -20.00 85 -20.00 86 -20.00
 ABUNDANCE CHANGE 87 -20.00 88 -20.00 89 -20.00 90 -11.92 91 -20.00 92 -12.51
 ABUNDANCE CHANGE 93 -20.00 94 -20.00 95 -20.00 96 -20.00 97 -20.00 98 -20.00
 ABUNDANCE CHANGE 99 -20.00
READ DECK6 64 RHOX,T,P,XNE,ABROSS,ACCRAD,VTURB
 6.76422026E-06   6503.7 2.148E-01 6.109E+10 2.279E-01 5.882E+00 2.000E+05
 7.60454826E-06   6867.9 2.415E-01 9.131E+10 2.279E-01 5.385E+00 2.000E+05
 1.02161940E-05   6868.9 3.244E-01 1.153E+11 2.168E-01 5.367E+00 2.000E+05
 1.39336457E-05   6873.4 4.421E-01 1.463E+11 2.056E-01 5.399E+00 2.000E+05
 1.91957739E-05   6881.8 6.086E-01 1.862E+11 1.952E-01 5.492E+00 2.000E+05
 2.65984306E-05   6889.4 8.428E-01 2.361E+11 1.847E-01 5.624E+00 2.000E+05
 3.70100963E-05   6903.8 1.172E+00 3.001E+11 1.768E-01 5.802E+00 2.000E+05
 5.13608896E-05   6926.5 1.626E+00 3.822E+11 1.724E-01 6.020E+00 2.000E+05
 7.08406533E-05   6953.3 2.242E+00 4.850E+11 1.706E-01 6.307E+00 2.000E+05
 9.68679722E-05   6985.2 3.064E+00 6.139E+11 1.719E-01 6.679E+00 2.000E+05
 1.30638652E-04   7031.5 4.132E+00 7.820E+11 1.797E-01 7.149E+00 2.000E+05
 1.73299934E-04   7082.0 5.481E+00 9.893E+11 1.915E-01 7.673E+00 2.000E+05
 2.25755500E-04   7144.5 7.139E+00 1.254E+12 2.106E-01 8.276E+00 2.000E+05
 2.89267373E-04   7203.1 9.147E+00 1.564E+12 2.319E-01 8.881E+00 2.000E+05
 3.66138284E-04   7258.8 1.158E+01 1.928E+12 2.555E-01 9.468E+00 2.000E+05
 4.59576409E-04   7306.5 1.453E+01 2.339E+12 2.787E-01 9.988E+00 2.000E+05
 5.74952838E-04   7341.3 1.818E+01 2.787E+12 2.980E-01 1.043E+01 2.000E+05
 7.20421292E-04   7363.2 2.278E+01 3.271E+12 3.121E-01 1.080E+01 2.000E+05
 9.07400522E-04   7374.6 2.869E+01 3.797E+12 3.217E-01 1.114E+01 2.000E+05
 1.14956557E-03   7383.9 3.634E+01 4.404E+12 3.314E-01 1.150E+01 2.000E+05
 1.46196726E-03   7394.6 4.622E+01 5.120E+12 3.437E-01 1.192E+01 2.000E+05
 1.86223402E-03   7406.7 5.887E+01 5.959E+12 3.589E-01 1.238E+01 2.000E+05
 2.37115632E-03   7421.1 7.496E+01 6.947E+12 3.780E-01 1.291E+01 2.000E+05
 3.01338100E-03   7437.0 9.526E+01 8.096E+12 4.008E-01 1.349E+01 2.000E+05
 3.81467907E-03   7459.4 1.206E+02 9.487E+12 4.316E-01 1.422E+01 2.000E+05
 4.80374181E-03   7483.4 1.518E+02 1.110E+13 4.673E-01 1.503E+01 2.000E+05
 6.01839662E-03   7509.3 1.902E+02 1.297E+13 5.088E-01 1.592E+01 2.000E+05
 7.50240259E-03   7537.0 2.371E+02 1.515E+13 5.565E-01 1.692E+01 2.000E+05
 9.30993191E-03   7565.5 2.943E+02 1.765E+13 6.104E-01 1.803E+01 2.000E+05
 1.14960647E-02   7599.2 3.634E+02 2.064E+13 6.763E-01 1.938E+01 2.000E+05
 1.41172890E-02   7637.0 4.462E+02 2.418E+13 7.545E-01 2.098E+01 2.000E+05
 1.72461701E-02   7676.4 5.451E+02 2.829E+13 8.439E-01 2.280E+01 2.000E+05
 2.09667131E-02   7719.1 6.626E+02 3.314E+13 9.489E-01 2.495E+01 2.000E+05
 2.53616706E-02   7766.8 8.015E+02 3.893E+13 1.076E+00 2.755E+01 2.000E+05
 3.05090331E-02   7820.7 9.641E+02 4.591E+13 1.230E+00 3.073E+01 2.000E+05
 3.64531047E-02   7886.9 1.152E+03 5.471E+13 1.435E+00 3.495E+01 2.000E+05
 4.32012786E-02   7963.4 1.365E+03 6.565E+13 1.697E+00 4.033E+01 2.000E+05
 5.07448457E-02   8052.5 1.603E+03 7.942E+13 2.042E+00 4.733E+01 2.000E+05
 5.90241062E-02   8157.2 1.865E+03 9.704E+13 2.506E+00 5.664E+01 2.000E+05
 6.79113972E-02   8281.8 2.145E+03 1.201E+14 3.151E+00 6.930E+01 2.000E+05
 7.72286212E-02   8426.8 2.439E+03 1.501E+14 4.056E+00 8.682E+01 2.000E+05
 8.67522345E-02   8597.1 2.739E+03 1.900E+14 5.364E+00 1.118E+02 2.000E+05
 9.62153036E-02   8798.5 3.037E+03 2.435E+14 7.303E+00 1.478E+02 2.000E+05
 1.05361415E-01   9035.2 3.325E+03 3.153E+14 1.020E+01 2.002E+02 2.000E+05
 1.13996783E-01   9310.4 3.596E+03 4.104E+14 1.453E+01 2.772E+02 2.000E+05
 1.22065412E-01   9629.3 3.849E+03 5.335E+14 2.073E+01 3.835E+02 2.000E+05
 1.29622819E-01   9997.6 4.084E+03 6.862E+14 2.924E+01 5.292E+02 2.000E+05
 1.36954443E-01  10420.4 4.311E+03 8.617E+14 3.898E+01 6.903E+02 2.000E+05
 1.44584507E-01  10909.2 4.547E+03 1.044E+15 4.815E+01 8.450E+02 2.000E+05
 1.53350933E-01  11463.8 4.816E+03 1.205E+15 5.238E+01 9.175E+02 2.000E+05
 1.64944055E-01  12103.1 5.172E+03 1.338E+15 4.951E+01 8.701E+02 2.000E+05
 1.82136358E-01  12821.7 5.702E+03 1.461E+15 4.251E+01 7.514E+02 2.000E+05
 2.09637318E-01  13633.9 6.553E+03 1.617E+15 3.481E+01 6.152E+02 2.000E+05
 2.54137005E-01  14526.2 7.936E+03 1.860E+15 2.908E+01 5.104E+02 2.000E+05
 3.23533842E-01  15497.2 1.010E+04 2.236E+15 2.547E+01 4.430E+02 2.000E+05
 4.26007554E-01  16548.1 1.329E+04 2.781E+15 2.363E+01 4.069E+02 2.000E+05
 5.69752847E-01  17685.9 1.778E+04 3.520E+15 2.292E+01 3.922E+02 2.000E+05
 7.64497951E-01  18919.9 2.387E+04 4.468E+15 2.278E+01 3.878E+02 2.000E+05
 1.02513570E+00  20257.6 3.201E+04 5.645E+15 2.275E+01 3.862E+02 2.000E+05
 1.37247559E+00  21710.4 4.286E+04 7.088E+15 2.281E+01 3.859E+02 2.000E+05
 1.83220061E+00  23278.0 5.722E+04 8.849E+15 2.310E+01 3.894E+02 2.000E+05
 2.43438553E+00  24977.1 7.602E+04 1.097E+16 2.365E+01 3.967E+02 2.000E+05
 3.21209967E+00  26806.9 1.003E+05 1.350E+16 2.457E+01 4.084E+02 2.000E+05
 4.20515117E+00  28780.8 1.313E+05 1.646E+16 2.581E+01 4.004E+02 2.000E+05
PRADK 1.6202E+01
BEGIN                    ITERATION   6 COMPLETED
