TEFF   9000.  GRAVITY 2.50000 LTE 
TITLE SDSC GRID  [+0.2]   VTURB 2.0 KM/S                                        
 OPACITY IFOP 1 1 1 1 1 1 1 1 1 1 1 1 1 0 1 0 0 0 0 0
 CONVECTION OFF  1.00 TURBULENCE OFF  0.00  0.00  0.00  0.00
ABUNDANCE SCALE   1.58490 ABUNDANCE CHANGE 1 0.91100 2 0.08900
 ABUNDANCE CHANGE  3 -10.88  4 -10.89  5  -9.44  6  -3.48  7  -3.99  8  -3.11
 ABUNDANCE CHANGE  9  -7.48 10  -3.95 11  -5.71 12  -4.46 13  -5.57 14  -4.49
 ABUNDANCE CHANGE 15  -6.59 16  -4.83 17  -6.54 18  -5.48 19  -6.82 20  -5.68
 ABUNDANCE CHANGE 21  -8.94 22  -7.05 23  -8.04 24  -6.37 25  -6.65 26  -4.37
 ABUNDANCE CHANGE 27  -7.12 28  -5.79 29  -7.83 30  -7.44 31  -9.16 32  -8.63
 ABUNDANCE CHANGE 33  -9.67 34  -8.69 35  -9.41 36  -8.81 37  -9.44 38  -9.14
 ABUNDANCE CHANGE 39  -9.80 40  -9.54 41 -10.62 42 -10.12 43 -20.00 44 -10.20
 ABUNDANCE CHANGE 45 -10.92 46 -10.35 47 -11.10 48 -10.18 49 -10.58 50 -10.04
 ABUNDANCE CHANGE 51 -11.04 52  -9.80 53 -10.53 54  -9.81 55 -10.92 56  -9.91
 ABUNDANCE CHANGE 57 -10.82 58 -10.49 59 -11.33 60 -10.54 61 -20.00 62 -11.04
 ABUNDANCE CHANGE 63 -11.53 64 -10.92 65 -11.94 66 -10.94 67 -11.78 68 -11.11
 ABUNDANCE CHANGE 69 -12.04 70 -10.96 71 -11.28 72 -11.16 73 -11.91 74 -10.93
 ABUNDANCE CHANGE 75 -11.77 76 -10.59 77 -10.69 78 -10.24 79 -11.03 80 -10.95
 ABUNDANCE CHANGE 81 -11.14 82 -10.19 83 -11.33 84 -20.00 85 -20.00 86 -20.00
 ABUNDANCE CHANGE 87 -20.00 88 -20.00 89 -20.00 90 -11.92 91 -20.00 92 -12.51
 ABUNDANCE CHANGE 93 -20.00 94 -20.00 95 -20.00 96 -20.00 97 -20.00 98 -20.00
 ABUNDANCE CHANGE 99 -20.00
READ DECK6 64 RHOX,T,P,XNE,ABROSS,ACCRAD,VTURB
 3.67525523E-05   4903.1 1.126E-02 3.621E+08 4.477E-02 9.931E+00 2.000E+05
 3.94587165E-05   5480.8 1.209E-02 1.851E+09 4.477E-02 7.218E+00 2.000E+05
 5.24330029E-05   5541.1 1.611E-02 2.495E+09 4.636E-02 6.598E+00 2.000E+05
 6.93863434E-05   5593.2 2.136E-02 3.287E+09 4.695E-02 6.175E+00 2.000E+05
 9.17593823E-05   5643.0 2.830E-02 4.298E+09 4.725E-02 5.851E+00 2.000E+05
 1.21492480E-04   5691.8 3.754E-02 5.600E+09 4.735E-02 5.554E+00 2.000E+05
 1.61105081E-04   5739.5 4.985E-02 7.274E+09 4.728E-02 5.288E+00 2.000E+05
 2.14149364E-04   5786.2 6.636E-02 9.423E+09 4.703E-02 5.051E+00 2.000E+05
 2.85349231E-04   5832.7 8.852E-02 1.220E+10 4.673E-02 4.865E+00 2.000E+05
 3.80877514E-04   5879.7 1.183E-01 1.580E+10 4.649E-02 4.720E+00 2.000E+05
 5.08637520E-04   5928.4 1.581E-01 2.050E+10 4.648E-02 4.607E+00 2.000E+05
 6.78426733E-04   5979.4 2.110E-01 2.666E+10 4.682E-02 4.521E+00 2.000E+05
 9.02073876E-04   6033.2 2.807E-01 3.473E+10 4.763E-02 4.456E+00 2.000E+05
 1.19357690E-03   6089.9 3.716E-01 4.527E+10 4.899E-02 4.407E+00 2.000E+05
 1.56926693E-03   6149.4 4.888E-01 5.899E+10 5.096E-02 4.366E+00 2.000E+05
 2.04789213E-03   6211.5 6.381E-01 7.675E+10 5.363E-02 4.325E+00 2.000E+05
 2.65121786E-03   6275.4 8.263E-01 9.947E+10 5.701E-02 4.288E+00 2.000E+05
 3.40463692E-03   6340.2 1.061E+00 1.283E+11 6.111E-02 4.260E+00 2.000E+05
 4.33834763E-03   6405.4 1.353E+00 1.644E+11 6.596E-02 4.237E+00 2.000E+05
 5.48893144E-03   6470.1 1.712E+00 2.092E+11 7.152E-02 4.220E+00 2.000E+05
 6.90169690E-03   6533.5 2.152E+00 2.641E+11 7.776E-02 4.217E+00 2.000E+05
 8.63301009E-03   6595.0 2.692E+00 3.309E+11 8.467E-02 4.236E+00 2.000E+05
 1.07518344E-02   6654.9 3.353E+00 4.117E+11 9.232E-02 4.280E+00 2.000E+05
 1.33396309E-02   6713.8 4.161E+00 5.094E+11 1.009E-01 4.355E+00 2.000E+05
 1.64898236E-02   6772.0 5.143E+00 6.274E+11 1.108E-01 4.459E+00 2.000E+05
 2.03098001E-02   6829.8 6.334E+00 7.695E+11 1.220E-01 4.593E+00 2.000E+05
 2.49236621E-02   6887.3 7.771E+00 9.400E+11 1.350E-01 4.760E+00 2.000E+05
 3.04758149E-02   6944.5 9.500E+00 1.144E+12 1.498E-01 4.961E+00 2.000E+05
 3.71305842E-02   7001.9 1.157E+01 1.387E+12 1.670E-01 5.205E+00 2.000E+05
 4.50749845E-02   7059.5 1.404E+01 1.678E+12 1.869E-01 5.493E+00 2.000E+05
 5.45219525E-02   7117.7 1.697E+01 2.023E+12 2.101E-01 5.834E+00 2.000E+05
 6.57086700E-02   7176.5 2.044E+01 2.434E+12 2.371E-01 6.245E+00 2.000E+05
 7.88909363E-02   7236.8 2.453E+01 2.923E+12 2.689E-01 6.751E+00 2.000E+05
 9.43317237E-02   7299.9 2.930E+01 3.510E+12 3.074E-01 7.387E+00 2.000E+05
 1.12248133E-01   7368.0 3.483E+01 4.223E+12 3.552E-01 8.193E+00 2.000E+05
 1.32786348E-01   7443.2 4.114E+01 5.098E+12 4.161E-01 9.225E+00 2.000E+05
 1.55982940E-01   7527.3 4.825E+01 6.180E+12 4.954E-01 1.056E+01 2.000E+05
 1.81725068E-01   7623.0 5.610E+01 7.532E+12 6.010E-01 1.232E+01 2.000E+05
 2.09720387E-01   7733.0 6.457E+01 9.235E+12 7.447E-01 1.463E+01 2.000E+05
 2.39527167E-01   7859.2 7.352E+01 1.138E+13 9.426E-01 1.776E+01 2.000E+05
 2.70581424E-01   8005.1 8.272E+01 1.407E+13 1.220E+00 2.202E+01 2.000E+05
 3.02267328E-01   8174.3 9.196E+01 1.744E+13 1.608E+00 2.781E+01 2.000E+05
 3.34107011E-01   8370.6 1.010E+02 2.157E+13 2.144E+00 3.540E+01 2.000E+05
 3.65898939E-01   8596.5 1.098E+02 2.642E+13 2.858E+00 4.512E+01 2.000E+05
 3.97966244E-01   8855.8 1.183E+02 3.180E+13 3.721E+00 5.616E+01 2.000E+05
 4.31645249E-01   9153.0 1.269E+02 3.731E+13 4.631E+00 6.697E+01 2.000E+05
 4.68932250E-01   9491.5 1.360E+02 4.246E+13 5.376E+00 7.476E+01 2.000E+05
 5.13556062E-01   9874.9 1.467E+02 4.701E+13 5.765E+00 7.763E+01 2.000E+05
 5.71379284E-01  10308.9 1.606E+02 5.131E+13 5.732E+00 7.474E+01 2.000E+05
 6.50961459E-01  10795.9 1.800E+02 5.615E+13 5.445E+00 6.942E+01 2.000E+05
 7.63943710E-01  11347.3 2.082E+02 6.253E+13 5.060E+00 6.381E+01 2.000E+05
 9.27965151E-01  11967.1 2.502E+02 7.167E+13 4.607E+00 5.751E+01 2.000E+05
 1.16803753E+00  12667.6 3.129E+02 8.503E+13 4.213E+00 5.267E+01 2.000E+05
 1.51568150E+00  13454.6 4.053E+02 1.041E+14 3.908E+00 4.894E+01 2.000E+05
 2.01074873E+00  14329.6 5.384E+02 1.309E+14 3.697E+00 4.620E+01 2.000E+05
 2.69631981E+00  15290.0 7.240E+02 1.670E+14 3.609E+00 4.493E+01 2.000E+05
 3.63059545E+00  16336.1 9.780E+02 2.137E+14 3.538E+00 4.384E+01 2.000E+05
 4.89774165E+00  17475.4 1.324E+03 2.724E+14 3.487E+00 4.317E+01 2.000E+05
 6.60850715E+00  18710.1 1.791E+03 3.455E+14 3.451E+00 4.263E+01 2.000E+05
 8.90751052E+00  20051.0 2.420E+03 4.363E+14 3.430E+00 4.243E+01 2.000E+05
 1.19956630E+01  21499.6 3.267E+03 5.495E+14 3.401E+00 4.189E+01 2.000E+05
 1.61292353E+01  23066.7 4.401E+03 6.902E+14 3.405E+00 4.183E+01 2.000E+05
 2.16342755E+01  24756.6 5.912E+03 8.640E+14 3.409E+00 4.152E+01 2.000E+05
 2.88667458E+01  26576.8 7.903E+03 1.076E+15 3.509E+00 4.039E+01 2.000E+05
PRADK 1.1996E+01
BEGIN                    ITERATION   6 COMPLETED
