TEFF  11750.  GRAVITY 2.50000 LTE
TITLE SDSC GRID  [+0.0]   VTURB 2.0 KM/S    L/H 1.25
 OPACITY IFOP 1 1 1 1 1 1 1 1 1 1 1 1 1 0 1 0 0 0 0 0
 CONVECTION OFF  1.00 TURBULENCE OFF  0.00  0.00  0.00  0.00
ABUNDANCE SCALE   1.00000 ABUNDANCE CHANGE 1 0.91100 2 0.08900
 ABUNDANCE CHANGE  3 -10.88  4 -10.89  5  -9.44  6  -3.48  7  -3.99  8  -3.11
 ABUNDANCE CHANGE  9  -7.48 10  -3.95 11  -5.71 12  -4.46 13  -5.57 14  -4.49
 ABUNDANCE CHANGE 15  -6.59 16  -4.83 17  -6.54 18  -5.48 19  -6.82 20  -5.68
 ABUNDANCE CHANGE 21  -8.94 22  -7.05 23  -8.04 24  -6.37 25  -6.65 26  -4.37
 ABUNDANCE CHANGE 27  -7.12 28  -5.79 29  -7.83 30  -7.44 31  -9.16 32  -8.63
 ABUNDANCE CHANGE 33  -9.67 34  -8.69 35  -9.41 36  -8.81 37  -9.44 38  -9.14
 ABUNDANCE CHANGE 39  -9.80 40  -9.54 41 -10.62 42 -10.12 43 -20.00 44 -10.20
 ABUNDANCE CHANGE 45 -10.92 46 -10.35 47 -11.10 48 -10.18 49 -10.58 50 -10.04
 ABUNDANCE CHANGE 51 -11.04 52  -9.80 53 -10.53 54  -9.81 55 -10.92 56  -9.91
 ABUNDANCE CHANGE 57 -10.82 58 -10.49 59 -11.33 60 -10.54 61 -20.00 62 -11.04
 ABUNDANCE CHANGE 63 -11.53 64 -10.92 65 -11.94 66 -10.94 67 -11.78 68 -11.11
 ABUNDANCE CHANGE 69 -12.04 70 -10.96 71 -11.28 72 -11.16 73 -11.91 74 -10.93
 ABUNDANCE CHANGE 75 -11.77 76 -10.59 77 -10.69 78 -10.24 79 -11.03 80 -10.95
 ABUNDANCE CHANGE 81 -11.14 82 -10.19 83 -11.33 84 -20.00 85 -20.00 86 -20.00
 ABUNDANCE CHANGE 87 -20.00 88 -20.00 89 -20.00 90 -11.92 91 -20.00 92 -12.51
 ABUNDANCE CHANGE 93 -20.00 94 -20.00 95 -20.00 96 -20.00 97 -20.00 98 -20.00
 ABUNDANCE CHANGE 99 -20.00
READ DECK6 64 RHOX,T,P,XNE,ABROSS,ACCRAD,VTURB
 4.39419039E-06   6702.6 9.923E-04 5.096E+08 3.035E-01 9.043E+01 2.000E+05
 5.85951968E-06   6751.1 1.327E-03 6.764E+08 3.036E-01 8.491E+01 2.000E+05
 7.81291274E-06   6795.1 1.784E-03 9.029E+08 3.037E-01 7.966E+01 2.000E+05
 1.04164894E-05   6844.3 2.407E-03 1.209E+09 3.039E-01 7.420E+01 2.000E+05
 1.38857689E-05   6896.5 3.257E-03 1.622E+09 3.041E-01 6.879E+01 2.000E+05
 1.85072230E-05   6950.8 4.413E-03 2.180E+09 3.045E-01 6.357E+01 2.000E+05
 2.46613016E-05   7006.7 5.984E-03 2.930E+09 3.050E-01 5.868E+01 2.000E+05
 3.28527414E-05   7063.4 8.113E-03 3.938E+09 3.056E-01 5.423E+01 2.000E+05
 4.37505406E-05   7121.4 1.100E-02 5.290E+09 3.065E-01 4.926E+01 2.000E+05
 5.82181684E-05   7179.8 1.487E-02 7.091E+09 3.084E-01 4.732E+01 2.000E+05
 7.73724534E-05   7240.9 2.004E-02 9.464E+09 3.109E-01 4.622E+01 2.000E+05
 1.02686890E-04   7305.6 2.688E-02 1.257E+10 3.140E-01 4.584E+01 2.000E+05
 1.36078742E-04   7375.1 3.592E-02 1.663E+10 3.177E-01 4.533E+01 2.000E+05
 1.80049656E-04   7448.7 4.785E-02 2.192E+10 3.220E-01 4.446E+01 2.000E+05
 2.37808918E-04   7525.8 6.355E-02 2.880E+10 3.274E-01 4.432E+01 2.000E+05
 3.13464567E-04   7607.2 8.412E-02 3.771E+10 3.337E-01 4.424E+01 2.000E+05
 4.12409500E-04   7691.6 1.111E-01 4.925E+10 3.403E-01 4.224E+01 2.000E+05
 5.41612725E-04   7775.5 1.467E-01 6.427E+10 3.480E-01 4.040E+01 2.000E+05
 7.09746653E-04   7859.6 1.931E-01 8.369E+10 3.574E-01 3.958E+01 2.000E+05
 9.27605965E-04   7946.8 2.534E-01 1.086E+11 3.685E-01 3.952E+01 2.000E+05
 1.20867428E-03   8039.0 3.311E-01 1.402E+11 3.817E-01 3.987E+01 2.000E+05
 1.57002835E-03   8137.2 4.311E-01 1.803E+11 3.964E-01 3.937E+01 2.000E+05
 2.03363341E-03   8237.6 5.598E-01 2.314E+11 4.125E-01 3.756E+01 2.000E+05
 2.62607598E-03   8334.0 7.252E-01 2.962E+11 4.316E-01 3.669E+01 2.000E+05
 3.37891059E-03   8428.7 9.357E-01 3.778E+11 4.541E-01 3.664E+01 2.000E+05
 4.33116900E-03   8523.6 1.202E+00 4.798E+11 4.796E-01 3.652E+01 2.000E+05
 5.53030218E-03   8616.7 1.537E+00 6.068E+11 5.092E-01 3.680E+01 2.000E+05
 7.03209546E-03   8708.1 1.956E+00 7.638E+11 5.435E-01 3.776E+01 2.000E+05
 8.90607118E-03   8801.1 2.478E+00 9.569E+11 5.815E-01 3.810E+01 2.000E+05
 1.12350291E-02   8890.1 3.124E+00 1.194E+12 6.257E-01 3.916E+01 2.000E+05
 1.41172359E-02   8979.2 3.921E+00 1.483E+12 6.752E-01 4.013E+01 2.000E+05
 1.76695048E-02   9066.0 4.899E+00 1.834E+12 7.323E-01 4.171E+01 2.000E+05
 2.20265151E-02   9153.1 6.091E+00 2.258E+12 7.979E-01 4.388E+01 2.000E+05
 2.73492109E-02   9242.1 7.533E+00 2.764E+12 8.724E-01 4.664E+01 2.000E+05
 3.38303103E-02   9335.5 9.269E+00 3.366E+12 9.565E-01 5.000E+01 2.000E+05
 4.17201640E-02   9433.7 1.136E+01 4.082E+12 1.047E+00 5.285E+01 2.000E+05
 5.13267996E-02   9537.6 1.387E+01 4.932E+12 1.147E+00 5.624E+01 2.000E+05
 6.30141197E-02   9653.4 1.689E+01 5.935E+12 1.257E+00 6.017E+01 2.000E+05
 7.72458959E-02   9787.0 2.050E+01 7.113E+12 1.376E+00 6.445E+01 2.000E+05
 9.46267535E-02   9944.9 2.484E+01 8.493E+12 1.499E+00 6.886E+01 2.000E+05
 1.15987964E-01  10128.3 3.008E+01 1.012E+13 1.619E+00 7.247E+01 2.000E+05
 1.42484416E-01  10339.9 3.650E+01 1.205E+13 1.733E+00 7.519E+01 2.000E+05
 1.75645083E-01  10586.5 4.445E+01 1.436E+13 1.839E+00 7.754E+01 2.000E+05
 2.17530079E-01  10875.4 5.441E+01 1.715E+13 1.932E+00 7.938E+01 2.000E+05
 2.71000254E-01  11214.3 6.703E+01 2.052E+13 2.006E+00 8.068E+01 2.000E+05
 3.40216263E-01  11606.2 8.333E+01 2.469E+13 2.051E+00 8.061E+01 2.000E+05
 4.31174779E-01  12057.7 1.048E+02 2.994E+13 2.068E+00 7.975E+01 2.000E+05
 5.52280241E-01  12576.7 1.335E+02 3.665E+13 2.062E+00 7.834E+01 2.000E+05
 7.14165039E-01  13176.8 1.721E+02 4.526E+13 2.058E+00 7.762E+01 2.000E+05
 9.31188944E-01  13857.7 2.240E+02 5.640E+13 2.040E+00 7.629E+01 2.000E+05
 1.22181514E+00  14629.3 2.938E+02 7.080E+13 2.041E+00 7.584E+01 2.000E+05
 1.60935113E+00  15489.8 3.871E+02 8.906E+13 2.040E+00 7.533E+01 2.000E+05
 2.12752676E+00  16448.9 5.121E+02 1.118E+14 2.030E+00 7.452E+01 2.000E+05
 2.82349476E+00  17502.3 6.807E+02 1.403E+14 2.012E+00 7.342E+01 2.000E+05
 3.75962401E+00  18657.2 9.085E+02 1.759E+14 1.998E+00 7.247E+01 2.000E+05
 5.00864577E+00  19922.6 1.213E+03 2.201E+14 2.007E+00 7.285E+01 2.000E+05
 6.68128074E+00  21292.5 1.621E+03 2.754E+14 1.981E+00 7.109E+01 2.000E+05
 8.92543728E+00  22788.8 2.171E+03 3.447E+14 1.983E+00 7.107E+01 2.000E+05
 1.19156241E+01  24400.8 2.906E+03 4.308E+14 1.984E+00 7.041E+01 2.000E+05
 1.58456271E+01  26156.0 3.868E+03 5.351E+14 2.043E+00 7.208E+01 2.000E+05
 2.09002309E+01  28050.2 5.097E+03 6.575E+14 2.133E+00 7.441E+01 2.000E+05
 2.72451187E+01  30099.7 6.616E+03 7.957E+14 2.300E+00 7.925E+01 2.000E+05
 3.50806221E+01  32316.1 8.453E+03 9.485E+14 2.487E+00 8.397E+01 2.000E+05
 4.46298668E+01  34698.1 1.067E+04 1.120E+15 2.751E+00 8.478E+01 2.000E+05
PRADK 2.5719E+01
BEGIN                    ITERATION  10 COMPLETED
