TEFF   5500.  GRAVITY 0.50000 LTE
TITLE SDSC GRID  [+1.0]   VTURB 2.0 KM/S    L/H 1.25
 OPACITY IFOP 1 1 1 1 1 1 1 1 1 1 1 1 1 0 1 0 0 0 0 0
 CONVECTION ON   1.25 TURBULENCE OFF  0.00  0.00  0.00  0.00
ABUNDANCE SCALE  10.00000 ABUNDANCE CHANGE 1 0.91100 2 0.08900
 ABUNDANCE CHANGE  3 -10.88  4 -10.89  5  -9.44  6  -3.48  7  -3.99  8  -3.11
 ABUNDANCE CHANGE  9  -7.48 10  -3.95 11  -5.71 12  -4.46 13  -5.57 14  -4.49
 ABUNDANCE CHANGE 15  -6.59 16  -4.83 17  -6.54 18  -5.48 19  -6.82 20  -5.68
 ABUNDANCE CHANGE 21  -8.94 22  -7.05 23  -8.04 24  -6.37 25  -6.65 26  -4.37
 ABUNDANCE CHANGE 27  -7.12 28  -5.79 29  -7.83 30  -7.44 31  -9.16 32  -8.63
 ABUNDANCE CHANGE 33  -9.67 34  -8.69 35  -9.41 36  -8.81 37  -9.44 38  -9.14
 ABUNDANCE CHANGE 39  -9.80 40  -9.54 41 -10.62 42 -10.12 43 -20.00 44 -10.20
 ABUNDANCE CHANGE 45 -10.92 46 -10.35 47 -11.10 48 -10.18 49 -10.58 50 -10.04
 ABUNDANCE CHANGE 51 -11.04 52  -9.80 53 -10.53 54  -9.81 55 -10.92 56  -9.91
 ABUNDANCE CHANGE 57 -10.82 58 -10.49 59 -11.33 60 -10.54 61 -20.00 62 -11.04
 ABUNDANCE CHANGE 63 -11.53 64 -10.92 65 -11.94 66 -10.94 67 -11.78 68 -11.11
 ABUNDANCE CHANGE 69 -12.04 70 -10.96 71 -11.28 72 -11.16 73 -11.91 74 -10.93
 ABUNDANCE CHANGE 75 -11.77 76 -10.59 77 -10.69 78 -10.24 79 -11.03 80 -10.95
 ABUNDANCE CHANGE 81 -11.14 82 -10.19 83 -11.33 84 -20.00 85 -20.00 86 -20.00
 ABUNDANCE CHANGE 87 -20.00 88 -20.00 89 -20.00 90 -11.92 91 -20.00 92 -12.51
 ABUNDANCE CHANGE 93 -20.00 94 -20.00 95 -20.00 96 -20.00 97 -20.00 98 -20.00
 ABUNDANCE CHANGE 99 -20.00
READ DECK6 72 RHOX,T,P,XNE,ABROSS,ACCRAD,VTURB
 6.96264954E-04   2684.0 2.153E-03 2.830E+06 1.915E-04 7.025E-02 2.000E+05 0.000E+00 0.000E+00
 9.20625190E-04   2724.2 2.847E-03 3.965E+06 2.049E-04 6.572E-02 2.000E+05 0.000E+00 0.000E+00
 1.20101417E-03   2762.6 3.716E-03 5.433E+06 2.181E-04 6.131E-02 2.000E+05 0.000E+00 0.000E+00
 1.55185052E-03   2800.6 4.805E-03 7.342E+06 2.328E-04 5.658E-02 2.000E+05 0.000E+00 0.000E+00
 1.98961199E-03   2839.9 6.165E-03 9.847E+06 2.487E-04 5.238E-02 2.000E+05 0.000E+00 0.000E+00
 2.53542998E-03   2880.7 7.864E-03 1.312E+07 2.660E-04 4.855E-02 2.000E+05 0.000E+00 0.000E+00
 3.22169334E-03   2918.0 1.000E-02 1.721E+07 2.805E-04 4.396E-02 2.000E+05 0.000E+00 0.000E+00
 4.07942672E-03   2964.3 1.268E-02 2.282E+07 3.025E-04 4.137E-02 2.000E+05 0.000E+00 0.000E+00
 5.14098637E-03   3010.7 1.599E-02 2.995E+07 3.251E-04 3.946E-02 2.000E+05 0.000E+00 0.000E+00
 6.46067537E-03   3058.8 2.012E-02 3.906E+07 3.480E-04 3.657E-02 2.000E+05 0.000E+00 0.000E+00
 8.11019848E-03   3105.3 2.527E-02 5.046E+07 3.702E-04 3.433E-02 2.000E+05 0.000E+00 0.000E+00
 1.01806356E-02   3151.1 3.175E-02 6.481E+07 3.929E-04 3.306E-02 2.000E+05 0.000E+00 0.000E+00
 1.27867295E-02   3200.7 3.991E-02 8.325E+07 4.155E-04 2.993E-02 2.000E+05 0.000E+00 0.000E+00
 1.60835689E-02   3247.5 5.024E-02 1.063E+08 4.368E-04 2.746E-02 2.000E+05 0.000E+00 0.000E+00
 2.02690907E-02   3291.9 6.337E-02 1.352E+08 4.585E-04 2.602E-02 2.000E+05 0.000E+00 0.000E+00
 2.55928081E-02   3338.9 8.007E-02 1.721E+08 4.801E-04 2.414E-02 2.000E+05 0.000E+00 0.000E+00
 3.23864488E-02   3383.9 1.014E-01 2.187E+08 5.010E-04 2.240E-02 2.000E+05 0.000E+00 0.000E+00
 4.10701349E-02   3428.6 1.287E-01 2.778E+08 5.228E-04 2.089E-02 2.000E+05 0.000E+00 0.000E+00
 5.21525362E-02   3471.5 1.635E-01 3.524E+08 5.467E-04 2.000E-02 2.000E+05 0.000E+00 0.000E+00
 6.63370071E-02   3517.2 2.081E-01 4.475E+08 5.680E-04 1.847E-02 2.000E+05 0.000E+00 0.000E+00
 8.44962929E-02   3559.3 2.652E-01 5.678E+08 5.932E-04 1.746E-02 2.000E+05 0.000E+00 0.000E+00
 1.07616124E-01   3601.1 3.379E-01 7.196E+08 6.229E-04 1.676E-02 2.000E+05 0.000E+00 0.000E+00
 1.36973306E-01   3643.5 4.302E-01 9.110E+08 6.538E-04 1.610E-02 2.000E+05 0.000E+00 0.000E+00
 1.74337289E-01   3686.5 5.478E-01 1.153E+09 6.847E-04 1.532E-02 2.000E+05 0.000E+00 0.000E+00
 2.21729055E-01   3728.6 6.970E-01 1.456E+09 7.226E-04 1.475E-02 2.000E+05 0.000E+00 0.000E+00
 2.81362935E-01   3770.3 8.847E-01 1.835E+09 7.686E-04 1.436E-02 2.000E+05 0.000E+00 0.000E+00
 3.55972626E-01   3812.2 1.120E+00 2.305E+09 8.199E-04 1.403E-02 2.000E+05 0.000E+00 0.000E+00
 4.49452828E-01   3854.9 1.414E+00 2.889E+09 8.717E-04 1.361E-02 2.000E+05 0.000E+00 0.000E+00
 5.66259575E-01   3897.8 1.782E+00 3.613E+09 9.338E-04 1.328E-02 2.000E+05 0.000E+00 0.000E+00
 7.11094602E-01   3941.1 2.238E+00 4.503E+09 1.008E-03 1.304E-02 2.000E+05 0.000E+00 0.000E+00
 8.89394217E-01   3984.6 2.799E+00 5.590E+09 1.095E-03 1.286E-02 2.000E+05 0.000E+00 0.000E+00
 1.10853496E+00   4028.8 3.489E+00 6.915E+09 1.186E-03 1.264E-02 2.000E+05 0.000E+00 0.000E+00
 1.37780341E+00   4073.8 4.338E+00 8.529E+09 1.290E-03 1.247E-02 2.000E+05 0.000E+00 0.000E+00
 1.70696946E+00   4119.7 5.374E+00 1.049E+10 1.411E-03 1.235E-02 2.000E+05 0.000E+00 0.000E+00
 2.10699774E+00   4166.4 6.635E+00 1.285E+10 1.553E-03 1.225E-02 2.000E+05 0.000E+00 0.000E+00
 2.59162132E+00   4213.9 8.161E+00 1.569E+10 1.710E-03 1.221E-02 2.000E+05 0.000E+00 0.000E+00
 3.17775415E+00   4262.6 1.001E+01 1.910E+10 1.887E-03 1.213E-02 2.000E+05 0.000E+00 0.000E+00
 3.88529632E+00   4312.3 1.224E+01 2.319E+10 2.087E-03 1.211E-02 2.000E+05 0.000E+00 0.000E+00
 4.73692302E+00   4363.3 1.492E+01 2.809E+10 2.316E-03 1.211E-02 2.000E+05 0.000E+00 0.000E+00
 5.75833044E+00   4415.2 1.814E+01 3.393E+10 2.579E-03 1.224E-02 2.000E+05 0.000E+00 0.000E+00
 6.98079471E+00   4468.8 2.199E+01 4.090E+10 2.875E-03 1.237E-02 2.000E+05 0.000E+00 0.000E+00
 8.44192255E+00   4524.0 2.659E+01 4.921E+10 3.210E-03 1.249E-02 2.000E+05 0.000E+00 0.000E+00
 1.01852938E+01   4580.6 3.208E+01 5.914E+10 3.592E-03 1.267E-02 2.000E+05 0.000E+00 0.000E+00
 1.22577116E+01   4639.3 3.861E+01 7.099E+10 4.038E-03 1.315E-02 2.000E+05 0.000E+00 0.000E+00
 1.47150200E+01   4701.9 4.635E+01 8.518E+10 4.542E-03 1.364E-02 2.000E+05 0.000E+00 0.000E+00
 1.76277718E+01   4768.4 5.552E+01 1.023E+11 5.115E-03 1.417E-02 2.000E+05 0.000E+00 0.000E+00
 2.10652860E+01   4839.6 6.634E+01 1.231E+11 5.797E-03 1.499E-02 2.000E+05 0.000E+00 0.000E+00
 2.51031109E+01   4917.3 7.904E+01 1.487E+11 6.591E-03 1.594E-02 2.000E+05 0.000E+00 0.000E+00
 2.98296619E+01   5002.2 9.391E+01 1.810E+11 7.522E-03 1.701E-02 2.000E+05 0.000E+00 0.000E+00
 3.53105833E+01   5097.6 1.111E+02 2.230E+11 8.732E-03 1.893E-02 2.000E+05 0.000E+00 0.000E+00
 4.15580417E+01   5206.8 1.308E+02 2.801E+11 1.029E-02 2.141E-02 2.000E+05 0.000E+00 0.000E+00
 4.85580006E+01   5331.1 1.527E+02 3.619E+11 1.239E-02 2.464E-02 2.000E+05 3.214E-18 0.000E+00
 5.61425797E+01   5474.9 1.765E+02 4.857E+11 1.564E-02 3.027E-02 2.000E+05 6.650E-16 0.000E+00
 6.39488308E+01   5646.1 2.009E+02 6.879E+11 2.084E-02 3.946E-02 2.000E+05 1.069E-12 0.000E+00
 7.14352010E+01   5855.9 2.243E+02 1.046E+12 3.004E-02 5.347E-02 2.000E+05 7.545E-08 1.249E+01
 7.83496905E+01   6052.2 2.457E+02 1.554E+12 4.330E-02 7.191E-02 2.000E+05 4.432E-02 4.628E+01
 8.46668841E+01   6263.0 2.652E+02 2.346E+12 6.444E-02 1.032E-01 2.000E+05 6.237E-02 1.748E+02
 9.01345639E+01   6512.2 2.817E+02 3.713E+12 1.035E-01 1.665E-01 2.000E+05 6.017E-02 7.417E+02
 9.43770511E+01   6831.5 2.942E+02 6.380E+12 1.897E-01 3.144E-01 2.000E+05 5.654E-02 3.793E+03
 9.72635353E+01   7216.5 3.020E+02 1.150E+13 3.914E-01 6.588E-01 2.000E+05 5.241E-02 2.312E+04
 9.90500855E+01   7655.2 3.058E+02 2.068E+13 8.698E-01 1.501E+00 2.000E+05 4.749E-02 1.030E+05
 1.00058030E+02   8181.2 3.066E+02 3.699E+13 2.100E+00 3.424E+00 2.000E+05 4.353E-02 3.001E+05
 1.00676595E+02   8648.5 3.060E+02 5.503E+13 4.070E+00 4.943E+00 2.000E+05 2.823E-01 8.680E+05
 1.01173949E+02   8997.7 3.051E+02 6.853E+13 5.983E+00 4.912E+00 2.000E+05 5.310E-01 1.148E+06
 1.01663135E+02   9286.2 3.043E+02 7.812E+13 7.605E+00 4.793E+00 2.000E+05 6.285E-01 1.254E+06
 1.02197623E+02   9592.3 3.033E+02 8.573E+13 8.953E+00 5.439E+00 2.000E+05 6.480E-01 1.345E+06
 1.02822406E+02   9988.3 3.009E+02 9.100E+13 9.868E+00 8.517E+00 2.000E+05 5.608E-01 1.462E+06
 1.03666381E+02  10851.8 2.948E+02 9.050E+13 8.743E+00 1.221E+01 2.000E+05 6.309E-02 8.088E+05
 1.05130915E+02  12020.3 2.836E+02 8.093E+13 5.664E+00 9.361E+00 2.000E+05 1.858E-02 1.935E+05
 1.08314221E+02  13219.2 2.702E+02 7.076E+13 3.485E+00 5.774E+00 2.000E+05 2.103E-02 7.536E+04
 1.14825045E+02  14415.2 2.598E+02 6.346E+13 2.438E+00 4.016E+00 2.000E+05 3.108E-02 5.095E+04
 1.26338598E+02  15677.9 2.547E+02 5.833E+13 1.906E+00 3.191E+00 2.000E+05 2.232E-06 3.857E+04
PRADK 1.2214E+00
BEGIN                    ITERATION  15 COMPLETED
