TEFF   9750.  GRAVITY 2.50000 LTE 
TITLE SDSC GRID  [-0.1]   VTURB 2.0 KM/S                                        
 OPACITY IFOP 1 1 1 1 1 1 1 1 1 1 1 1 1 0 1 0 0 0 0 0
 CONVECTION OFF  1.00 TURBULENCE OFF  0.00  0.00  0.00  0.00
ABUNDANCE SCALE   0.79430 ABUNDANCE CHANGE 1 0.91100 2 0.08900
 ABUNDANCE CHANGE  3 -10.88  4 -10.89  5  -9.44  6  -3.48  7  -3.99  8  -3.11
 ABUNDANCE CHANGE  9  -7.48 10  -3.95 11  -5.71 12  -4.46 13  -5.57 14  -4.49
 ABUNDANCE CHANGE 15  -6.59 16  -4.83 17  -6.54 18  -5.48 19  -6.82 20  -5.68
 ABUNDANCE CHANGE 21  -8.94 22  -7.05 23  -8.04 24  -6.37 25  -6.65 26  -4.37
 ABUNDANCE CHANGE 27  -7.12 28  -5.79 29  -7.83 30  -7.44 31  -9.16 32  -8.63
 ABUNDANCE CHANGE 33  -9.67 34  -8.69 35  -9.41 36  -8.81 37  -9.44 38  -9.14
 ABUNDANCE CHANGE 39  -9.80 40  -9.54 41 -10.62 42 -10.12 43 -20.00 44 -10.20
 ABUNDANCE CHANGE 45 -10.92 46 -10.35 47 -11.10 48 -10.18 49 -10.58 50 -10.04
 ABUNDANCE CHANGE 51 -11.04 52  -9.80 53 -10.53 54  -9.81 55 -10.92 56  -9.91
 ABUNDANCE CHANGE 57 -10.82 58 -10.49 59 -11.33 60 -10.54 61 -20.00 62 -11.04
 ABUNDANCE CHANGE 63 -11.53 64 -10.92 65 -11.94 66 -10.94 67 -11.78 68 -11.11
 ABUNDANCE CHANGE 69 -12.04 70 -10.96 71 -11.28 72 -11.16 73 -11.91 74 -10.93
 ABUNDANCE CHANGE 75 -11.77 76 -10.59 77 -10.69 78 -10.24 79 -11.03 80 -10.95
 ABUNDANCE CHANGE 81 -11.14 82 -10.19 83 -11.33 84 -20.00 85 -20.00 86 -20.00
 ABUNDANCE CHANGE 87 -20.00 88 -20.00 89 -20.00 90 -11.92 91 -20.00 92 -12.51
 ABUNDANCE CHANGE 93 -20.00 94 -20.00 95 -20.00 96 -20.00 97 -20.00 98 -20.00
 ABUNDANCE CHANGE 99 -20.00
READ DECK6 64 RHOX,T,P,XNE,ABROSS,ACCRAD,VTURB
 7.64220116E-06   5562.6 2.242E-03 7.621E+08 1.877E-01 2.286E+01 2.000E+05
 9.45339811E-06   5844.1 2.776E-03 1.243E+09 1.877E-01 1.978E+01 2.000E+05
 1.26302693E-05   5888.2 3.719E-03 1.630E+09 1.844E-01 1.894E+01 2.000E+05
 1.69329019E-05   5939.8 5.000E-03 2.154E+09 1.831E-01 1.809E+01 2.000E+05
 2.27080751E-05   5993.4 6.724E-03 2.849E+09 1.821E-01 1.719E+01 2.000E+05
 3.04484300E-05   6048.2 9.042E-03 3.769E+09 1.814E-01 1.630E+01 2.000E+05
 4.08000817E-05   6104.0 1.215E-02 4.982E+09 1.811E-01 1.555E+01 2.000E+05
 5.46246008E-05   6160.0 1.631E-02 6.574E+09 1.809E-01 1.493E+01 2.000E+05
 7.30801345E-05   6215.9 2.188E-02 8.660E+09 1.806E-01 1.428E+01 2.000E+05
 9.77105658E-05   6272.2 2.932E-02 1.139E+10 1.806E-01 1.374E+01 2.000E+05
 1.30525969E-04   6329.3 3.926E-02 1.497E+10 1.809E-01 1.323E+01 2.000E+05
 1.74150890E-04   6387.1 5.249E-02 1.964E+10 1.817E-01 1.277E+01 2.000E+05
 2.32010934E-04   6445.4 7.006E-02 2.571E+10 1.829E-01 1.239E+01 2.000E+05
 3.08560082E-04   6503.9 9.333E-02 3.359E+10 1.846E-01 1.212E+01 2.000E+05
 4.09580698E-04   6562.7 1.241E-01 4.376E+10 1.867E-01 1.189E+01 2.000E+05
 5.42422867E-04   6622.9 1.645E-01 5.692E+10 1.898E-01 1.173E+01 2.000E+05
 7.16078230E-04   6685.7 2.174E-01 7.392E+10 1.943E-01 1.159E+01 2.000E+05
 9.41341570E-04   6751.3 2.860E-01 9.580E+10 2.006E-01 1.154E+01 2.000E+05
 1.23095676E-03   6820.2 3.743E-01 1.239E+11 2.090E-01 1.150E+01 2.000E+05
 1.60003097E-03   6891.7 4.867E-01 1.595E+11 2.196E-01 1.147E+01 2.000E+05
 2.06673026E-03   6964.3 6.290E-01 2.044E+11 2.322E-01 1.147E+01 2.000E+05
 2.65367652E-03   7036.1 8.078E-01 2.604E+11 2.467E-01 1.152E+01 2.000E+05
 3.38958366E-03   7105.9 1.032E+00 3.293E+11 2.626E-01 1.160E+01 2.000E+05
 4.31112925E-03   7173.4 1.313E+00 4.141E+11 2.798E-01 1.166E+01 2.000E+05
 5.46380569E-03   7238.0 1.664E+00 5.177E+11 2.985E-01 1.183E+01 2.000E+05
 6.90290313E-03   7300.0 2.102E+00 6.439E+11 3.192E-01 1.212E+01 2.000E+05
 8.69451289E-03   7360.4 2.646E+00 7.972E+11 3.425E-01 1.254E+01 2.000E+05
 1.09168920E-02   7419.6 3.320E+00 9.830E+11 3.690E-01 1.308E+01 2.000E+05
 1.36591945E-02   7480.0 4.151E+00 1.209E+12 3.999E-01 1.370E+01 2.000E+05
 1.70238484E-02   7540.3 5.167E+00 1.481E+12 4.358E-01 1.444E+01 2.000E+05
 2.11298097E-02   7601.5 6.405E+00 1.807E+12 4.775E-01 1.532E+01 2.000E+05
 2.61124185E-02   7664.1 7.902E+00 2.199E+12 5.261E-01 1.632E+01 2.000E+05
 3.21307765E-02   7726.9 9.703E+00 2.666E+12 5.822E-01 1.754E+01 2.000E+05
 3.93559038E-02   7793.3 1.186E+01 3.225E+12 6.490E-01 1.900E+01 2.000E+05
 4.79623659E-02   7864.1 1.441E+01 3.894E+12 7.295E-01 2.081E+01 2.000E+05
 5.81164923E-02   7942.2 1.739E+01 4.700E+12 8.293E-01 2.306E+01 2.000E+05
 6.99506330E-02   8030.8 2.085E+01 5.670E+12 9.551E-01 2.587E+01 2.000E+05
 8.35550757E-02   8132.9 2.477E+01 6.841E+12 1.115E+00 2.940E+01 2.000E+05
 9.89956680E-02   8253.2 2.917E+01 8.255E+12 1.317E+00 3.355E+01 2.000E+05
 1.16347643E-01   8392.2 3.403E+01 9.936E+12 1.569E+00 3.852E+01 2.000E+05
 1.35725889E-01   8553.4 3.936E+01 1.190E+13 1.876E+00 4.431E+01 2.000E+05
 1.57376820E-01   8740.2 4.518E+01 1.416E+13 2.233E+00 5.072E+01 2.000E+05
 1.81850501E-01   8956.5 5.160E+01 1.669E+13 2.608E+00 5.669E+01 2.000E+05
 2.10100546E-01   9204.1 5.885E+01 1.947E+13 2.978E+00 6.219E+01 2.000E+05
 2.43644667E-01   9488.0 6.730E+01 2.249E+13 3.289E+00 6.599E+01 2.000E+05
 2.84881866E-01   9812.2 7.757E+01 2.583E+13 3.509E+00 6.787E+01 2.000E+05
 3.37326085E-01  10180.3 9.059E+01 2.969E+13 3.623E+00 6.776E+01 2.000E+05
 4.06157242E-01  10597.1 1.078E+02 3.438E+13 3.634E+00 6.584E+01 2.000E+05
 4.98393246E-01  11068.9 1.310E+02 4.033E+13 3.591E+00 6.380E+01 2.000E+05
 6.24214816E-01  11605.7 1.629E+02 4.809E+13 3.479E+00 6.089E+01 2.000E+05
 7.98458043E-01  12211.3 2.077E+02 5.846E+13 3.330E+00 5.783E+01 2.000E+05
 1.04198235E+00  12901.2 2.709E+02 7.242E+13 3.174E+00 5.511E+01 2.000E+05
 1.38257722E+00  13678.1 3.603E+02 9.131E+13 3.032E+00 5.261E+01 2.000E+05
 1.85403165E+00  14546.5 4.851E+02 1.167E+14 2.946E+00 5.097E+01 2.000E+05
 2.49607310E+00  15498.7 6.557E+02 1.499E+14 2.900E+00 4.992E+01 2.000E+05
 3.36512827E+00  16543.8 8.876E+02 1.921E+14 2.857E+00 4.895E+01 2.000E+05
 4.54384567E+00  17678.1 1.203E+03 2.451E+14 2.805E+00 4.792E+01 2.000E+05
 6.13730930E+00  18915.9 1.631E+03 3.113E+14 2.780E+00 4.741E+01 2.000E+05
 8.27914418E+00  20256.1 2.208E+03 3.938E+14 2.760E+00 4.697E+01 2.000E+05
 1.11560040E+01  21711.3 2.983E+03 4.967E+14 2.741E+00 4.655E+01 2.000E+05
 1.50020957E+01  23282.6 4.020E+03 6.245E+14 2.746E+00 4.637E+01 2.000E+05
 2.01085197E+01  24979.3 5.398E+03 7.816E+14 2.767E+00 4.649E+01 2.000E+05
 2.67747442E+01  26813.4 7.193E+03 9.703E+14 2.862E+00 4.759E+01 2.000E+05
 3.53123640E+01  28786.1 9.490E+03 1.193E+15 2.997E+00 4.665E+01 2.000E+05
PRADK 1.6385E+01
BEGIN                    ITERATION   6 COMPLETED
