TEFF   9500.  GRAVITY 2.50000 LTE
TITLE SDSC GRID  [+1.0]   VTURB 2.0 KM/S
 OPACITY IFOP 1 1 1 1 1 1 1 1 1 1 1 1 1 0 1 0 0 0 0 0
 CONVECTION OFF  1.00 TURBULENCE OFF  0.00  0.00  0.00  0.00
ABUNDANCE SCALE  10.00000 ABUNDANCE CHANGE 1 0.91100 2 0.08900
 ABUNDANCE CHANGE  3 -10.88  4 -10.89  5  -9.44  6  -3.48  7  -3.99  8  -3.11
 ABUNDANCE CHANGE  9  -7.48 10  -3.95 11  -5.71 12  -4.46 13  -5.57 14  -4.49
 ABUNDANCE CHANGE 15  -6.59 16  -4.83 17  -6.54 18  -5.48 19  -6.82 20  -5.68
 ABUNDANCE CHANGE 21  -8.94 22  -7.05 23  -8.04 24  -6.37 25  -6.65 26  -4.37
 ABUNDANCE CHANGE 27  -7.12 28  -5.79 29  -7.83 30  -7.44 31  -9.16 32  -8.63
 ABUNDANCE CHANGE 33  -9.67 34  -8.69 35  -9.41 36  -8.81 37  -9.44 38  -9.14
 ABUNDANCE CHANGE 39  -9.80 40  -9.54 41 -10.62 42 -10.12 43 -20.00 44 -10.20
 ABUNDANCE CHANGE 45 -10.92 46 -10.35 47 -11.10 48 -10.18 49 -10.58 50 -10.04
 ABUNDANCE CHANGE 51 -11.04 52  -9.80 53 -10.53 54  -9.81 55 -10.92 56  -9.91
 ABUNDANCE CHANGE 57 -10.82 58 -10.49 59 -11.33 60 -10.54 61 -20.00 62 -11.04
 ABUNDANCE CHANGE 63 -11.53 64 -10.92 65 -11.94 66 -10.94 67 -11.78 68 -11.11
 ABUNDANCE CHANGE 69 -12.04 70 -10.96 71 -11.28 72 -11.16 73 -11.91 74 -10.93
 ABUNDANCE CHANGE 75 -11.77 76 -10.59 77 -10.69 78 -10.24 79 -11.03 80 -10.95
 ABUNDANCE CHANGE 81 -11.14 82 -10.19 83 -11.33 84 -20.00 85 -20.00 86 -20.00
 ABUNDANCE CHANGE 87 -20.00 88 -20.00 89 -20.00 90 -11.92 91 -20.00 92 -12.51
 ABUNDANCE CHANGE 93 -20.00 94 -20.00 95 -20.00 96 -20.00 97 -20.00 98 -20.00
 ABUNDANCE CHANGE 99 -20.00
READ DECK6 64 RHOX,T,P,XNE,ABROSS,ACCRAD,VTURB
 2.13019667E-05   4734.9 5.998E-03 1.660E+08 5.905E-02 3.467E+01 2.000E+05
 2.76782260E-05   5565.7 7.829E-03 1.735E+09 6.277E-02 2.341E+01 2.000E+05
 3.61728082E-05   5619.1 1.033E-02 2.281E+09 6.375E-02 2.063E+01 2.000E+05
 4.80324191E-05   5673.8 1.384E-02 3.030E+09 6.455E-02 1.932E+01 2.000E+05
 6.44381743E-05   5726.1 1.872E-02 4.021E+09 6.463E-02 1.834E+01 2.000E+05
 8.59854882E-05   5776.2 2.515E-02 5.283E+09 6.450E-02 1.762E+01 2.000E+05
 1.14924434E-04   5827.3 3.380E-02 6.945E+09 6.448E-02 1.705E+01 2.000E+05
 1.53372982E-04   5880.2 4.531E-02 9.130E+09 6.481E-02 1.656E+01 2.000E+05
 2.04352812E-04   5935.7 6.060E-02 1.202E+10 6.560E-02 1.613E+01 2.000E+05
 2.71267143E-04   5993.9 8.070E-02 1.583E+10 6.695E-02 1.575E+01 2.000E+05
 3.58434600E-04   6054.8 1.069E-01 2.082E+10 6.890E-02 1.538E+01 2.000E+05
 4.70987004E-04   6117.8 1.408E-01 2.734E+10 7.145E-02 1.499E+01 2.000E+05
 6.15314102E-04   6182.2 1.843E-01 3.578E+10 7.455E-02 1.459E+01 2.000E+05
 7.99360842E-04   6247.6 2.399E-01 4.661E+10 7.816E-02 1.419E+01 2.000E+05
 1.03298958E-03   6313.2 3.105E-01 6.042E+10 8.229E-02 1.385E+01 2.000E+05
 1.32830294E-03   6379.5 3.998E-01 7.798E+10 8.707E-02 1.358E+01 2.000E+05
 1.69947329E-03   6446.5 5.122E-01 1.002E+11 9.262E-02 1.337E+01 2.000E+05
 2.16327016E-03   6514.6 6.527E-01 1.283E+11 9.920E-02 1.324E+01 2.000E+05
 2.73843487E-03   6584.3 8.270E-01 1.638E+11 1.070E-01 1.317E+01 2.000E+05
 3.44655944E-03   6655.6 1.042E+00 2.082E+11 1.164E-01 1.308E+01 2.000E+05
 4.31251453E-03   6727.8 1.304E+00 2.634E+11 1.273E-01 1.300E+01 2.000E+05
 5.36553624E-03   6800.3 1.624E+00 3.314E+11 1.399E-01 1.298E+01 2.000E+05
 6.63970902E-03   6873.0 2.010E+00 4.148E+11 1.545E-01 1.302E+01 2.000E+05
 8.17401009E-03   6945.9 2.475E+00 5.166E+11 1.715E-01 1.313E+01 2.000E+05
 1.00134219E-02   7019.0 3.032E+00 6.400E+11 1.912E-01 1.331E+01 2.000E+05
 1.22095169E-02   7092.5 3.697E+00 7.893E+11 2.138E-01 1.354E+01 2.000E+05
 1.48239048E-02   7166.3 4.488E+00 9.691E+11 2.399E-01 1.378E+01 2.000E+05
 1.79272147E-02   7239.8 5.426E+00 1.184E+12 2.697E-01 1.411E+01 2.000E+05
 2.16033240E-02   7312.9 6.536E+00 1.440E+12 3.040E-01 1.455E+01 2.000E+05
 2.59466312E-02   7385.9 7.845E+00 1.745E+12 3.435E-01 1.511E+01 2.000E+05
 3.10658832E-02   7459.3 9.385E+00 2.106E+12 3.892E-01 1.583E+01 2.000E+05
 3.70802289E-02   7533.9 1.119E+01 2.535E+12 4.425E-01 1.673E+01 2.000E+05
 4.41221670E-02   7610.8 1.329E+01 3.046E+12 5.049E-01 1.781E+01 2.000E+05
 5.23334501E-02   7690.8 1.574E+01 3.655E+12 5.787E-01 1.910E+01 2.000E+05
 6.18591812E-02   7774.6 1.856E+01 4.380E+12 6.673E-01 2.072E+01 2.000E+05
 7.28326259E-02   7864.3 2.179E+01 5.246E+12 7.755E-01 2.278E+01 2.000E+05
 8.53623452E-02   7962.4 2.545E+01 6.282E+12 9.100E-01 2.540E+01 2.000E+05
 9.95252019E-02   8071.7 2.955E+01 7.525E+12 1.079E+00 2.871E+01 2.000E+05
 1.15373181E-01   8196.0 3.408E+01 9.017E+12 1.292E+00 3.270E+01 2.000E+05
 1.32978897E-01   8337.4 3.903E+01 1.079E+13 1.555E+00 3.739E+01 2.000E+05
 1.52431336E-01   8497.7 4.440E+01 1.285E+13 1.879E+00 4.304E+01 2.000E+05
 1.73877735E-01   8681.6 5.018E+01 1.521E+13 2.269E+00 4.968E+01 2.000E+05
 1.97761628E-01   8893.5 5.647E+01 1.784E+13 2.693E+00 5.613E+01 2.000E+05
 2.24860629E-01   9136.0 6.343E+01 2.068E+13 3.133E+00 6.247E+01 2.000E+05
 2.56378887E-01   9414.4 7.134E+01 2.370E+13 3.540E+00 6.775E+01 2.000E+05
 2.94306549E-01   9732.1 8.070E+01 2.689E+13 3.850E+00 7.063E+01 2.000E+05
 3.41564179E-01  10093.3 9.227E+01 3.040E+13 4.062E+00 7.197E+01 2.000E+05
 4.02542412E-01  10498.0 1.072E+02 3.451E+13 4.132E+00 6.990E+01 2.000E+05
 4.82913078E-01  10953.0 1.271E+02 3.959E+13 4.155E+00 6.821E+01 2.000E+05
 5.90336971E-01  11463.9 1.539E+02 4.606E+13 4.123E+00 6.599E+01 2.000E+05
 7.36038614E-01  12038.8 1.905E+02 5.453E+13 4.019E+00 6.288E+01 2.000E+05
 9.35514341E-01  12684.4 2.413E+02 6.574E+13 3.910E+00 6.062E+01 2.000E+05
 1.20876609E+00  13416.0 3.114E+02 8.055E+13 3.815E+00 5.904E+01 2.000E+05
 1.58156490E+00  14235.0 4.076E+02 1.002E+14 3.737E+00 5.761E+01 2.000E+05
 2.07922308E+00  15146.7 5.361E+02 1.253E+14 3.785E+00 5.849E+01 2.000E+05
 2.73868353E+00  16152.0 7.061E+02 1.566E+14 3.797E+00 5.838E+01 2.000E+05
 3.61215698E+00  17256.2 9.310E+02 1.947E+14 3.838E+00 5.911E+01 2.000E+05
 4.76530728E+00  18457.7 1.227E+03 2.408E+14 3.883E+00 5.967E+01 2.000E+05
 6.27500711E+00  19765.0 1.613E+03 2.962E+14 3.962E+00 6.116E+01 2.000E+05
 8.28091784E+00  21173.8 2.126E+03 3.646E+14 3.917E+00 5.984E+01 2.000E+05
 1.09775066E+01  22709.7 2.817E+03 4.506E+14 3.907E+00 6.003E+01 2.000E+05
 1.46114934E+01  24355.8 3.752E+03 5.597E+14 3.841E+00 5.812E+01 2.000E+05
 1.94336385E+01  26142.4 4.994E+03 6.941E+14 3.936E+00 5.921E+01 2.000E+05
 2.56773022E+01  28062.9 6.605E+03 8.554E+14 4.078E+00 5.709E+01 2.000E+05
PRADK 1.0914E+01
BEGIN                    ITERATION  15 COMPLETED
