TEFF  28000.  GRAVITY 4.00000 LTE 
TITLE SDSC GRID  [-0.3]   VTURB 2.0 KM/S                                        
 OPACITY IFOP 1 1 1 1 1 1 1 1 1 1 1 1 1 0 1 0 0 0 0 0
 CONVECTION OFF  1.00 TURBULENCE OFF  0.00  0.00  0.00  0.00
ABUNDANCE SCALE   0.50120 ABUNDANCE CHANGE 1 0.91100 2 0.08900
 ABUNDANCE CHANGE  3 -10.88  4 -10.89  5  -9.44  6  -3.48  7  -3.99  8  -3.11
 ABUNDANCE CHANGE  9  -7.48 10  -3.95 11  -5.71 12  -4.46 13  -5.57 14  -4.49
 ABUNDANCE CHANGE 15  -6.59 16  -4.83 17  -6.54 18  -5.48 19  -6.82 20  -5.68
 ABUNDANCE CHANGE 21  -8.94 22  -7.05 23  -8.04 24  -6.37 25  -6.65 26  -4.37
 ABUNDANCE CHANGE 27  -7.12 28  -5.79 29  -7.83 30  -7.44 31  -9.16 32  -8.63
 ABUNDANCE CHANGE 33  -9.67 34  -8.69 35  -9.41 36  -8.81 37  -9.44 38  -9.14
 ABUNDANCE CHANGE 39  -9.80 40  -9.54 41 -10.62 42 -10.12 43 -20.00 44 -10.20
 ABUNDANCE CHANGE 45 -10.92 46 -10.35 47 -11.10 48 -10.18 49 -10.58 50 -10.04
 ABUNDANCE CHANGE 51 -11.04 52  -9.80 53 -10.53 54  -9.81 55 -10.92 56  -9.91
 ABUNDANCE CHANGE 57 -10.82 58 -10.49 59 -11.33 60 -10.54 61 -20.00 62 -11.04
 ABUNDANCE CHANGE 63 -11.53 64 -10.92 65 -11.94 66 -10.94 67 -11.78 68 -11.11
 ABUNDANCE CHANGE 69 -12.04 70 -10.96 71 -11.28 72 -11.16 73 -11.91 74 -10.93
 ABUNDANCE CHANGE 75 -11.77 76 -10.59 77 -10.69 78 -10.24 79 -11.03 80 -10.95
 ABUNDANCE CHANGE 81 -11.14 82 -10.19 83 -11.33 84 -20.00 85 -20.00 86 -20.00
 ABUNDANCE CHANGE 87 -20.00 88 -20.00 89 -20.00 90 -11.92 91 -20.00 92 -12.51
 ABUNDANCE CHANGE 93 -20.00 94 -20.00 95 -20.00 96 -20.00 97 -20.00 98 -20.00
 ABUNDANCE CHANGE 99 -20.00
READ DECK6 64 RHOX,T,P,XNE,ABROSS,ACCRAD,VTURB
 4.92457913E-06  14293.7 4.475E-02 1.134E+10 3.343E-01 9.138E+02 2.000E+05
 5.32014654E-06  15016.3 4.836E-02 1.167E+10 3.343E-01 7.925E+02 2.000E+05
 7.08933685E-06  15100.8 6.466E-02 1.551E+10 3.359E-01 7.905E+02 2.000E+05
 9.43749430E-06  15189.2 8.628E-02 2.057E+10 3.377E-01 7.955E+02 2.000E+05
 1.25510158E-05  15276.6 1.149E-01 2.724E+10 3.397E-01 8.046E+02 2.000E+05
 1.66779942E-05  15362.0 1.528E-01 3.603E+10 3.418E-01 8.194E+02 2.000E+05
 2.21447193E-05  15448.6 2.030E-01 4.758E+10 3.443E-01 8.423E+02 2.000E+05
 2.93799145E-05  15540.7 2.691E-01 6.271E+10 3.470E-01 8.718E+02 2.000E+05
 3.89482781E-05  15641.4 3.563E-01 8.250E+10 3.500E-01 9.016E+02 2.000E+05
 5.15937981E-05  15752.6 4.712E-01 1.083E+11 3.533E-01 9.284E+02 2.000E+05
 6.82911515E-05  15873.2 6.224E-01 1.420E+11 3.570E-01 9.567E+02 2.000E+05
 9.03366216E-05  16003.4 8.216E-01 1.859E+11 3.604E-01 9.659E+02 2.000E+05
 1.19447988E-04  16142.4 1.085E+00 2.433E+11 3.640E-01 9.679E+02 2.000E+05
 1.57883544E-04  16291.3 1.432E+00 3.183E+11 3.677E-01 9.573E+02 2.000E+05
 2.08584337E-04  16446.9 1.891E+00 4.163E+11 3.720E-01 9.489E+02 2.000E+05
 2.75348458E-04  16608.7 2.495E+00 5.440E+11 3.771E-01 9.438E+02 2.000E+05
 3.63098624E-04  16775.6 3.290E+00 7.101E+11 3.829E-01 9.412E+02 2.000E+05
 4.78249078E-04  16949.0 4.333E+00 9.257E+11 3.894E-01 9.337E+02 2.000E+05
 6.29011431E-04  17124.6 5.700E+00 1.205E+12 3.973E-01 9.338E+02 2.000E+05
 8.25754100E-04  17301.7 7.483E+00 1.566E+12 4.066E-01 9.425E+02 2.000E+05
 1.08155606E-03  17479.3 9.798E+00 2.029E+12 4.178E-01 9.622E+02 2.000E+05
 1.41312321E-03  17661.7 1.279E+01 2.622E+12 4.303E-01 9.793E+02 2.000E+05
 1.84182491E-03  17844.1 1.665E+01 3.379E+12 4.443E-01 9.977E+02 2.000E+05
 2.39522465E-03  18030.1 2.163E+01 4.344E+12 4.593E-01 1.004E+03 2.000E+05
 3.10765227E-03  18210.4 2.804E+01 5.573E+12 4.767E-01 1.020E+03 2.000E+05
 4.02147674E-03  18391.1 3.623E+01 7.132E+12 4.963E-01 1.039E+03 2.000E+05
 5.18977996E-03  18571.1 4.669E+01 9.100E+12 5.186E-01 1.064E+03 2.000E+05
 6.67697806E-03  18751.8 5.995E+01 1.157E+13 5.446E-01 1.103E+03 2.000E+05
 8.56151008E-03  18940.4 7.667E+01 1.465E+13 5.742E-01 1.153E+03 2.000E+05
 1.09398904E-02  19142.3 9.764E+01 1.846E+13 6.078E-01 1.214E+03 2.000E+05
 1.39336029E-02  19367.1 1.238E+02 2.314E+13 6.444E-01 1.275E+03 2.000E+05
 1.76935610E-02  19615.6 1.565E+02 2.888E+13 6.851E-01 1.342E+03 2.000E+05
 2.24030885E-02  19893.7 1.971E+02 3.586E+13 7.300E-01 1.413E+03 2.000E+05
 2.83065058E-02  20201.2 2.477E+02 4.436E+13 7.753E-01 1.464E+03 2.000E+05
 3.57223855E-02  20535.8 3.108E+02 5.476E+13 8.229E-01 1.511E+03 2.000E+05
 4.50421509E-02  20901.7 3.897E+02 6.746E+13 8.731E-01 1.556E+03 2.000E+05
 5.67479449E-02  21302.5 4.882E+02 8.292E+13 9.275E-01 1.611E+03 2.000E+05
 7.14367810E-02  21746.0 6.110E+02 1.016E+14 9.859E-01 1.676E+03 2.000E+05
 8.98654445E-02  22242.4 7.636E+02 1.242E+14 1.048E+00 1.753E+03 2.000E+05
 1.13003703E-01  22802.9 9.535E+02 1.513E+14 1.112E+00 1.834E+03 2.000E+05
 1.42109103E-01  23439.0 1.190E+03 1.837E+14 1.177E+00 1.913E+03 2.000E+05
 1.78814634E-01  24162.7 1.485E+03 2.224E+14 1.243E+00 1.994E+03 2.000E+05
 2.25293975E-01  24990.2 1.855E+03 2.686E+14 1.308E+00 2.074E+03 2.000E+05
 2.83910494E-01  25934.7 2.317E+03 3.232E+14 1.390E+00 2.172E+03 2.000E+05
 3.57530523E-01  26995.3 2.890E+03 3.873E+14 1.473E+00 2.255E+03 2.000E+05
 4.50238846E-01  28177.9 3.605E+03 4.629E+14 1.561E+00 2.331E+03 2.000E+05
 5.65756345E-01  29481.7 4.484E+03 5.505E+14 1.686E+00 2.445E+03 2.000E+05
 7.08322119E-01  30906.9 5.553E+03 6.507E+14 1.820E+00 2.560E+03 2.000E+05
 8.84443028E-01  32465.3 6.853E+03 7.657E+14 1.967E+00 2.674E+03 2.000E+05
 1.10063955E+00  34152.7 8.421E+03 8.975E+14 2.147E+00 2.820E+03 2.000E+05
 1.36406063E+00  35992.9 1.029E+04 1.047E+15 2.353E+00 2.985E+03 2.000E+05
 1.68680998E+00  37983.7 1.253E+04 1.218E+15 2.537E+00 3.097E+03 2.000E+05
 2.09037528E+00  40144.1 1.530E+04 1.419E+15 2.673E+00 3.173E+03 2.000E+05
 2.61187927E+00  42492.3 1.887E+04 1.663E+15 2.707E+00 3.140E+03 2.000E+05
 3.30932211E+00  45058.0 2.368E+04 1.975E+15 2.666E+00 3.070E+03 2.000E+05
 4.26244926E+00  47910.2 3.033E+04 2.384E+15 2.582E+00 2.964E+03 2.000E+05
 5.58268940E+00  51064.3 3.971E+04 2.931E+15 2.472E+00 2.841E+03 2.000E+05
 7.43584403E+00  54553.6 5.313E+04 3.672E+15 2.332E+00 2.675E+03 2.000E+05
 1.00611003E+01  58368.6 7.259E+04 4.690E+15 2.194E+00 2.506E+03 2.000E+05
 1.37913437E+01  62530.9 1.009E+05 6.086E+15 2.057E+00 2.325E+03 2.000E+05
 1.90593591E+01  67032.0 1.417E+05 7.976E+15 1.955E+00 2.179E+03 2.000E+05
 2.64321025E+01  71894.6 1.999E+05 1.049E+16 1.868E+00 2.042E+03 2.000E+05
 3.66502294E+01  77149.3 2.819E+05 1.378E+16 1.810E+00 1.925E+03 2.000E+05
 5.05465328E+01  82786.1 3.945E+05 1.797E+16 1.790E+00 1.874E+03 2.000E+05
PRADK 1.1292E+03
BEGIN                    ITERATION   9 COMPLETED
