EFF   8750.  GRAVITY 2.50000 LTE 
ITLE SDSC GRID  [-5.0]   VTURB 2.0 KM/S    L/H 1.25                            
OPACITY IFOP 1 1 1 1 1 1 1 1 1 1 1 1 1 0 1 0 0 0 0 0
CONVECTION ON   1.25 TURBULENCE OFF  0.00  0.00  0.00  0.00
BUNDANCE SCALE   0.00001 ABUNDANCE CHANGE 1 0.91100 2 0.08900
ABUNDANCE CHANGE  3 -10.88  4 -10.89  5  -9.44  6  -3.48  7  -3.99  8  -3.11
ABUNDANCE CHANGE  9  -7.48 10  -3.95 11  -5.71 12  -4.46 13  -5.57 14  -4.49
ABUNDANCE CHANGE 15  -6.59 16  -4.83 17  -6.54 18  -5.48 19  -6.82 20  -5.68
ABUNDANCE CHANGE 21  -8.94 22  -7.05 23  -8.04 24  -6.37 25  -6.65 26  -4.37
ABUNDANCE CHANGE 27  -7.12 28  -5.79 29  -7.83 30  -7.44 31  -9.16 32  -8.63
ABUNDANCE CHANGE 33  -9.67 34  -8.69 35  -9.41 36  -8.81 37  -9.44 38  -9.14
ABUNDANCE CHANGE 39  -9.80 40  -9.54 41 -10.62 42 -10.12 43 -20.00 44 -10.20
ABUNDANCE CHANGE 45 -10.92 46 -10.35 47 -11.10 48 -10.18 49 -10.58 50 -10.04
ABUNDANCE CHANGE 51 -11.04 52  -9.80 53 -10.53 54  -9.81 55 -10.92 56  -9.91
ABUNDANCE CHANGE 57 -10.82 58 -10.49 59 -11.33 60 -10.54 61 -20.00 62 -11.04
ABUNDANCE CHANGE 63 -11.53 64 -10.92 65 -11.94 66 -10.94 67 -11.78 68 -11.11
ABUNDANCE CHANGE 69 -12.04 70 -10.96 71 -11.28 72 -11.16 73 -11.91 74 -10.93
ABUNDANCE CHANGE 75 -11.77 76 -10.59 77 -10.69 78 -10.24 79 -11.03 80 -10.95
ABUNDANCE CHANGE 81 -11.14 82 -10.19 83 -11.33 84 -20.00 85 -20.00 86 -20.00
ABUNDANCE CHANGE 87 -20.00 88 -20.00 89 -20.00 90 -11.92 91 -20.00 92 -12.51
ABUNDANCE CHANGE 93 -20.00 94 -20.00 95 -20.00 96 -20.00 97 -20.00 98 -20.00
ABUNDANCE CHANGE 99 -20.00
EAD DECK6 72 RHOX,T,P,XNE,ABROSS,ACCRAD,VTURB
4.68984861E-07   6114.0 1.468E-04 8.238E+07 2.843E-01 3.306E+00 2.000E+05 0.000E+00 0.000E+00
6.25640991E-07   6120.6 1.958E-04 1.096E+08 2.835E-01 3.295E+00 2.000E+05 0.000E+00 0.000E+00
8.35293665E-07   6125.6 2.614E-04 1.459E+08 2.823E-01 3.281E+00 2.000E+05 0.000E+00 0.000E+00
1.11616421E-06   6131.9 3.493E-04 1.941E+08 2.809E-01 3.264E+00 2.000E+05 0.000E+00 0.000E+00
1.49292199E-06   6138.6 4.672E-04 2.584E+08 2.790E-01 3.243E+00 2.000E+05 0.000E+00 0.000E+00
1.99907370E-06   6146.2 6.256E-04 3.440E+08 2.767E-01 3.217E+00 2.000E+05 0.000E+00 0.000E+00
2.68029912E-06   6155.1 8.389E-04 4.578E+08 2.739E-01 3.185E+00 2.000E+05 0.000E+00 0.000E+00
3.59908770E-06   6165.6 1.127E-03 6.093E+08 2.706E-01 3.147E+00 2.000E+05 0.000E+00 0.000E+00
4.84067168E-06   6180.3 1.515E-03 8.107E+08 2.668E-01 3.101E+00 2.000E+05 0.000E+00 0.000E+00
6.52183599E-06   6196.8 2.042E-03 1.079E+09 2.624E-01 3.047E+00 2.000E+05 0.000E+00 0.000E+00
8.80364811E-06   6215.4 2.756E-03 1.435E+09 2.576E-01 2.986E+00 2.000E+05 0.000E+00 0.000E+00
1.19084425E-05   6235.4 3.729E-03 1.909E+09 2.521E-01 2.919E+00 2.000E+05 0.000E+00 0.000E+00
1.61495008E-05   6253.8 5.058E-03 2.537E+09 2.455E-01 2.842E+00 2.000E+05 0.000E+00 0.000E+00
2.19669919E-05   6274.2 6.881E-03 3.373E+09 2.383E-01 2.759E+00 2.000E+05 0.000E+00 0.000E+00
2.99516524E-05   6300.1 9.385E-03 4.487E+09 2.314E-01 2.677E+00 2.000E+05 0.000E+00 0.000E+00
4.10516171E-05   6304.0 1.287E-02 5.923E+09 2.192E-01 2.557E+00 2.000E+05 0.000E+00 0.000E+00
5.67852654E-05   6307.7 1.780E-02 7.817E+09 2.053E-01 2.429E+00 2.000E+05 0.000E+00 0.000E+00
7.92978715E-05   6313.2 2.487E-02 1.032E+10 1.905E-01 2.297E+00 2.000E+05 0.000E+00 0.000E+00
1.11876914E-04   6318.2 3.510E-02 1.360E+10 1.746E-01 2.157E+00 2.000E+05 0.000E+00 0.000E+00
1.59152372E-04   6333.3 4.995E-02 1.803E+10 1.609E-01 2.038E+00 2.000E+05 0.000E+00 0.000E+00
2.27883163E-04   6347.0 7.155E-02 2.379E+10 1.469E-01 1.923E+00 2.000E+05 0.000E+00 0.000E+00
3.28369700E-04   6363.8 1.031E-01 3.138E+10 1.342E-01 1.827E+00 2.000E+05 0.000E+00 0.000E+00
4.73304968E-04   6394.7 1.487E-01 4.183E+10 1.256E-01 1.769E+00 2.000E+05 0.000E+00 0.000E+00
6.78107220E-04   6432.3 2.131E-01 5.576E+10 1.195E-01 1.742E+00 2.000E+05 0.000E+00 0.000E+00
9.61132103E-04   6481.1 3.021E-01 7.463E+10 1.170E-01 1.759E+00 2.000E+05 0.000E+00 0.000E+00
1.33758831E-03   6547.1 4.205E-01 1.007E+11 1.197E-01 1.818E+00 2.000E+05 0.000E+00 0.000E+00
1.82035022E-03   6621.3 5.723E-01 1.350E+11 1.260E-01 1.901E+00 2.000E+05 0.000E+00 0.000E+00
2.43016424E-03   6693.3 7.639E-01 1.779E+11 1.333E-01 1.972E+00 2.000E+05 0.000E+00 0.000E+00
3.20896267E-03   6745.2 1.009E+00 2.268E+11 1.368E-01 2.010E+00 2.000E+05 0.000E+00 0.000E+00
4.23936460E-03   6776.5 1.332E+00 2.815E+11 1.356E-01 2.009E+00 2.000E+05 0.000E+00 0.000E+00
5.64902899E-03   6790.9 1.775E+00 3.429E+11 1.305E-01 1.989E+00 2.000E+05 0.000E+00 0.000E+00
7.61545421E-03   6799.0 2.393E+00 4.160E+11 1.242E-01 1.970E+00 2.000E+05 0.000E+00 0.000E+00
1.03669043E-02   6808.1 3.258E+00 5.063E+11 1.188E-01 1.966E+00 2.000E+05 0.000E+00 0.000E+00
1.41740644E-02   6821.2 4.454E+00 6.193E+11 1.153E-01 1.978E+00 2.000E+05 0.000E+00 0.000E+00
1.93662270E-02   6837.0 6.086E+00 7.583E+11 1.135E-01 2.008E+00 2.000E+05 0.000E+00 0.000E+00
2.63384196E-02   6856.1 8.277E+00 9.282E+11 1.137E-01 2.059E+00 2.000E+05 0.000E+00 0.000E+00
3.55313767E-02   6879.3 1.116E+01 1.136E+12 1.160E-01 2.135E+00 2.000E+05 0.000E+00 0.000E+00
4.74135921E-02   6906.8 1.490E+01 1.389E+12 1.208E-01 2.236E+00 2.000E+05 0.000E+00 0.000E+00
6.25190660E-02   6936.7 1.964E+01 1.691E+12 1.276E-01 2.363E+00 2.000E+05 0.000E+00 0.000E+00
8.14303935E-02   6970.1 2.557E+01 2.054E+12 1.370E-01 2.525E+00 2.000E+05 0.000E+00 0.000E+00
1.04740869E-01   7007.4 3.288E+01 2.489E+12 1.493E-01 2.729E+00 2.000E+05 0.000E+00 0.000E+00
1.32959438E-01   7051.8 4.172E+01 3.025E+12 1.662E-01 2.998E+00 2.000E+05 0.000E+00 0.000E+00
1.66462655E-01   7102.9 5.221E+01 3.681E+12 1.883E-01 3.343E+00 2.000E+05 0.000E+00 0.000E+00
2.05471359E-01   7163.3 6.441E+01 4.499E+12 2.180E-01 3.795E+00 2.000E+05 0.000E+00 0.000E+00
2.49903694E-01   7234.1 7.828E+01 5.528E+12 2.580E-01 4.398E+00 2.000E+05 0.000E+00 0.000E+00
2.99325301E-01   7317.7 9.367E+01 6.842E+12 3.134E-01 5.221E+00 2.000E+05 0.000E+00 0.000E+00
3.52798495E-01   7417.7 1.103E+02 8.553E+12 3.920E-01 6.372E+00 2.000E+05 0.000E+00 0.000E+00
4.08928471E-01   7535.8 1.276E+02 1.080E+13 5.057E-01 8.007E+00 2.000E+05 0.000E+00 0.000E+00
4.66031637E-01   7675.4 1.452E+02 1.377E+13 6.734E-01 1.034E+01 2.000E+05 0.000E+00 0.000E+00
5.22319302E-01   7838.9 1.623E+02 1.770E+13 9.252E-01 1.375E+01 2.000E+05 0.000E+00 0.000E+00
5.76119267E-01   8029.1 1.784E+02 2.289E+13 1.310E+00 1.878E+01 2.000E+05 0.000E+00 0.000E+00
6.26222033E-01   8249.8 1.932E+02 2.963E+13 1.893E+00 2.609E+01 2.000E+05 0.000E+00 0.000E+00
6.72214022E-01   8503.4 2.063E+02 3.807E+13 2.754E+00 3.640E+01 2.000E+05 0.000E+00 0.000E+00
7.14551459E-01   8793.2 2.179E+02 4.802E+13 3.944E+00 4.999E+01 2.000E+05 0.000E+00 0.000E+00
7.54938503E-01   9122.2 2.283E+02 5.864E+13 5.344E+00 6.496E+01 2.000E+05 0.000E+00 0.000E+00
7.96638187E-01   9492.9 2.385E+02 6.851E+13 6.602E+00 7.738E+01 2.000E+05 0.000E+00 0.000E+00
8.44469740E-01   9913.2 2.498E+02 7.642E+13 7.213E+00 8.215E+01 2.000E+05 0.000E+00 0.000E+00
9.06944360E-01  10386.5 2.645E+02 8.231E+13 6.956E+00 7.775E+01 2.000E+05 0.000E+00 0.000E+00
9.97494154E-01  10928.3 2.866E+02 8.766E+13 6.143E+00 6.829E+01 2.000E+05 0.000E+00 0.000E+00
1.13769031E+00  11541.7 3.221E+02 9.483E+13 5.198E+00 5.800E+01 2.000E+05 0.000E+00 0.000E+00
1.36018621E+00  12242.2 3.806E+02 1.065E+14 4.364E+00 4.907E+01 2.000E+05 0.000E+00 0.000E+00
1.70952273E+00  13025.9 4.753E+02 1.255E+14 3.757E+00 4.239E+01 2.000E+05 0.000E+00 0.000E+00
2.24018939E+00  13894.0 6.219E+02 1.549E+14 3.363E+00 3.787E+01 2.000E+05 1.730E-18 4.858E+00
3.01149820E+00  14839.7 8.378E+02 1.972E+14 3.153E+00 3.526E+01 2.000E+05 8.799E-15 4.849E+01
4.08811977E+00  15862.6 1.141E+03 2.545E+14 3.053E+00 3.393E+01 2.000E+05 1.171E-14 7.468E+01
5.56524907E+00  16973.9 1.559E+03 3.284E+14 2.973E+00 3.292E+01 2.000E+05 5.263E-15 0.000E+00
7.59112537E+00  18176.3 2.134E+03 4.224E+14 2.887E+00 3.188E+01 2.000E+05 0.000E+00 0.000E+00
1.03671167E+01  19480.2 2.924E+03 5.416E+14 2.819E+00 3.108E+01 2.000E+05 0.000E+00 0.000E+00
1.41333339E+01  20889.9 3.999E+03 6.914E+14 2.789E+00 3.068E+01 2.000E+05 0.000E+00 0.000E+00
1.91721038E+01  22413.4 5.438E+03 8.767E+14 2.799E+00 3.070E+01 2.000E+05 0.000E+00 0.000E+00
2.58146023E+01  24058.0 7.333E+03 1.102E+15 2.852E+00 3.110E+01 2.000E+05 5.194E-17 0.000E+00
3.44422888E+01  25826.7 9.795E+03 1.371E+15 2.946E+00 3.073E+01 2.000E+05 0.000E+00 0.000E+00
RADK 7.8631E+00
EGIN                    ITERATION  15 COMPLETED
