EFF   5000.  GRAVITY 4.00000 LTE 
ITLE SDSC GRID  [-1.5]   VTURB 2.0 KM/S    L/H 1.25                            
OPACITY IFOP 1 1 1 1 1 1 1 1 1 1 1 1 1 0 1 0 0 0 0 0
CONVECTION ON   1.25 TURBULENCE OFF  0.00  0.00  0.00  0.00
BUNDANCE SCALE   0.03162 ABUNDANCE CHANGE 1 0.91100 2 0.08900
ABUNDANCE CHANGE  3 -10.88  4 -10.89  5  -9.44  6  -3.48  7  -3.99  8  -3.11
ABUNDANCE CHANGE  9  -7.48 10  -3.95 11  -5.71 12  -4.46 13  -5.57 14  -4.49
ABUNDANCE CHANGE 15  -6.59 16  -4.83 17  -6.54 18  -5.48 19  -6.82 20  -5.68
ABUNDANCE CHANGE 21  -8.94 22  -7.05 23  -8.04 24  -6.37 25  -6.65 26  -4.37
ABUNDANCE CHANGE 27  -7.12 28  -5.79 29  -7.83 30  -7.44 31  -9.16 32  -8.63
ABUNDANCE CHANGE 33  -9.67 34  -8.69 35  -9.41 36  -8.81 37  -9.44 38  -9.14
ABUNDANCE CHANGE 39  -9.80 40  -9.54 41 -10.62 42 -10.12 43 -20.00 44 -10.20
ABUNDANCE CHANGE 45 -10.92 46 -10.35 47 -11.10 48 -10.18 49 -10.58 50 -10.04
ABUNDANCE CHANGE 51 -11.04 52  -9.80 53 -10.53 54  -9.81 55 -10.92 56  -9.91
ABUNDANCE CHANGE 57 -10.82 58 -10.49 59 -11.33 60 -10.54 61 -20.00 62 -11.04
ABUNDANCE CHANGE 63 -11.53 64 -10.92 65 -11.94 66 -10.94 67 -11.78 68 -11.11
ABUNDANCE CHANGE 69 -12.04 70 -10.96 71 -11.28 72 -11.16 73 -11.91 74 -10.93
ABUNDANCE CHANGE 75 -11.77 76 -10.59 77 -10.69 78 -10.24 79 -11.03 80 -10.95
ABUNDANCE CHANGE 81 -11.14 82 -10.19 83 -11.33 84 -20.00 85 -20.00 86 -20.00
ABUNDANCE CHANGE 87 -20.00 88 -20.00 89 -20.00 90 -11.92 91 -20.00 92 -12.51
ABUNDANCE CHANGE 93 -20.00 94 -20.00 95 -20.00 96 -20.00 97 -20.00 98 -20.00
ABUNDANCE CHANGE 99 -20.00
EAD DECK6 72 RHOX,T,P,XNE,ABROSS,ACCRAD,VTURB
4.96013523E-03   3368.6 4.960E+01 3.232E+08 2.688E-05 2.173E-03 2.000E+05 0.000E+00 0.000E+00
6.49430227E-03   3390.2 6.494E+01 4.161E+08 3.110E-05 2.259E-03 2.000E+05 0.000E+00 0.000E+00
8.26953157E-03   3408.1 8.270E+01 5.212E+08 3.572E-05 2.350E-03 2.000E+05 0.000E+00 0.000E+00
1.03303244E-02   3428.3 1.033E+02 6.431E+08 4.103E-05 2.409E-03 2.000E+05 0.000E+00 0.000E+00
1.27236106E-02   3449.8 1.272E+02 7.848E+08 4.708E-05 2.424E-03 2.000E+05 0.000E+00 0.000E+00
1.55059777E-02   3471.8 1.551E+02 9.490E+08 5.399E-05 2.436E-03 2.000E+05 0.000E+00 0.000E+00
1.87433314E-02   3494.9 1.874E+02 1.140E+09 6.185E-05 2.411E-03 2.000E+05 0.000E+00 0.000E+00
2.25119223E-02   3517.5 2.251E+02 1.362E+09 7.086E-05 2.394E-03 2.000E+05 0.000E+00 0.000E+00
2.68980123E-02   3539.9 2.690E+02 1.619E+09 8.120E-05 2.384E-03 2.000E+05 0.000E+00 0.000E+00
3.20013263E-02   3562.2 3.200E+02 1.916E+09 9.307E-05 2.382E-03 2.000E+05 0.000E+00 0.000E+00
3.79395183E-02   3584.8 3.794E+02 2.262E+09 1.067E-04 2.361E-03 2.000E+05 0.000E+00 0.000E+00
4.48496672E-02   3607.1 4.485E+02 2.662E+09 1.222E-04 2.357E-03 2.000E+05 0.000E+00 0.000E+00
5.28891560E-02   3629.3 5.289E+02 3.125E+09 1.401E-04 2.372E-03 2.000E+05 0.000E+00 0.000E+00
6.22449597E-02   3652.4 6.224E+02 3.665E+09 1.605E-04 2.362E-03 2.000E+05 0.000E+00 0.000E+00
7.31359652E-02   3674.9 7.314E+02 4.289E+09 1.839E-04 2.361E-03 2.000E+05 0.000E+00 0.000E+00
8.58117001E-02   3697.0 8.581E+02 5.010E+09 2.107E-04 2.374E-03 2.000E+05 0.000E+00 0.000E+00
1.00561829E-01   3718.7 1.006E+03 5.844E+09 2.415E-04 2.405E-03 2.000E+05 0.000E+00 0.000E+00
1.17725940E-01   3740.8 1.177E+03 6.812E+09 2.767E-04 2.429E-03 2.000E+05 0.000E+00 0.000E+00
1.37701201E-01   3762.2 1.377E+03 7.930E+09 3.170E-04 2.471E-03 2.000E+05 0.000E+00 0.000E+00
1.60946462E-01   3783.4 1.609E+03 9.222E+09 3.633E-04 2.533E-03 2.000E+05 0.000E+00 0.000E+00
1.87998271E-01   3804.1 1.880E+03 1.071E+10 4.163E-04 2.616E-03 2.000E+05 0.000E+00 0.000E+00
2.19484937E-01   3825.7 2.195E+03 1.245E+10 4.769E-04 2.694E-03 2.000E+05 0.000E+00 0.000E+00
2.56136372E-01   3846.7 2.561E+03 1.445E+10 5.463E-04 2.789E-03 2.000E+05 0.000E+00 0.000E+00
2.98800355E-01   3867.3 2.988E+03 1.676E+10 6.259E-04 2.906E-03 2.000E+05 0.000E+00 0.000E+00
3.48460177E-01   3888.0 3.485E+03 1.944E+10 7.171E-04 3.035E-03 2.000E+05 0.000E+00 0.000E+00
4.06263888E-01   3908.6 4.063E+03 2.253E+10 8.215E-04 3.181E-03 2.000E+05 0.000E+00 0.000E+00
4.73558228E-01   3928.5 4.736E+03 2.609E+10 9.408E-04 3.355E-03 2.000E+05 0.000E+00 0.000E+00
5.51919349E-01   3947.9 5.519E+03 3.019E+10 1.077E-03 3.559E-03 2.000E+05 0.000E+00 0.000E+00
6.43181286E-01   3966.8 6.432E+03 3.491E+10 1.233E-03 3.796E-03 2.000E+05 0.000E+00 0.000E+00
7.49502362E-01   3985.2 7.495E+03 4.034E+10 1.412E-03 4.070E-03 2.000E+05 0.000E+00 0.000E+00
8.73399955E-01   4003.7 8.734E+03 4.662E+10 1.615E-03 4.371E-03 2.000E+05 0.000E+00 0.000E+00
1.01785375E+00   4021.1 1.018E+04 5.381E+10 1.847E-03 4.718E-03 2.000E+05 0.000E+00 0.000E+00
1.18630341E+00   4039.1 1.186E+04 6.214E+10 2.112E-03 5.105E-03 2.000E+05 0.000E+00 0.000E+00
1.38280320E+00   4055.8 1.383E+04 7.166E+10 2.414E-03 5.552E-03 2.000E+05 0.000E+00 0.000E+00
1.61210417E+00   4072.5 1.612E+04 8.263E+10 2.758E-03 6.068E-03 2.000E+05 0.000E+00 0.000E+00
1.87973467E+00   4088.5 1.880E+04 9.519E+10 3.151E-03 6.661E-03 2.000E+05 0.000E+00 0.000E+00
2.19211154E+00   4105.0 2.192E+04 1.097E+11 3.600E-03 7.340E-03 2.000E+05 0.000E+00 0.000E+00
2.55667482E+00   4121.4 2.557E+04 1.264E+11 4.114E-03 8.117E-03 2.000E+05 0.000E+00 0.000E+00
2.98199602E+00   4138.9 2.982E+04 1.458E+11 4.704E-03 9.007E-03 2.000E+05 0.000E+00 0.000E+00
3.47780352E+00   4157.9 3.478E+04 1.683E+11 5.384E-03 1.002E-02 2.000E+05 0.000E+00 0.000E+00
4.05521743E+00   4178.8 4.055E+04 1.947E+11 6.168E-03 1.117E-02 2.000E+05 0.000E+00 0.000E+00
4.72674817E+00   4202.3 4.727E+04 2.257E+11 7.078E-03 1.248E-02 2.000E+05 0.000E+00 0.000E+00
5.50633169E+00   4228.7 5.506E+04 2.623E+11 8.139E-03 1.398E-02 2.000E+05 0.000E+00 0.000E+00
6.40911375E+00   4259.2 6.409E+04 3.061E+11 9.387E-03 1.572E-02 2.000E+05 0.000E+00 0.000E+00
7.45110809E+00   4294.9 7.451E+04 3.590E+11 1.086E-02 1.773E-02 2.000E+05 0.000E+00 0.000E+00
8.64880344E+00   4336.8 8.649E+04 4.237E+11 1.264E-02 2.008E-02 2.000E+05 0.000E+00 0.000E+00
1.00180767E+01   4386.4 1.002E+05 5.043E+11 1.478E-02 2.286E-02 2.000E+05 0.000E+00 0.000E+00
1.15727217E+01   4445.0 1.157E+05 6.071E+11 1.743E-02 2.618E-02 2.000E+05 0.000E+00 0.000E+00
1.33209334E+01   4514.1 1.332E+05 7.426E+11 2.081E-02 3.035E-02 2.000E+05 0.000E+00 0.000E+00
1.52563757E+01   4596.8 1.526E+05 9.320E+11 2.534E-02 3.593E-02 2.000E+05 5.491E-13 0.000E+00
1.73356916E+01   4704.7 1.734E+05 1.236E+12 3.225E-02 4.439E-02 2.000E+05 6.278E-05 0.000E+00
1.93941277E+01   4868.3 1.939E+05 1.882E+12 4.586E-02 5.945E-02 2.000E+05 6.361E-03 0.000E+00
2.13008268E+01   5026.8 2.130E+05 2.924E+12 6.612E-02 7.970E-02 2.000E+05 4.797E-02 0.000E+00
2.30753242E+01   5174.3 2.308E+05 4.463E+12 9.373E-02 1.039E-01 2.000E+05 1.102E-01 0.000E+00
2.47792716E+01   5306.7 2.478E+05 6.533E+12 1.280E-01 1.285E-01 2.000E+05 1.754E-01 6.313E+01
2.64509952E+01   5439.9 2.645E+05 9.504E+12 1.735E-01 1.562E-01 2.000E+05 2.413E-01 7.597E+03
2.81032700E+01   5575.4 2.810E+05 1.376E+13 2.339E-01 1.898E-01 2.000E+05 3.051E-01 3.585E+04
2.97087254E+01   5740.4 2.971E+05 2.108E+13 3.288E-01 2.460E-01 2.000E+05 3.618E-01 7.689E+04
3.11776114E+01   5953.6 3.118E+05 3.520E+13 4.945E-01 3.388E-01 2.000E+05 4.149E-01 1.113E+05
3.24724295E+01   6180.9 3.247E+05 5.860E+13 7.406E-01 4.225E-01 2.000E+05 5.172E-01 1.399E+05
3.36706351E+01   6376.7 3.367E+05 8.871E+13 1.032E+00 4.495E-01 2.000E+05 6.283E-01 1.485E+05
3.48379811E+01   6562.2 3.484E+05 1.287E+14 1.391E+00 4.586E-01 2.000E+05 7.206E-01 1.551E+05
3.60097086E+01   6737.1 3.601E+05 1.797E+14 1.824E+00 4.612E-01 2.000E+05 7.853E-01 1.585E+05
3.72097111E+01   6908.9 3.721E+05 2.458E+14 2.360E+00 4.677E-01 2.000E+05 8.325E-01 1.606E+05
3.84555402E+01   7077.1 3.845E+05 3.295E+14 3.012E+00 4.729E-01 2.000E+05 8.668E-01 1.612E+05
3.97617914E+01   7245.0 3.976E+05 4.363E+14 3.819E+00 4.823E-01 2.000E+05 8.936E-01 1.615E+05
4.11397829E+01   7412.6 4.114E+05 5.709E+14 4.810E+00 4.867E-01 2.000E+05 9.140E-01 1.605E+05
4.26031690E+01   7580.1 4.260E+05 7.390E+14 6.026E+00 4.915E-01 2.000E+05 9.314E-01 1.600E+05
4.41633763E+01   7750.0 4.416E+05 9.503E+14 7.532E+00 4.927E-01 2.000E+05 9.443E-01 1.577E+05
4.58338793E+01   7917.5 4.583E+05 1.207E+15 9.348E+00 4.927E-01 2.000E+05 9.558E-01 1.566E+05
4.76254238E+01   8090.5 4.762E+05 1.531E+15 1.163E+01 4.882E-01 2.000E+05 9.642E-01 1.525E+05
4.95567650E+01   8255.5 4.956E+05 1.907E+15 1.427E+01 5.207E-01 2.000E+05 9.696E-01 1.518E+05
RADK 8.2765E-01
EGIN                    ITERATION  15 COMPLETED
