EFF   6250.  GRAVITY 1.00000 LTE 
ITLE SDSC GRID  [-3.5]   VTURB 2.0 KM/S    L/H 1.25                            
OPACITY IFOP 1 1 1 1 1 1 1 1 1 1 1 1 1 0 1 0 0 0 0 0
CONVECTION ON   1.25 TURBULENCE OFF  0.00  0.00  0.00  0.00
BUNDANCE SCALE  .0003162 ABUNDANCE CHANGE 1 0.91100 2 0.08900
ABUNDANCE CHANGE  3 -10.88  4 -10.89  5  -9.44  6  -3.48  7  -3.99  8  -3.11
ABUNDANCE CHANGE  9  -7.48 10  -3.95 11  -5.71 12  -4.46 13  -5.57 14  -4.49
ABUNDANCE CHANGE 15  -6.59 16  -4.83 17  -6.54 18  -5.48 19  -6.82 20  -5.68
ABUNDANCE CHANGE 21  -8.94 22  -7.05 23  -8.04 24  -6.37 25  -6.65 26  -4.37
ABUNDANCE CHANGE 27  -7.12 28  -5.79 29  -7.83 30  -7.44 31  -9.16 32  -8.63
ABUNDANCE CHANGE 33  -9.67 34  -8.69 35  -9.41 36  -8.81 37  -9.44 38  -9.14
ABUNDANCE CHANGE 39  -9.80 40  -9.54 41 -10.62 42 -10.12 43 -20.00 44 -10.20
ABUNDANCE CHANGE 45 -10.92 46 -10.35 47 -11.10 48 -10.18 49 -10.58 50 -10.04
ABUNDANCE CHANGE 51 -11.04 52  -9.80 53 -10.53 54  -9.81 55 -10.92 56  -9.91
ABUNDANCE CHANGE 57 -10.82 58 -10.49 59 -11.33 60 -10.54 61 -20.00 62 -11.04
ABUNDANCE CHANGE 63 -11.53 64 -10.92 65 -11.94 66 -10.94 67 -11.78 68 -11.11
ABUNDANCE CHANGE 69 -12.04 70 -10.96 71 -11.28 72 -11.16 73 -11.91 74 -10.93
ABUNDANCE CHANGE 75 -11.77 76 -10.59 77 -10.69 78 -10.24 79 -11.03 80 -10.95
ABUNDANCE CHANGE 81 -11.14 82 -10.19 83 -11.33 84 -20.00 85 -20.00 86 -20.00
ABUNDANCE CHANGE 87 -20.00 88 -20.00 89 -20.00 90 -11.92 91 -20.00 92 -12.51
ABUNDANCE CHANGE 93 -20.00 94 -20.00 95 -20.00 96 -20.00 97 -20.00 98 -20.00
ABUNDANCE CHANGE 99 -20.00
EAD DECK6 72 RHOX,T,P,XNE,ABROSS,ACCRAD,VTURB
2.24951887E-05   4357.4 2.245E-04 6.553E+06 5.926E-03 1.871E-02 2.000E+05 0.000E+00 0.000E+00
3.05310716E-05   4358.4 3.047E-04 7.687E+06 5.145E-03 1.648E-02 2.000E+05 0.000E+00 0.000E+00
4.29655985E-05   4359.4 4.289E-04 9.181E+06 4.393E-03 1.434E-02 2.000E+05 0.000E+00 0.000E+00
6.24763930E-05   4360.4 6.242E-04 1.115E+07 3.697E-03 1.237E-02 2.000E+05 0.000E+00 0.000E+00
9.38582074E-05   4361.4 9.382E-04 1.375E+07 3.068E-03 1.060E-02 2.000E+05 0.000E+00 0.000E+00
1.44484163E-04   4362.7 1.445E-03 1.720E+07 2.525E-03 9.069E-03 2.000E+05 0.000E+00 0.000E+00
2.26433294E-04   4365.6 2.267E-03 2.183E+07 2.078E-03 7.820E-03 2.000E+05 0.000E+00 0.000E+00
3.59007221E-04   4369.3 3.599E-03 2.796E+07 1.711E-03 6.801E-03 2.000E+05 0.000E+00 0.000E+00
5.74006942E-04   4374.5 5.750E-03 3.616E+07 1.417E-03 5.988E-03 2.000E+05 0.000E+00 0.000E+00
9.18736140E-04   4381.3 9.199E-03 4.709E+07 1.184E-03 5.347E-03 2.000E+05 0.000E+00 0.000E+00
1.46426583E-03   4391.6 1.465E-02 6.208E+07 1.008E-03 4.865E-03 2.000E+05 0.000E+00 0.000E+00
2.31182834E-03   4404.6 2.313E-02 8.232E+07 8.720E-04 4.496E-03 2.000E+05 0.000E+00 0.000E+00
3.60414908E-03   4421.1 3.605E-02 1.100E+08 7.707E-04 4.222E-03 2.000E+05 0.000E+00 0.000E+00
5.53125684E-03   4441.2 5.531E-02 1.480E+08 6.969E-04 4.021E-03 2.000E+05 0.000E+00 0.000E+00
8.33710349E-03   4465.6 8.335E-02 2.004E+08 6.460E-04 3.879E-03 2.000E+05 0.000E+00 0.000E+00
1.23241978E-02   4493.9 1.232E-01 2.727E+08 6.128E-04 3.782E-03 2.000E+05 0.000E+00 0.000E+00
1.78699419E-02   4525.0 1.786E-01 3.712E+08 5.929E-04 3.718E-03 2.000E+05 0.000E+00 0.000E+00
2.54505449E-02   4558.2 2.544E-01 5.038E+08 5.825E-04 3.677E-03 2.000E+05 0.000E+00 0.000E+00
3.56705630E-02   4592.6 3.565E-01 6.803E+08 5.793E-04 3.652E-03 2.000E+05 0.000E+00 0.000E+00
4.93170998E-02   4627.0 4.929E-01 9.106E+08 5.803E-04 3.637E-03 2.000E+05 0.000E+00 0.000E+00
6.74523828E-02   4660.2 6.741E-01 1.205E+09 5.831E-04 3.629E-03 2.000E+05 0.000E+00 0.000E+00
9.15054062E-02   4691.9 9.145E-01 1.576E+09 5.866E-04 3.626E-03 2.000E+05 0.000E+00 0.000E+00
1.23360673E-01   4721.8 1.233E+00 2.038E+09 5.911E-04 3.630E-03 2.000E+05 0.000E+00 0.000E+00
1.65451780E-01   4750.3 1.654E+00 2.614E+09 5.977E-04 3.644E-03 2.000E+05 0.000E+00 0.000E+00
2.20757303E-01   4778.7 2.206E+00 3.337E+09 6.092E-04 3.676E-03 2.000E+05 0.000E+00 0.000E+00
2.92632332E-01   4808.2 2.925E+00 4.259E+09 6.293E-04 3.732E-03 2.000E+05 0.000E+00 0.000E+00
3.84615783E-01   4839.8 3.844E+00 5.444E+09 6.610E-04 3.817E-03 2.000E+05 0.000E+00 0.000E+00
5.00431078E-01   4873.2 5.002E+00 6.955E+09 7.052E-04 3.932E-03 2.000E+05 0.000E+00 0.000E+00
6.44161782E-01   4907.7 6.439E+00 8.857E+09 7.624E-04 4.076E-03 2.000E+05 0.000E+00 0.000E+00
8.20537119E-01   4942.5 8.202E+00 1.121E+10 8.324E-04 4.245E-03 2.000E+05 0.000E+00 0.000E+00
1.03533622E+00   4976.0 1.035E+01 1.405E+10 9.127E-04 4.431E-03 2.000E+05 0.000E+00 0.000E+00
1.29687466E+00   5005.5 1.296E+01 1.729E+10 9.974E-04 4.621E-03 2.000E+05 0.000E+00 0.000E+00
1.61741464E+00   5029.2 1.617E+01 2.082E+10 1.080E-03 4.809E-03 2.000E+05 0.000E+00 0.000E+00
2.01442954E+00   5046.3 2.013E+01 2.452E+10 1.157E-03 4.993E-03 2.000E+05 0.000E+00 0.000E+00
2.50987541E+00   5059.1 2.509E+01 2.850E+10 1.235E-03 5.192E-03 2.000E+05 0.000E+00 0.000E+00
3.12881854E+00   5069.7 3.127E+01 3.290E+10 1.320E-03 5.421E-03 2.000E+05 0.000E+00 0.000E+00
3.89827512E+00   5080.5 3.896E+01 3.798E+10 1.421E-03 5.699E-03 2.000E+05 0.000E+00 0.000E+00
4.84776090E+00   5092.0 4.845E+01 4.389E+10 1.541E-03 6.033E-03 2.000E+05 0.000E+00 0.000E+00
6.00919512E+00   5105.2 6.006E+01 5.090E+10 1.688E-03 6.440E-03 2.000E+05 0.000E+00 0.000E+00
7.41794382E+00   5120.0 7.414E+01 5.917E+10 1.863E-03 6.927E-03 2.000E+05 0.000E+00 0.000E+00
9.11198004E+00   5137.3 9.107E+01 6.914E+10 2.075E-03 7.521E-03 2.000E+05 0.000E+00 0.000E+00
1.11294910E+01   5157.9 1.112E+02 8.132E+10 2.335E-03 8.250E-03 2.000E+05 0.000E+00 0.000E+00
1.35080963E+01   5182.4 1.350E+02 9.641E+10 2.655E-03 9.152E-03 2.000E+05 0.000E+00 0.000E+00
1.62780928E+01   5212.6 1.627E+02 1.158E+11 3.062E-03 1.030E-02 2.000E+05 0.000E+00 0.000E+00
1.94625337E+01   5248.1 1.945E+02 1.405E+11 3.573E-03 1.175E-02 2.000E+05 0.000E+00 0.000E+00
2.30636099E+01   5293.4 2.304E+02 1.743E+11 4.259E-03 1.371E-02 2.000E+05 0.000E+00 0.000E+00
2.70576210E+01   5347.8 2.703E+02 2.203E+11 5.170E-03 1.632E-02 2.000E+05 0.000E+00 0.000E+00
3.13682763E+01   5420.6 3.133E+02 2.905E+11 6.526E-03 2.021E-02 2.000E+05 0.000E+00 0.000E+00
3.58093659E+01   5520.5 3.575E+02 4.060E+11 8.697E-03 2.645E-02 2.000E+05 5.347E-16 0.000E+00
4.01304786E+01   5653.0 4.005E+02 6.037E+11 1.231E-02 3.676E-02 2.000E+05 3.315E-12 0.000E+00
4.38808310E+01   5842.4 4.379E+02 9.931E+11 1.930E-02 5.626E-02 2.000E+05 3.231E-07 0.000E+00
4.74042512E+01   5953.5 4.731E+02 1.336E+12 2.534E-02 7.146E-02 2.000E+05 4.331E-02 0.000E+00
5.10489703E+01   6060.8 5.092E+02 1.762E+12 3.281E-02 8.957E-02 2.000E+05 9.442E-02 0.000E+00
5.47147986E+01   6195.6 5.456E+02 2.434E+12 4.473E-02 1.189E-01 2.000E+05 9.648E-02 5.111E+01
5.82486268E+01   6352.4 5.804E+02 3.459E+12 6.332E-02 1.663E-01 2.000E+05 9.527E-02 2.345E+02
6.13799975E+01   6578.9 6.110E+02 5.472E+12 1.021E-01 2.721E-01 2.000E+05 9.190E-02 1.036E+03
6.38067778E+01   6873.6 6.344E+02 9.363E+12 1.858E-01 5.083E-01 2.000E+05 8.716E-02 4.807E+03
6.54796289E+01   7232.6 6.499E+02 1.676E+13 3.777E-01 1.062E+00 2.000E+05 8.165E-02 2.661E+04
6.65138375E+01   7659.7 6.585E+02 3.060E+13 8.507E-01 2.471E+00 2.000E+05 7.525E-02 7.127E+04
6.70886793E+01   8169.4 6.620E+02 5.600E+13 2.093E+00 5.777E+00 2.000E+05 7.117E-02 3.084E+05
6.74196555E+01   8635.9 6.629E+02 8.755E+13 4.289E+00 8.397E+00 2.000E+05 3.247E-01 8.705E+05
6.76907032E+01   8904.1 6.635E+02 1.081E+14 6.082E+00 7.605E+00 2.000E+05 5.768E-01 1.104E+06
6.79552829E+01   9165.1 6.642E+02 1.284E+14 8.118E+00 6.609E+00 2.000E+05 6.933E-01 1.167E+06
6.82382609E+01   9339.0 6.653E+02 1.415E+14 9.553E+00 6.233E+00 2.000E+05 7.770E-01 1.270E+06
6.85530879E+01   9616.2 6.664E+02 1.604E+14 1.164E+01 6.433E+00 2.000E+05 8.081E-01 1.321E+06
6.89167314E+01   9803.4 6.677E+02 1.712E+14 1.280E+01 6.436E+00 2.000E+05 8.206E-01 1.354E+06
6.93569034E+01  10175.0 6.689E+02 1.868E+14 1.411E+01 8.514E+00 2.000E+05 8.060E-01 1.489E+06
6.99149841E+01  10580.4 6.676E+02 1.949E+14 1.386E+01 1.611E+01 2.000E+05 6.463E-01 1.526E+06
7.09123169E+01  12226.1 6.603E+02 1.839E+14 7.256E+00 1.769E+01 2.000E+05 2.916E-02 2.305E+05
7.37006263E+01  13826.4 6.506E+02 1.626E+14 3.377E+00 9.175E+00 2.000E+05 2.862E-02 5.211E+04
8.09426295E+01  15549.5 6.712E+02 1.530E+14 2.026E+00 5.693E+00 2.000E+05 3.976E-02 2.131E+04
9.50841300E+01  17136.9 7.428E+02 1.560E+14 1.510E+00 4.194E+00 2.000E+05 3.361E-08 8.776E+03
RADK 2.0339E+00
EGIN                    ITERATION  15 COMPLETED
