TEFF  14000.  GRAVITY 4.00000 LTE 
TITLE SDSC GRID  [+0.3]   VTURB 2.0 KM/S                                        
 OPACITY IFOP 1 1 1 1 1 1 1 1 1 1 1 1 1 0 1 0 0 0 0 0
 CONVECTION OFF  1.00 TURBULENCE OFF  0.00  0.00  0.00  0.00
ABUNDANCE SCALE   1.99530 ABUNDANCE CHANGE 1 0.91100 2 0.08900
 ABUNDANCE CHANGE  3 -10.88  4 -10.89  5  -9.44  6  -3.48  7  -3.99  8  -3.11
 ABUNDANCE CHANGE  9  -7.48 10  -3.95 11  -5.71 12  -4.46 13  -5.57 14  -4.49
 ABUNDANCE CHANGE 15  -6.59 16  -4.83 17  -6.54 18  -5.48 19  -6.82 20  -5.68
 ABUNDANCE CHANGE 21  -8.94 22  -7.05 23  -8.04 24  -6.37 25  -6.65 26  -4.37
 ABUNDANCE CHANGE 27  -7.12 28  -5.79 29  -7.83 30  -7.44 31  -9.16 32  -8.63
 ABUNDANCE CHANGE 33  -9.67 34  -8.69 35  -9.41 36  -8.81 37  -9.44 38  -9.14
 ABUNDANCE CHANGE 39  -9.80 40  -9.54 41 -10.62 42 -10.12 43 -20.00 44 -10.20
 ABUNDANCE CHANGE 45 -10.92 46 -10.35 47 -11.10 48 -10.18 49 -10.58 50 -10.04
 ABUNDANCE CHANGE 51 -11.04 52  -9.80 53 -10.53 54  -9.81 55 -10.92 56  -9.91
 ABUNDANCE CHANGE 57 -10.82 58 -10.49 59 -11.33 60 -10.54 61 -20.00 62 -11.04
 ABUNDANCE CHANGE 63 -11.53 64 -10.92 65 -11.94 66 -10.94 67 -11.78 68 -11.11
 ABUNDANCE CHANGE 69 -12.04 70 -10.96 71 -11.28 72 -11.16 73 -11.91 74 -10.93
 ABUNDANCE CHANGE 75 -11.77 76 -10.59 77 -10.69 78 -10.24 79 -11.03 80 -10.95
 ABUNDANCE CHANGE 81 -11.14 82 -10.19 83 -11.33 84 -20.00 85 -20.00 86 -20.00
 ABUNDANCE CHANGE 87 -20.00 88 -20.00 89 -20.00 90 -11.92 91 -20.00 92 -12.51
 ABUNDANCE CHANGE 93 -20.00 94 -20.00 95 -20.00 96 -20.00 97 -20.00 98 -20.00
 ABUNDANCE CHANGE 99 -20.00
READ DECK6 64 RHOX,T,P,XNE,ABROSS,ACCRAD,VTURB
 5.51368852E-06   7642.0 5.363E-02 2.407E+10 3.247E-01 2.724E+02 2.000E+05
 5.53293519E-06   7946.2 5.382E-02 2.333E+10 3.247E-01 2.455E+02 2.000E+05
 7.28793371E-06   7995.4 7.093E-02 3.054E+10 3.302E-01 2.601E+02 2.000E+05
 9.65970616E-06   8065.2 9.402E-02 4.011E+10 3.367E-01 2.716E+02 2.000E+05
 1.27577842E-05   8137.5 1.241E-01 5.248E+10 3.439E-01 2.759E+02 2.000E+05
 1.68007415E-05   8215.4 1.635E-01 6.843E+10 3.517E-01 2.682E+02 2.000E+05
 2.20641519E-05   8296.2 2.147E-01 8.897E+10 3.608E-01 2.627E+02 2.000E+05
 2.88912834E-05   8379.2 2.812E-01 1.153E+11 3.716E-01 2.600E+02 2.000E+05
 3.77159409E-05   8464.6 3.672E-01 1.490E+11 3.840E-01 2.549E+02 2.000E+05
 4.90836494E-05   8551.3 4.780E-01 1.920E+11 3.983E-01 2.505E+02 2.000E+05
 6.36600752E-05   8639.6 6.201E-01 2.465E+11 4.152E-01 2.515E+02 2.000E+05
 8.22601431E-05   8731.6 8.014E-01 3.151E+11 4.348E-01 2.538E+02 2.000E+05
 1.05917885E-04   8827.7 1.032E+00 4.013E+11 4.563E-01 2.466E+02 2.000E+05
 1.35929781E-04   8924.5 1.325E+00 5.095E+11 4.805E-01 2.350E+02 2.000E+05
 1.73827512E-04   9020.3 1.695E+00 6.447E+11 5.089E-01 2.288E+02 2.000E+05
 2.21413160E-04   9117.3 2.160E+00 8.127E+11 5.418E-01 2.264E+02 2.000E+05
 2.80851182E-04   9216.5 2.741E+00 1.020E+12 5.798E-01 2.272E+02 2.000E+05
 3.54751771E-04   9318.7 3.463E+00 1.274E+12 6.230E-01 2.282E+02 2.000E+05
 4.46429590E-04   9424.1 4.359E+00 1.586E+12 6.701E-01 2.197E+02 2.000E+05
 5.59772659E-04   9525.8 5.468E+00 1.968E+12 7.248E-01 2.145E+02 2.000E+05
 6.99124589E-04   9624.4 6.832E+00 2.433E+12 7.881E-01 2.130E+02 2.000E+05
 8.69591906E-04   9721.4 8.500E+00 2.996E+12 8.611E-01 2.150E+02 2.000E+05
 1.07723783E-03   9817.7 1.053E+01 3.674E+12 9.444E-01 2.186E+02 2.000E+05
 1.32940793E-03   9914.6 1.300E+01 4.489E+12 1.038E+00 2.212E+02 2.000E+05
 1.63457198E-03  10009.8 1.598E+01 5.465E+12 1.146E+00 2.268E+02 2.000E+05
 2.00296799E-03  10105.4 1.958E+01 6.631E+12 1.267E+00 2.299E+02 2.000E+05
 2.44664153E-03  10197.8 2.391E+01 8.023E+12 1.405E+00 2.358E+02 2.000E+05
 2.97916556E-03  10288.3 2.911E+01 9.676E+12 1.563E+00 2.441E+02 2.000E+05
 3.61709925E-03  10378.1 3.533E+01 1.164E+13 1.741E+00 2.528E+02 2.000E+05
 4.38009691E-03  10466.2 4.277E+01 1.396E+13 1.944E+00 2.633E+02 2.000E+05
 5.29059114E-03  10552.8 5.162E+01 1.671E+13 2.174E+00 2.774E+02 2.000E+05
 6.37493737E-03  10639.7 6.216E+01 1.994E+13 2.436E+00 2.950E+02 2.000E+05
 7.66499946E-03  10728.9 7.466E+01 2.374E+13 2.732E+00 3.161E+02 2.000E+05
 9.19943323E-03  10822.4 8.950E+01 2.821E+13 3.062E+00 3.410E+02 2.000E+05
 1.10267442E-02  10924.2 1.071E+02 3.344E+13 3.424E+00 3.681E+02 2.000E+05
 1.32089889E-02  11037.4 1.281E+02 3.957E+13 3.818E+00 3.966E+02 2.000E+05
 1.58228765E-02  11165.1 1.532E+02 4.678E+13 4.244E+00 4.281E+02 2.000E+05
 1.89692797E-02  11310.2 1.832E+02 5.526E+13 4.685E+00 4.579E+02 2.000E+05
 2.27846384E-02  11475.2 2.196E+02 6.531E+13 5.133E+00 4.863E+02 2.000E+05
 2.74465703E-02  11667.1 2.639E+02 7.725E+13 5.580E+00 5.141E+02 2.000E+05
 3.31931655E-02  11892.2 3.183E+02 9.153E+13 6.007E+00 5.399E+02 2.000E+05
 4.03563548E-02  12157.9 3.860E+02 1.087E+14 6.389E+00 5.605E+02 2.000E+05
 4.93868675E-02  12470.4 4.712E+02 1.295E+14 6.723E+00 5.784E+02 2.000E+05
 6.09068154E-02  12837.3 5.796E+02 1.551E+14 6.983E+00 5.905E+02 2.000E+05
 7.58173170E-02  13266.2 7.199E+02 1.867E+14 7.141E+00 5.946E+02 2.000E+05
 9.54167100E-02  13765.0 9.042E+02 2.266E+14 7.201E+00 5.913E+02 2.000E+05
 1.21414977E-01  14343.6 1.149E+03 2.773E+14 7.227E+00 5.859E+02 2.000E+05
 1.55922226E-01  15008.1 1.474E+03 3.419E+14 7.269E+00 5.822E+02 2.000E+05
 2.01845342E-01  15759.2 1.907E+03 4.247E+14 7.257E+00 5.719E+02 2.000E+05
 2.62758008E-01  16601.1 2.481E+03 5.296E+14 7.347E+00 5.706E+02 2.000E+05
 3.43594481E-01  17537.6 3.244E+03 6.609E+14 7.327E+00 5.607E+02 2.000E+05
 4.51065094E-01  18573.0 4.258E+03 8.239E+14 7.391E+00 5.579E+02 2.000E+05
 5.93515764E-01  19710.1 5.603E+03 1.025E+15 7.417E+00 5.545E+02 2.000E+05
 7.82715884E-01  20958.7 7.391E+03 1.273E+15 7.451E+00 5.513E+02 2.000E+05
 1.03271145E+00  22327.5 9.752E+03 1.578E+15 7.553E+00 5.583E+02 2.000E+05
 1.36264068E+00  23821.1 1.287E+04 1.953E+15 7.608E+00 5.549E+02 2.000E+05
 1.79626891E+00  25444.7 1.696E+04 2.411E+15 7.777E+00 5.655E+02 2.000E+05
 2.36001262E+00  27208.4 2.228E+04 2.961E+15 8.004E+00 5.776E+02 2.000E+05
 3.08426399E+00  29125.6 2.909E+04 3.613E+15 8.388E+00 6.042E+02 2.000E+05
 3.99593651E+00  31203.6 3.764E+04 4.364E+15 8.982E+00 6.449E+02 2.000E+05
 5.11491153E+00  33459.6 4.807E+04 5.202E+15 9.869E+00 7.071E+02 2.000E+05
 6.47304466E+00  35892.9 6.065E+04 6.129E+15 1.083E+01 7.766E+02 2.000E+05
 8.12395153E+00  38543.2 7.581E+04 7.169E+15 1.186E+01 8.482E+02 2.000E+05
 1.01578815E+01  41392.1 9.444E+04 8.389E+15 1.273E+01 8.361E+02 2.000E+05
PRADK 6.8884E+01
BEGIN                    ITERATION   6 COMPLETED
