EFF   5250.  GRAVITY 2.00000 LTE 
ITLE SDSC GRID  [-0.5]   VTURB 2.0 KM/S    L/H 1.25                            
OPACITY IFOP 1 1 1 1 1 1 1 1 1 1 1 1 1 0 1 0 0 0 0 0
CONVECTION ON   1.25 TURBULENCE OFF  0.00  0.00  0.00  0.00
BUNDANCE SCALE   0.31620 ABUNDANCE CHANGE 1 0.91100 2 0.08900
ABUNDANCE CHANGE  3 -10.88  4 -10.89  5  -9.44  6  -3.48  7  -3.99  8  -3.11
ABUNDANCE CHANGE  9  -7.48 10  -3.95 11  -5.71 12  -4.46 13  -5.57 14  -4.49
ABUNDANCE CHANGE 15  -6.59 16  -4.83 17  -6.54 18  -5.48 19  -6.82 20  -5.68
ABUNDANCE CHANGE 21  -8.94 22  -7.05 23  -8.04 24  -6.37 25  -6.65 26  -4.37
ABUNDANCE CHANGE 27  -7.12 28  -5.79 29  -7.83 30  -7.44 31  -9.16 32  -8.63
ABUNDANCE CHANGE 33  -9.67 34  -8.69 35  -9.41 36  -8.81 37  -9.44 38  -9.14
ABUNDANCE CHANGE 39  -9.80 40  -9.54 41 -10.62 42 -10.12 43 -20.00 44 -10.20
ABUNDANCE CHANGE 45 -10.92 46 -10.35 47 -11.10 48 -10.18 49 -10.58 50 -10.04
ABUNDANCE CHANGE 51 -11.04 52  -9.80 53 -10.53 54  -9.81 55 -10.92 56  -9.91
ABUNDANCE CHANGE 57 -10.82 58 -10.49 59 -11.33 60 -10.54 61 -20.00 62 -11.04
ABUNDANCE CHANGE 63 -11.53 64 -10.92 65 -11.94 66 -10.94 67 -11.78 68 -11.11
ABUNDANCE CHANGE 69 -12.04 70 -10.96 71 -11.28 72 -11.16 73 -11.91 74 -10.93
ABUNDANCE CHANGE 75 -11.77 76 -10.59 77 -10.69 78 -10.24 79 -11.03 80 -10.95
ABUNDANCE CHANGE 81 -11.14 82 -10.19 83 -11.33 84 -20.00 85 -20.00 86 -20.00
ABUNDANCE CHANGE 87 -20.00 88 -20.00 89 -20.00 90 -11.92 91 -20.00 92 -12.51
ABUNDANCE CHANGE 93 -20.00 94 -20.00 95 -20.00 96 -20.00 97 -20.00 98 -20.00
ABUNDANCE CHANGE 99 -20.00
EAD DECK6 72 RHOX,T,P,XNE,ABROSS,ACCRAD,VTURB
4.16511589E-03   3111.3 4.165E-01 2.931E+07 3.202E-05 6.077E-03 2.000E+05 0.000E+00 0.000E+00
5.52464739E-03   3142.4 5.524E-01 3.866E+07 3.341E-05 6.216E-03 2.000E+05 0.000E+00 0.000E+00
7.25486212E-03   3178.2 7.254E-01 5.074E+07 3.515E-05 6.125E-03 2.000E+05 0.000E+00 0.000E+00
9.44174786E-03   3217.2 9.441E-01 6.616E+07 3.719E-05 5.848E-03 2.000E+05 0.000E+00 0.000E+00
1.21914500E-02   3256.2 1.219E+00 8.553E+07 3.949E-05 5.567E-03 2.000E+05 0.000E+00 0.000E+00
1.56366499E-02   3295.0 1.564E+00 1.097E+08 4.212E-05 5.376E-03 2.000E+05 0.000E+00 0.000E+00
1.99354460E-02   3337.4 1.993E+00 1.401E+08 4.509E-05 5.030E-03 2.000E+05 0.000E+00 0.000E+00
2.52851348E-02   3378.0 2.528E+00 1.777E+08 4.836E-05 4.686E-03 2.000E+05 0.000E+00 0.000E+00
3.19226570E-02   3415.2 3.192E+00 2.237E+08 5.208E-05 4.484E-03 2.000E+05 0.000E+00 0.000E+00
4.01228407E-02   3452.8 4.012E+00 2.803E+08 5.633E-05 4.295E-03 2.000E+05 0.000E+00 0.000E+00
5.02223348E-02   3492.0 5.022E+00 3.499E+08 6.105E-05 4.041E-03 2.000E+05 0.000E+00 0.000E+00
6.26316362E-02   3529.0 6.263E+00 4.346E+08 6.636E-05 3.803E-03 2.000E+05 0.000E+00 0.000E+00
7.78128044E-02   3562.9 7.781E+00 5.372E+08 7.254E-05 3.649E-03 2.000E+05 0.000E+00 0.000E+00
9.62783877E-02   3594.9 9.627E+00 6.608E+08 7.974E-05 3.560E-03 2.000E+05 0.000E+00 0.000E+00
1.18629553E-01   3627.3 1.186E+01 8.097E+08 8.799E-05 3.493E-03 2.000E+05 0.000E+00 0.000E+00
1.45636219E-01   3662.0 1.456E+01 9.891E+08 9.715E-05 3.370E-03 2.000E+05 0.000E+00 0.000E+00
1.78183914E-01   3694.2 1.782E+01 1.203E+09 1.077E-04 3.277E-03 2.000E+05 0.000E+00 0.000E+00
2.17220394E-01   3725.7 2.172E+01 1.459E+09 1.201E-04 3.213E-03 2.000E+05 0.000E+00 0.000E+00
2.63822602E-01   3756.5 2.638E+01 1.762E+09 1.344E-04 3.163E-03 2.000E+05 0.000E+00 0.000E+00
3.19223625E-01   3786.7 3.192E+01 2.120E+09 1.510E-04 3.134E-03 2.000E+05 0.000E+00 0.000E+00
3.84972675E-01   3818.2 3.850E+01 2.544E+09 1.697E-04 3.096E-03 2.000E+05 0.000E+00 0.000E+00
4.62959408E-01   3849.2 4.629E+01 3.044E+09 1.909E-04 3.058E-03 2.000E+05 0.000E+00 0.000E+00
5.55228830E-01   3879.7 5.552E+01 3.632E+09 2.155E-04 3.030E-03 2.000E+05 0.000E+00 0.000E+00
6.64082217E-01   3909.7 6.641E+01 4.323E+09 2.439E-04 3.013E-03 2.000E+05 0.000E+00 0.000E+00
7.92188569E-01   3939.2 7.922E+01 5.132E+09 2.767E-04 3.005E-03 2.000E+05 0.000E+00 0.000E+00
9.42632076E-01   3968.3 9.426E+01 6.079E+09 3.144E-04 3.009E-03 2.000E+05 0.000E+00 0.000E+00
1.11915915E+00   3997.0 1.119E+02 7.185E+09 3.573E-04 3.033E-03 2.000E+05 0.000E+00 0.000E+00
1.32628742E+00   4025.5 1.326E+02 8.479E+09 4.062E-04 3.072E-03 2.000E+05 0.000E+00 0.000E+00
1.56907862E+00   4053.8 1.569E+02 9.990E+09 4.624E-04 3.121E-03 2.000E+05 0.000E+00 0.000E+00
1.85329263E+00   4081.8 1.853E+02 1.175E+10 5.271E-04 3.182E-03 2.000E+05 0.000E+00 0.000E+00
2.18563543E+00   4109.3 2.186E+02 1.381E+10 6.014E-04 3.258E-03 2.000E+05 0.000E+00 0.000E+00
2.57390808E+00   4136.5 2.574E+02 1.620E+10 6.867E-04 3.352E-03 2.000E+05 0.000E+00 0.000E+00
3.02717432E+00   4163.1 3.027E+02 1.898E+10 7.846E-04 3.466E-03 2.000E+05 0.000E+00 0.000E+00
3.55619787E+00   4189.4 3.556E+02 2.221E+10 8.964E-04 3.619E-03 2.000E+05 0.000E+00 0.000E+00
4.17359345E+00   4215.7 4.173E+02 2.598E+10 1.024E-03 3.801E-03 2.000E+05 0.000E+00 0.000E+00
4.89380888E+00   4242.0 4.894E+02 3.036E+10 1.171E-03 4.008E-03 2.000E+05 0.000E+00 0.000E+00
5.73359946E+00   4268.3 5.733E+02 3.545E+10 1.340E-03 4.245E-03 2.000E+05 0.000E+00 0.000E+00
6.71246561E+00   4294.9 6.712E+02 4.139E+10 1.533E-03 4.518E-03 2.000E+05 0.000E+00 0.000E+00
7.85306940E+00   4321.8 7.853E+02 4.829E+10 1.755E-03 4.832E-03 2.000E+05 0.000E+00 0.000E+00
9.18172946E+00   4349.4 9.181E+02 5.635E+10 2.009E-03 5.193E-03 2.000E+05 0.000E+00 0.000E+00
1.07287656E+01   4378.1 1.073E+03 6.575E+10 2.302E-03 5.619E-03 2.000E+05 0.000E+00 0.000E+00
1.25289236E+01   4408.5 1.253E+03 7.678E+10 2.639E-03 6.122E-03 2.000E+05 0.000E+00 0.000E+00
1.46221335E+01   4441.6 1.462E+03 8.977E+10 3.028E-03 6.692E-03 2.000E+05 0.000E+00 0.000E+00
1.70539868E+01   4477.6 1.705E+03 1.052E+11 3.477E-03 7.344E-03 2.000E+05 0.000E+00 0.000E+00
1.98752883E+01   4517.7 1.987E+03 1.236E+11 4.000E-03 8.093E-03 2.000E+05 0.000E+00 0.000E+00
2.31416260E+01   4562.8 2.314E+03 1.458E+11 4.614E-03 8.959E-03 2.000E+05 0.000E+00 0.000E+00
2.69071736E+01   4614.9 2.691E+03 1.734E+11 5.354E-03 1.002E-02 2.000E+05 0.000E+00 0.000E+00
3.12194645E+01   4675.1 3.122E+03 2.084E+11 6.258E-03 1.130E-02 2.000E+05 0.000E+00 0.000E+00
3.61112224E+01   4745.5 3.611E+03 2.547E+11 7.405E-03 1.292E-02 2.000E+05 0.000E+00 0.000E+00
4.15704829E+01   4828.4 4.157E+03 3.193E+11 8.946E-03 1.514E-02 2.000E+05 0.000E+00 0.000E+00
4.75088051E+01   4927.5 4.750E+03 4.157E+11 1.115E-02 1.836E-02 2.000E+05 2.256E-10 0.000E+00
5.37449683E+01   5047.6 5.374E+03 5.723E+11 1.453E-02 2.364E-02 2.000E+05 4.195E-07 0.000E+00
5.95984161E+01   5257.9 5.958E+03 9.734E+11 2.250E-02 3.477E-02 2.000E+05 3.272E-04 0.000E+00
6.44799081E+01   5465.2 6.447E+03 1.662E+12 3.502E-02 4.807E-02 2.000E+05 5.718E-02 0.000E+00
6.91693853E+01   5572.8 6.916E+03 2.234E+12 4.490E-02 5.530E-02 2.000E+05 1.302E-01 0.000E+00
7.41024086E+01   5678.7 7.409E+03 2.973E+12 5.711E-02 6.612E-02 2.000E+05 1.668E-01 0.000E+00
7.89925529E+01   5854.9 7.897E+03 4.589E+12 8.245E-02 9.340E-02 2.000E+05 1.954E-01 2.844E+03
8.32931343E+01   6086.2 8.327E+03 7.791E+12 1.298E-01 1.427E-01 2.000E+05 2.280E-01 9.980E+03
8.68735335E+01   6345.8 8.684E+03 1.350E+13 2.105E-01 2.196E-01 2.000E+05 2.671E-01 2.648E+04
8.97995765E+01   6626.8 8.976E+03 2.333E+13 3.463E-01 3.434E-01 2.000E+05 3.094E-01 5.996E+04
9.20922600E+01   6957.0 9.204E+03 4.178E+13 6.051E-01 5.518E-01 2.000E+05 3.591E-01 1.114E+05
9.38847521E+01   7272.9 9.382E+03 6.947E+13 1.015E+00 8.801E-01 2.000E+05 4.017E-01 1.610E+05
9.51995377E+01   7686.9 9.512E+03 1.260E+14 1.950E+00 1.531E+00 2.000E+05 4.562E-01 3.834E+05
9.61726545E+01   8006.4 9.608E+03 1.911E+14 3.186E+00 1.426E+00 2.000E+05 6.868E-01 4.330E+05
9.70745522E+01   8191.7 9.697E+03 2.397E+14 4.212E+00 1.186E+00 2.000E+05 7.984E-01 4.401E+05
9.79778233E+01   8388.9 9.786E+03 3.011E+14 5.632E+00 1.111E+00 2.000E+05 8.648E-01 4.464E+05
9.89241569E+01   8529.5 9.880E+03 3.523E+14 6.903E+00 9.533E-01 2.000E+05 9.017E-01 4.402E+05
9.99410942E+01   8689.5 9.981E+03 4.177E+14 8.651E+00 9.206E-01 2.000E+05 9.273E-01 4.432E+05
1.01051520E+02   8819.4 1.009E+04 4.777E+14 1.034E+01 8.115E-01 2.000E+05 9.442E-01 4.348E+05
1.02279554E+02   8964.9 1.021E+04 5.517E+14 1.256E+01 7.863E-01 2.000E+05 9.574E-01 4.380E+05
1.03644795E+02   9096.6 1.035E+04 6.261E+14 1.491E+01 6.961E-01 2.000E+05 9.668E-01 4.230E+05
1.05181756E+02   9229.7 1.050E+04 7.084E+14 1.764E+01 7.284E-01 2.000E+05 9.719E-01 4.330E+05
RADK 1.0081E+00
EGIN                    ITERATION  15 COMPLETED
