EFF   4750.  GRAVITY 0.50000 LTE 
ITLE SDSC GRID  [-2.5]   VTURB 2.0 KM/S    L/H 1.25                            
OPACITY IFOP 1 1 1 1 1 1 1 1 1 1 1 1 1 0 1 0 0 0 0 0
CONVECTION ON   1.25 TURBULENCE OFF  0.00  0.00  0.00  0.00
BUNDANCE SCALE  0.003162 ABUNDANCE CHANGE 1 0.91100 2 0.08900
ABUNDANCE CHANGE  3 -10.88  4 -10.89  5  -9.44  6  -3.48  7  -3.99  8  -3.11
ABUNDANCE CHANGE  9  -7.48 10  -3.95 11  -5.71 12  -4.46 13  -5.57 14  -4.49
ABUNDANCE CHANGE 15  -6.59 16  -4.83 17  -6.54 18  -5.48 19  -6.82 20  -5.68
ABUNDANCE CHANGE 21  -8.94 22  -7.05 23  -8.04 24  -6.37 25  -6.65 26  -4.37
ABUNDANCE CHANGE 27  -7.12 28  -5.79 29  -7.83 30  -7.44 31  -9.16 32  -8.63
ABUNDANCE CHANGE 33  -9.67 34  -8.69 35  -9.41 36  -8.81 37  -9.44 38  -9.14
ABUNDANCE CHANGE 39  -9.80 40  -9.54 41 -10.62 42 -10.12 43 -20.00 44 -10.20
ABUNDANCE CHANGE 45 -10.92 46 -10.35 47 -11.10 48 -10.18 49 -10.58 50 -10.04
ABUNDANCE CHANGE 51 -11.04 52  -9.80 53 -10.53 54  -9.81 55 -10.92 56  -9.91
ABUNDANCE CHANGE 57 -10.82 58 -10.49 59 -11.33 60 -10.54 61 -20.00 62 -11.04
ABUNDANCE CHANGE 63 -11.53 64 -10.92 65 -11.94 66 -10.94 67 -11.78 68 -11.11
ABUNDANCE CHANGE 69 -12.04 70 -10.96 71 -11.28 72 -11.16 73 -11.91 74 -10.93
ABUNDANCE CHANGE 75 -11.77 76 -10.59 77 -10.69 78 -10.24 79 -11.03 80 -10.95
ABUNDANCE CHANGE 81 -11.14 82 -10.19 83 -11.33 84 -20.00 85 -20.00 86 -20.00
ABUNDANCE CHANGE 87 -20.00 88 -20.00 89 -20.00 90 -11.92 91 -20.00 92 -12.51
ABUNDANCE CHANGE 93 -20.00 94 -20.00 95 -20.00 96 -20.00 97 -20.00 98 -20.00
ABUNDANCE CHANGE 99 -20.00
EAD DECK6 72 RHOX,T,P,XNE,ABROSS,ACCRAD,VTURB
1.55102001E-02   3333.1 4.904E-02 3.757E+05 8.597E-06 1.816E-04 2.000E+05 0.000E+00 0.000E+00
2.07855874E-02   3338.8 6.573E-02 4.558E+05 8.264E-06 1.816E-04 2.000E+05 0.000E+00 0.000E+00
2.80781790E-02   3346.4 8.879E-02 5.625E+05 8.001E-06 1.815E-04 2.000E+05 0.000E+00 0.000E+00
3.81003104E-02   3355.1 1.205E-01 7.013E+05 7.784E-06 1.813E-04 2.000E+05 0.000E+00 0.000E+00
5.18227735E-02   3364.6 1.639E-01 8.802E+05 7.603E-06 1.811E-04 2.000E+05 0.000E+00 0.000E+00
7.05239055E-02   3374.6 2.230E-01 1.108E+06 7.452E-06 1.809E-04 2.000E+05 0.000E+00 0.000E+00
9.59329133E-02   3384.7 3.033E-01 1.397E+06 7.325E-06 1.808E-04 2.000E+05 0.000E+00 0.000E+00
1.30375723E-01   3394.7 4.121E-01 1.759E+06 7.216E-06 1.808E-04 2.000E+05 0.000E+00 0.000E+00
1.76916217E-01   3404.4 5.593E-01 2.210E+06 7.127E-06 1.808E-04 2.000E+05 0.000E+00 0.000E+00
2.39657196E-01   3414.0 7.576E-01 2.773E+06 7.062E-06 1.810E-04 2.000E+05 0.000E+00 0.000E+00
3.23875655E-01   3423.8 1.024E+00 3.482E+06 7.033E-06 1.812E-04 2.000E+05 0.000E+00 0.000E+00
4.36326601E-01   3433.9 1.379E+00 4.373E+06 7.044E-06 1.817E-04 2.000E+05 0.000E+00 0.000E+00
5.85376786E-01   3445.3 1.851E+00 5.522E+06 7.118E-06 1.821E-04 2.000E+05 0.000E+00 0.000E+00
7.81051562E-01   3458.4 2.469E+00 7.019E+06 7.266E-06 1.826E-04 2.000E+05 0.000E+00 0.000E+00
1.03519905E+00   3473.7 3.273E+00 8.993E+06 7.500E-06 1.831E-04 2.000E+05 0.000E+00 0.000E+00
1.36154917E+00   3491.4 4.305E+00 1.162E+07 7.833E-06 1.838E-04 2.000E+05 0.000E+00 0.000E+00
1.77569479E+00   3511.9 5.614E+00 1.513E+07 8.277E-06 1.844E-04 2.000E+05 0.000E+00 0.000E+00
2.29544632E+00   3534.7 7.257E+00 1.984E+07 8.839E-06 1.849E-04 2.000E+05 0.000E+00 0.000E+00
2.94119898E+00   3559.4 9.299E+00 2.611E+07 9.530E-06 1.854E-04 2.000E+05 0.000E+00 0.000E+00
3.73633842E+00   3585.8 1.181E+01 3.441E+07 1.036E-05 1.859E-04 2.000E+05 0.000E+00 0.000E+00
4.70785544E+00   3613.2 1.488E+01 4.532E+07 1.135E-05 1.864E-04 2.000E+05 0.000E+00 0.000E+00
5.88705662E+00   3641.0 1.861E+01 5.947E+07 1.250E-05 1.871E-04 2.000E+05 0.000E+00 0.000E+00
7.31069617E+00   3668.7 2.311E+01 7.755E+07 1.384E-05 1.878E-04 2.000E+05 0.000E+00 0.000E+00
9.02145603E+00   3696.1 2.852E+01 1.005E+08 1.539E-05 1.888E-04 2.000E+05 0.000E+00 0.000E+00
1.10692855E+01   3722.7 3.500E+01 1.290E+08 1.717E-05 1.899E-04 2.000E+05 0.000E+00 0.000E+00
1.35137464E+01   3748.2 4.273E+01 1.640E+08 1.920E-05 1.914E-04 2.000E+05 0.000E+00 0.000E+00
1.64258292E+01   3772.4 5.194E+01 2.063E+08 2.151E-05 1.931E-04 2.000E+05 0.000E+00 0.000E+00
1.98904192E+01   3795.3 6.289E+01 2.569E+08 2.412E-05 1.952E-04 2.000E+05 0.000E+00 0.000E+00
2.40088675E+01   3816.7 7.591E+01 3.167E+08 2.707E-05 1.977E-04 2.000E+05 0.000E+00 0.000E+00
2.88995879E+01   3837.0 9.138E+01 3.873E+08 3.042E-05 2.008E-04 2.000E+05 0.000E+00 0.000E+00
3.46998425E+01   3856.3 1.097E+02 4.703E+08 3.423E-05 2.043E-04 2.000E+05 0.000E+00 0.000E+00
4.15694220E+01   3874.8 1.314E+02 5.675E+08 3.856E-05 2.086E-04 2.000E+05 0.000E+00 0.000E+00
4.96926746E+01   3892.7 1.571E+02 6.815E+08 4.352E-05 2.135E-04 2.000E+05 0.000E+00 0.000E+00
5.92833931E+01   3910.0 1.875E+02 8.147E+08 4.919E-05 2.191E-04 2.000E+05 0.000E+00 0.000E+00
7.05902400E+01   3927.0 2.232E+02 9.704E+08 5.569E-05 2.257E-04 2.000E+05 0.000E+00 0.000E+00
8.38985409E+01   3943.6 2.653E+02 1.152E+09 6.315E-05 2.333E-04 2.000E+05 0.000E+00 0.000E+00
9.95298254E+01   3960.4 3.147E+02 1.367E+09 7.179E-05 2.422E-04 2.000E+05 0.000E+00 0.000E+00
1.17830488E+02   3977.6 3.726E+02 1.621E+09 8.191E-05 2.529E-04 2.000E+05 0.000E+00 0.000E+00
1.39170782E+02   3995.7 4.401E+02 1.928E+09 9.391E-05 2.657E-04 2.000E+05 0.000E+00 0.000E+00
1.63913023E+02   4015.2 5.183E+02 2.301E+09 1.084E-04 2.812E-04 2.000E+05 0.000E+00 0.000E+00
1.92404003E+02   4036.5 6.084E+02 2.763E+09 1.260E-04 3.000E-04 2.000E+05 0.000E+00 0.000E+00
2.24948581E+02   4060.3 7.113E+02 3.343E+09 1.477E-04 3.233E-04 2.000E+05 0.000E+00 0.000E+00
2.61767730E+02   4087.0 8.277E+02 4.085E+09 1.750E-04 3.525E-04 2.000E+05 0.000E+00 0.000E+00
3.02964209E+02   4117.4 9.580E+02 5.049E+09 2.098E-04 3.895E-04 2.000E+05 0.000E+00 0.000E+00
3.48411253E+02   4152.8 1.102E+03 6.349E+09 2.558E-04 4.381E-04 2.000E+05 2.204E-14 0.000E+00
3.97687846E+02   4194.1 1.257E+03 8.139E+09 3.175E-04 5.030E-04 2.000E+05 5.547E-13 0.000E+00
4.50090107E+02   4242.7 1.423E+03 1.069E+10 4.029E-04 5.917E-04 2.000E+05 5.756E-13 0.000E+00
5.03809384E+02   4304.2 1.593E+03 1.467E+10 5.313E-04 7.222E-04 2.000E+05 2.084E-11 0.000E+00
5.59284282E+02   4357.6 1.768E+03 1.930E+10 6.749E-04 8.742E-04 2.000E+05 1.655E-08 0.000E+00
6.05479343E+02   4538.8 1.914E+03 4.107E+10 1.294E-03 1.441E-03 2.000E+05 2.601E-05 1.616E+02
6.42256010E+02   4654.5 2.031E+03 6.533E+10 1.922E-03 1.957E-03 2.000E+05 3.096E-02 0.000E+00
6.79410992E+02   4709.7 2.148E+03 8.217E+10 2.336E-03 2.247E-03 2.000E+05 7.696E-02 0.000E+00
7.20447757E+02   4762.5 2.278E+03 1.021E+11 2.810E-03 2.579E-03 2.000E+05 8.951E-02 0.000E+00
7.64489370E+02   4845.6 2.417E+03 1.401E+11 3.669E-03 3.245E-03 2.000E+05 1.053E-01 0.000E+00
8.06825030E+02   4976.4 2.551E+03 2.218E+11 5.390E-03 4.593E-03 2.000E+05 1.248E-01 8.945E+02
8.43976678E+02   5139.2 2.668E+03 3.773E+11 8.395E-03 6.877E-03 2.000E+05 1.483E-01 2.863E+03
8.75394768E+02   5323.0 2.767E+03 6.581E+11 1.336E-02 1.046E-02 2.000E+05 1.771E-01 7.292E+03
9.01454932E+02   5529.3 2.849E+03 1.171E+12 2.172E-02 1.623E-02 2.000E+05 2.112E-01 1.779E+04
9.22497375E+02   5763.5 2.915E+03 2.136E+12 3.639E-02 2.581E-02 2.000E+05 2.509E-01 4.055E+04
9.39089495E+02   6021.4 2.967E+03 3.913E+12 6.214E-02 4.180E-02 2.000E+05 2.948E-01 6.951E+04
9.51798776E+02   6311.8 3.007E+03 7.278E+12 1.100E-01 6.928E-02 2.000E+05 3.431E-01 1.118E+05
9.61343499E+02   6619.5 3.036E+03 1.320E+13 1.961E-01 1.145E-01 2.000E+05 3.936E-01 1.965E+05
9.68305633E+02   6957.5 3.057E+03 2.385E+13 3.619E-01 1.811E-01 2.000E+05 4.614E-01 4.273E+05
9.73553984E+02   7246.4 3.073E+03 3.778E+13 6.028E-01 1.990E-01 2.000E+05 6.622E-01 5.620E+05
9.78146545E+02   7447.9 3.086E+03 5.092E+13 8.555E-01 1.716E-01 2.000E+05 7.973E-01 5.818E+05
9.82615726E+02   7613.3 3.100E+03 6.427E+13 1.137E+00 1.496E-01 2.000E+05 8.627E-01 5.748E+05
9.87235029E+02   7750.1 3.114E+03 7.727E+13 1.433E+00 1.351E-01 2.000E+05 9.024E-01 5.738E+05
9.92127876E+02   7886.0 3.128E+03 9.217E+13 1.799E+00 1.263E-01 2.000E+05 9.278E-01 5.696E+05
9.97412826E+02   8005.7 3.145E+03 1.071E+14 2.193E+00 1.132E-01 2.000E+05 9.455E-01 5.593E+05
1.00319835E+03   8127.6 3.162E+03 1.240E+14 2.675E+00 1.082E-01 2.000E+05 9.588E-01 5.607E+05
1.00954853E+03   8246.5 3.182E+03 1.425E+14 3.233E+00 9.856E-02 2.000E+05 9.680E-01 5.458E+05
1.01660390E+03   8358.8 3.203E+03 1.617E+14 3.856E+00 1.001E-01 2.000E+05 9.731E-01 5.477E+05
RADK 6.7139E-01
EGIN                    ITERATION  15 COMPLETED
