TEFF   4500.  GRAVITY 0.00000 LTE 
TITLE SDSC GRID  [-3.0]   VTURB 2.0 KM/S    L/H 1.25                            
 OPACITY IFOP 1 1 1 1 1 1 1 1 1 1 1 1 1 0 1 0 0 0 0 0
 CONVECTION ON   1.25 TURBULENCE OFF  0.00  0.00  0.00  0.00
ABUNDANCE SCALE   0.00100 ABUNDANCE CHANGE 1 0.91100 2 0.08900
 ABUNDANCE CHANGE  3 -10.88  4 -10.89  5  -9.44  6  -3.48  7  -3.99  8  -3.11
 ABUNDANCE CHANGE  9  -7.48 10  -3.95 11  -5.71 12  -4.46 13  -5.57 14  -4.49
 ABUNDANCE CHANGE 15  -6.59 16  -4.83 17  -6.54 18  -5.48 19  -6.82 20  -5.68
 ABUNDANCE CHANGE 21  -8.94 22  -7.05 23  -8.04 24  -6.37 25  -6.65 26  -4.37
 ABUNDANCE CHANGE 27  -7.12 28  -5.79 29  -7.83 30  -7.44 31  -9.16 32  -8.63
 ABUNDANCE CHANGE 33  -9.67 34  -8.69 35  -9.41 36  -8.81 37  -9.44 38  -9.14
 ABUNDANCE CHANGE 39  -9.80 40  -9.54 41 -10.62 42 -10.12 43 -20.00 44 -10.20
 ABUNDANCE CHANGE 45 -10.92 46 -10.35 47 -11.10 48 -10.18 49 -10.58 50 -10.04
 ABUNDANCE CHANGE 51 -11.04 52  -9.80 53 -10.53 54  -9.81 55 -10.92 56  -9.91
 ABUNDANCE CHANGE 57 -10.82 58 -10.49 59 -11.33 60 -10.54 61 -20.00 62 -11.04
 ABUNDANCE CHANGE 63 -11.53 64 -10.92 65 -11.94 66 -10.94 67 -11.78 68 -11.11
 ABUNDANCE CHANGE 69 -12.04 70 -10.96 71 -11.28 72 -11.16 73 -11.91 74 -10.93
 ABUNDANCE CHANGE 75 -11.77 76 -10.59 77 -10.69 78 -10.24 79 -11.03 80 -10.95
 ABUNDANCE CHANGE 81 -11.14 82 -10.19 83 -11.33 84 -20.00 85 -20.00 86 -20.00
 ABUNDANCE CHANGE 87 -20.00 88 -20.00 89 -20.00 90 -11.92 91 -20.00 92 -12.51
 ABUNDANCE CHANGE 93 -20.00 94 -20.00 95 -20.00 96 -20.00 97 -20.00 98 -20.00
 ABUNDANCE CHANGE 99 -20.00
READ DECK6 72 RHOX,T,P,XNE,ABROSS,ACCRAD,VTURB
 2.64003419E-02   3176.8 2.640E-02 8.381E+04 5.051E-06 9.476E-05 2.000E+05 0.000E+00 0.000E+00
 3.53371847E-02   3183.6 3.533E-02 1.027E+05 4.902E-06 9.470E-05 2.000E+05 0.000E+00 0.000E+00
 4.76164355E-02   3190.4 4.761E-02 1.264E+05 4.758E-06 9.464E-05 2.000E+05 0.000E+00 0.000E+00
 6.44737481E-02   3197.6 6.447E-02 1.564E+05 4.626E-06 9.458E-05 2.000E+05 0.000E+00 0.000E+00
 8.75923374E-02   3205.1 8.758E-02 1.942E+05 4.506E-06 9.454E-05 2.000E+05 0.000E+00 0.000E+00
 1.19200560E-01   3212.8 1.192E-01 2.420E+05 4.400E-06 9.451E-05 2.000E+05 0.000E+00 0.000E+00
 1.62306923E-01   3220.8 1.623E-01 3.022E+05 4.308E-06 9.449E-05 2.000E+05 0.000E+00 0.000E+00
 2.20926997E-01   3228.9 2.209E-01 3.778E+05 4.231E-06 9.448E-05 2.000E+05 0.000E+00 0.000E+00
 3.00396212E-01   3237.1 3.004E-01 4.725E+05 4.168E-06 9.448E-05 2.000E+05 0.000E+00 0.000E+00
 4.07838743E-01   3245.0 4.078E-01 5.897E+05 4.116E-06 9.451E-05 2.000E+05 0.000E+00 0.000E+00
 5.52667606E-01   3252.8 5.526E-01 7.350E+05 4.079E-06 9.456E-05 2.000E+05 0.000E+00 0.000E+00
 7.47134686E-01   3260.7 7.471E-01 9.155E+05 4.059E-06 9.462E-05 2.000E+05 0.000E+00 0.000E+00
 1.00694424E+00   3268.8 1.007E+00 1.142E+06 4.064E-06 9.471E-05 2.000E+05 0.000E+00 0.000E+00
 1.35178214E+00   3277.8 1.352E+00 1.429E+06 4.098E-06 9.482E-05 2.000E+05 0.000E+00 0.000E+00
 1.80561997E+00   3288.4 1.805E+00 1.802E+06 4.171E-06 9.494E-05 2.000E+05 0.000E+00 0.000E+00
 2.39723780E+00   3300.8 2.397E+00 2.290E+06 4.287E-06 9.506E-05 2.000E+05 0.000E+00 0.000E+00
 3.16028022E+00   3315.7 3.160E+00 2.941E+06 4.456E-06 9.519E-05 2.000E+05 0.000E+00 0.000E+00
 4.13467955E+00   3332.7 4.134E+00 3.807E+06 4.674E-06 9.536E-05 2.000E+05 0.000E+00 0.000E+00
 5.36542122E+00   3353.1 5.365E+00 4.999E+06 4.964E-06 9.552E-05 2.000E+05 0.000E+00 0.000E+00
 6.90278993E+00   3376.3 6.902E+00 6.630E+06 5.325E-06 9.568E-05 2.000E+05 0.000E+00 0.000E+00
 8.80503844E+00   3401.8 8.804E+00 8.856E+06 5.762E-06 9.583E-05 2.000E+05 0.000E+00 0.000E+00
 1.11400029E+01   3429.1 1.114E+01 1.188E+07 6.281E-06 9.598E-05 2.000E+05 0.000E+00 0.000E+00
 1.39876772E+01   3457.6 1.399E+01 1.595E+07 6.885E-06 9.616E-05 2.000E+05 0.000E+00 0.000E+00
 1.74459079E+01   3486.1 1.744E+01 2.130E+07 7.571E-06 9.639E-05 2.000E+05 0.000E+00 0.000E+00
 2.16338391E+01   3514.4 2.163E+01 2.827E+07 8.348E-06 9.669E-05 2.000E+05 0.000E+00 0.000E+00
 2.66935935E+01   3542.3 2.669E+01 3.723E+07 9.222E-06 9.705E-05 2.000E+05 0.000E+00 0.000E+00
 3.27972410E+01   3569.1 3.279E+01 4.857E+07 1.020E-05 9.749E-05 2.000E+05 0.000E+00 0.000E+00
 4.01551081E+01   3594.7 4.015E+01 6.265E+07 1.128E-05 9.803E-05 2.000E+05 0.000E+00 0.000E+00
 4.90233303E+01   3618.7 4.902E+01 7.986E+07 1.248E-05 9.869E-05 2.000E+05 0.000E+00 0.000E+00
 5.97162623E+01   3640.9 5.971E+01 1.005E+08 1.380E-05 9.949E-05 2.000E+05 0.000E+00 0.000E+00
 7.26159271E+01   3661.4 7.261E+01 1.250E+08 1.526E-05 1.005E-04 2.000E+05 0.000E+00 0.000E+00
 8.81740386E+01   3680.7 8.817E+01 1.541E+08 1.688E-05 1.016E-04 2.000E+05 0.000E+00 0.000E+00
 1.06912703E+02   3699.0 1.069E+02 1.888E+08 1.870E-05 1.030E-04 2.000E+05 0.000E+00 0.000E+00
 1.29426486E+02   3716.8 1.294E+02 2.301E+08 2.079E-05 1.046E-04 2.000E+05 0.000E+00 0.000E+00
 1.56376738E+02   3734.5 1.564E+02 2.798E+08 2.321E-05 1.066E-04 2.000E+05 0.000E+00 0.000E+00
 1.88489805E+02   3752.4 1.885E+02 3.398E+08 2.604E-05 1.089E-04 2.000E+05 0.000E+00 0.000E+00
 2.26547902E+02   3770.7 2.265E+02 4.126E+08 2.938E-05 1.117E-04 2.000E+05 0.000E+00 0.000E+00
 2.71380381E+02   3789.7 2.714E+02 5.015E+08 3.337E-05 1.152E-04 2.000E+05 0.000E+00 0.000E+00
 3.23812501E+02   3810.0 3.238E+02 6.115E+08 3.820E-05 1.194E-04 2.000E+05 0.000E+00 0.000E+00
 3.84600696E+02   3831.9 3.846E+02 7.494E+08 4.415E-05 1.246E-04 2.000E+05 0.000E+00 0.000E+00
 4.54358696E+02   3856.0 4.543E+02 9.248E+08 5.159E-05 1.312E-04 2.000E+05 0.000E+00 0.000E+00
 5.33504227E+02   3882.6 5.334E+02 1.151E+09 6.099E-05 1.395E-04 2.000E+05 0.000E+00 0.000E+00
 6.22176095E+02   3912.3 6.221E+02 1.447E+09 7.308E-05 1.502E-04 2.000E+05 0.000E+00 0.000E+00
 7.20157185E+02   3945.6 7.201E+02 1.840E+09 8.885E-05 1.641E-04 2.000E+05 0.000E+00 0.000E+00
 8.26683428E+02   3983.6 8.266E+02 2.379E+09 1.100E-04 1.827E-04 2.000E+05 0.000E+00 0.000E+00
 9.40427170E+02   4026.8 9.403E+02 3.127E+09 1.386E-04 2.076E-04 2.000E+05 0.000E+00 0.000E+00
 1.05936023E+03   4076.9 1.059E+03 4.213E+09 1.790E-04 2.423E-04 2.000E+05 7.445E-14 0.000E+00
 1.18005718E+03   4136.5 1.180E+03 5.863E+09 2.384E-04 2.926E-04 2.000E+05 2.389E-10 0.000E+00
 1.30179519E+03   4196.2 1.302E+03 8.090E+09 3.154E-04 3.578E-04 2.000E+05 2.434E-07 0.000E+00
 1.39342432E+03   4386.2 1.393E+03 1.882E+10 6.564E-04 6.009E-04 2.000E+05 3.317E-03 0.000E+00
 1.46789391E+03   4477.6 1.468E+03 2.805E+10 9.252E-04 7.689E-04 2.000E+05 5.774E-02 0.000E+00
 1.55062448E+03   4490.2 1.550E+03 3.035E+10 9.905E-04 7.963E-04 2.000E+05 6.747E-02 0.000E+00
 1.64851901E+03   4538.5 1.648E+03 3.781E+10 1.196E-03 9.297E-04 2.000E+05 7.915E-02 0.000E+00
 1.74763212E+03   4642.0 1.747E+03 5.754E+10 1.709E-03 1.270E-03 2.000E+05 9.380E-02 2.128E+02
 1.83628060E+03   4775.1 1.836E+03 9.527E+10 2.614E-03 1.850E-03 2.000E+05 1.118E-01 1.047E+03
 1.91250429E+03   4927.5 1.912E+03 1.633E+11 4.100E-03 2.760E-03 2.000E+05 1.341E-01 2.847E+03
 1.97697172E+03   5095.8 1.976E+03 2.839E+11 6.498E-03 4.167E-03 2.000E+05 1.613E-01 6.989E+03
 2.03051078E+03   5288.3 2.029E+03 5.100E+11 1.059E-02 6.490E-03 2.000E+05 1.939E-01 1.718E+04
 2.07341920E+03   5511.1 2.072E+03 9.515E+11 1.792E-02 1.044E-02 2.000E+05 2.325E-01 3.881E+04
 2.10718841E+03   5750.9 2.105E+03 1.760E+12 3.047E-02 1.687E-02 2.000E+05 2.759E-01 6.588E+04
 2.13295399E+03   6029.2 2.130E+03 3.372E+12 5.446E-02 2.819E-02 2.000E+05 3.254E-01 1.122E+05
 2.15239172E+03   6312.5 2.149E+03 6.157E+12 9.558E-02 4.622E-02 2.000E+05 3.757E-01 1.650E+05
 2.16661862E+03   6642.8 2.162E+03 1.161E+13 1.793E-01 7.958E-02 2.000E+05 4.295E-01 4.061E+05
 2.17680457E+03   6953.3 2.172E+03 1.993E+13 3.178E-01 9.538E-02 2.000E+05 6.132E-01 5.825E+05
 2.18547255E+03   7152.0 2.180E+03 2.746E+13 4.556E-01 8.099E-02 2.000E+05 7.688E-01 6.061E+05
 2.19378555E+03   7320.5 2.187E+03 3.552E+13 6.159E-01 7.291E-02 2.000E+05 8.484E-01 6.108E+05
 2.20225997E+03   7457.6 2.195E+03 4.339E+13 7.855E-01 6.491E-02 2.000E+05 8.928E-01 6.051E+05
 2.21118274E+03   7588.7 2.203E+03 5.217E+13 9.891E-01 6.050E-02 2.000E+05 9.216E-01 6.019E+05
 2.22075698E+03   7707.9 2.212E+03 6.132E+13 1.216E+00 5.491E-02 2.000E+05 9.413E-01 5.924E+05
 2.23117675E+03   7825.0 2.222E+03 7.148E+13 1.487E+00 5.171E-02 2.000E+05 9.556E-01 5.895E+05
 2.24257086E+03   7939.8 2.233E+03 8.266E+13 1.807E+00 4.744E-02 2.000E+05 9.658E-01 5.752E+05
 2.25515998E+03   8048.2 2.245E+03 9.440E+13 2.167E+00 4.848E-02 2.000E+05 9.716E-01 5.775E+05
PRADK 5.4005E-01
BEGIN                    ITERATION  15 COMPLETED
