EFF   4750.  GRAVITY 3.00000 LTE 
ITLE SDSC GRID  [-1.5]   VTURB 2.0 KM/S    L/H 1.25                            
OPACITY IFOP 1 1 1 1 1 1 1 1 1 1 1 1 1 0 1 0 0 0 0 0
CONVECTION ON   1.25 TURBULENCE OFF  0.00  0.00  0.00  0.00
BUNDANCE SCALE   0.03162 ABUNDANCE CHANGE 1 0.91100 2 0.08900
ABUNDANCE CHANGE  3 -10.88  4 -10.89  5  -9.44  6  -3.48  7  -3.99  8  -3.11
ABUNDANCE CHANGE  9  -7.48 10  -3.95 11  -5.71 12  -4.46 13  -5.57 14  -4.49
ABUNDANCE CHANGE 15  -6.59 16  -4.83 17  -6.54 18  -5.48 19  -6.82 20  -5.68
ABUNDANCE CHANGE 21  -8.94 22  -7.05 23  -8.04 24  -6.37 25  -6.65 26  -4.37
ABUNDANCE CHANGE 27  -7.12 28  -5.79 29  -7.83 30  -7.44 31  -9.16 32  -8.63
ABUNDANCE CHANGE 33  -9.67 34  -8.69 35  -9.41 36  -8.81 37  -9.44 38  -9.14
ABUNDANCE CHANGE 39  -9.80 40  -9.54 41 -10.62 42 -10.12 43 -20.00 44 -10.20
ABUNDANCE CHANGE 45 -10.92 46 -10.35 47 -11.10 48 -10.18 49 -10.58 50 -10.04
ABUNDANCE CHANGE 51 -11.04 52  -9.80 53 -10.53 54  -9.81 55 -10.92 56  -9.91
ABUNDANCE CHANGE 57 -10.82 58 -10.49 59 -11.33 60 -10.54 61 -20.00 62 -11.04
ABUNDANCE CHANGE 63 -11.53 64 -10.92 65 -11.94 66 -10.94 67 -11.78 68 -11.11
ABUNDANCE CHANGE 69 -12.04 70 -10.96 71 -11.28 72 -11.16 73 -11.91 74 -10.93
ABUNDANCE CHANGE 75 -11.77 76 -10.59 77 -10.69 78 -10.24 79 -11.03 80 -10.95
ABUNDANCE CHANGE 81 -11.14 82 -10.19 83 -11.33 84 -20.00 85 -20.00 86 -20.00
ABUNDANCE CHANGE 87 -20.00 88 -20.00 89 -20.00 90 -11.92 91 -20.00 92 -12.51
ABUNDANCE CHANGE 93 -20.00 94 -20.00 95 -20.00 96 -20.00 97 -20.00 98 -20.00
ABUNDANCE CHANGE 99 -20.00
EAD DECK6 72 RHOX,T,P,XNE,ABROSS,ACCRAD,VTURB
1.19534653E-02   3024.8 1.195E+01 6.147E+07 1.116E-05 1.047E-03 2.000E+05 0.000E+00 0.000E+00
1.57608410E-02   3045.1 1.576E+01 7.939E+07 1.221E-05 1.068E-03 2.000E+05 0.000E+00 0.000E+00
2.03813655E-02   3067.4 2.038E+01 1.014E+08 1.347E-05 1.080E-03 2.000E+05 0.000E+00 0.000E+00
2.59458300E-02   3091.7 2.595E+01 1.285E+08 1.496E-05 1.090E-03 2.000E+05 0.000E+00 0.000E+00
3.26018948E-02   3117.3 3.260E+01 1.614E+08 1.672E-05 1.101E-03 2.000E+05 0.000E+00 0.000E+00
4.05258064E-02   3143.4 4.053E+01 2.012E+08 1.877E-05 1.101E-03 2.000E+05 0.000E+00 0.000E+00
4.99215311E-02   3170.1 4.992E+01 2.490E+08 2.114E-05 1.099E-03 2.000E+05 0.000E+00 0.000E+00
6.10257773E-02   3197.1 6.103E+01 3.062E+08 2.388E-05 1.084E-03 2.000E+05 0.000E+00 0.000E+00
7.41214877E-02   3224.1 7.413E+01 3.742E+08 2.705E-05 1.078E-03 2.000E+05 0.000E+00 0.000E+00
8.95122967E-02   3251.4 8.952E+01 4.550E+08 3.074E-05 1.080E-03 2.000E+05 0.000E+00 0.000E+00
1.07546170E-01   3279.0 1.076E+02 5.508E+08 3.503E-05 1.083E-03 2.000E+05 0.000E+00 0.000E+00
1.28620110E-01   3307.1 1.286E+02 6.642E+08 4.002E-05 1.085E-03 2.000E+05 0.000E+00 0.000E+00
1.53191955E-01   3336.5 1.532E+02 7.990E+08 4.581E-05 1.064E-03 2.000E+05 0.000E+00 0.000E+00
1.81808073E-01   3365.2 1.818E+02 9.563E+08 5.246E-05 1.047E-03 2.000E+05 0.000E+00 0.000E+00
2.15121137E-01   3393.4 2.151E+02 1.140E+09 6.012E-05 1.040E-03 2.000E+05 0.000E+00 0.000E+00
2.53864979E-01   3421.4 2.539E+02 1.354E+09 6.897E-05 1.040E-03 2.000E+05 0.000E+00 0.000E+00
2.98889804E-01   3449.1 2.989E+02 1.603E+09 7.917E-05 1.050E-03 2.000E+05 0.000E+00 0.000E+00
3.51166245E-01   3477.9 3.512E+02 1.896E+09 9.097E-05 1.051E-03 2.000E+05 0.000E+00 0.000E+00
4.11812056E-01   3507.9 4.118E+02 2.241E+09 1.046E-04 1.035E-03 2.000E+05 0.000E+00 0.000E+00
4.82230513E-01   3535.4 4.823E+02 2.635E+09 1.200E-04 1.030E-03 2.000E+05 0.000E+00 0.000E+00
5.64071968E-01   3562.5 5.641E+02 3.092E+09 1.377E-04 1.034E-03 2.000E+05 0.000E+00 0.000E+00
6.59197961E-01   3588.5 6.592E+02 3.620E+09 1.580E-04 1.048E-03 2.000E+05 0.000E+00 0.000E+00
7.69766877E-01   3614.2 7.698E+02 4.231E+09 1.812E-04 1.069E-03 2.000E+05 0.000E+00 0.000E+00
8.98305672E-01   3639.3 8.983E+02 4.938E+09 2.078E-04 1.095E-03 2.000E+05 0.000E+00 0.000E+00
1.04775196E+00   3665.6 1.048E+03 5.765E+09 2.384E-04 1.115E-03 2.000E+05 0.000E+00 0.000E+00
1.22158906E+00   3690.3 1.222E+03 6.716E+09 2.732E-04 1.139E-03 2.000E+05 0.000E+00 0.000E+00
1.42396925E+00   3713.7 1.424E+03 7.811E+09 3.128E-04 1.174E-03 2.000E+05 0.000E+00 0.000E+00
1.65967043E+00   3735.9 1.660E+03 9.070E+09 3.581E-04 1.221E-03 2.000E+05 0.000E+00 0.000E+00
1.93428219E+00   3756.9 1.934E+03 1.052E+10 4.098E-04 1.279E-03 2.000E+05 0.000E+00 0.000E+00
2.25427555E+00   3777.1 2.254E+03 1.219E+10 4.690E-04 1.349E-03 2.000E+05 0.000E+00 0.000E+00
2.62727631E+00   3796.1 2.627E+03 1.410E+10 5.364E-04 1.433E-03 2.000E+05 0.000E+00 0.000E+00
3.06220943E+00   3815.1 3.062E+03 1.632E+10 6.134E-04 1.528E-03 2.000E+05 0.000E+00 0.000E+00
3.56957978E+00   3833.5 3.570E+03 1.887E+10 7.010E-04 1.632E-03 2.000E+05 0.000E+00 0.000E+00
4.16166080E+00   3851.2 4.162E+03 2.180E+10 8.010E-04 1.754E-03 2.000E+05 0.000E+00 0.000E+00
4.85280209E+00   3867.9 4.853E+03 2.516E+10 9.149E-04 1.897E-03 2.000E+05 0.000E+00 0.000E+00
5.65957483E+00   3884.4 5.660E+03 2.903E+10 1.045E-03 2.063E-03 2.000E+05 0.000E+00 0.000E+00
6.60121381E+00   3900.7 6.601E+03 3.349E+10 1.194E-03 2.256E-03 2.000E+05 0.000E+00 0.000E+00
7.69982486E+00   3917.5 7.700E+03 3.864E+10 1.366E-03 2.477E-03 2.000E+05 0.000E+00 0.000E+00
8.98069712E+00   3935.0 8.981E+03 4.460E+10 1.562E-03 2.730E-03 2.000E+05 0.000E+00 0.000E+00
1.04729746E+01   3954.0 1.047E+04 5.155E+10 1.790E-03 3.020E-03 2.000E+05 0.000E+00 0.000E+00
1.22090082E+01   3975.3 1.221E+04 5.969E+10 2.053E-03 3.348E-03 2.000E+05 0.000E+00 0.000E+00
1.42260302E+01   3999.0 1.423E+04 6.926E+10 2.357E-03 3.717E-03 2.000E+05 0.000E+00 0.000E+00
1.65658444E+01   4025.5 1.657E+04 8.054E+10 2.712E-03 4.138E-03 2.000E+05 0.000E+00 0.000E+00
1.92744159E+01   4055.8 1.927E+04 9.396E+10 3.129E-03 4.622E-03 2.000E+05 0.000E+00 0.000E+00
2.24003734E+01   4091.2 2.240E+04 1.101E+11 3.621E-03 5.180E-03 2.000E+05 0.000E+00 0.000E+00
2.59956715E+01   4132.5 2.600E+04 1.296E+11 4.207E-03 5.827E-03 2.000E+05 0.000E+00 0.000E+00
3.01127368E+01   4181.7 3.011E+04 1.536E+11 4.910E-03 6.576E-03 2.000E+05 0.000E+00 0.000E+00
3.48057879E+01   4238.6 3.481E+04 1.835E+11 5.758E-03 7.447E-03 2.000E+05 0.000E+00 0.000E+00
4.01158758E+01   4307.4 4.012E+04 2.224E+11 6.825E-03 8.503E-03 2.000E+05 1.009E-14 0.000E+00
4.60554351E+01   4385.5 4.606E+04 2.737E+11 8.187E-03 9.838E-03 2.000E+05 3.180E-10 0.000E+00
5.26037402E+01   4473.3 5.261E+04 3.452E+11 1.001E-02 1.169E-02 2.000E+05 4.219E-07 0.000E+00
5.94411288E+01   4613.9 5.944E+04 4.898E+11 1.348E-02 1.499E-02 2.000E+05 3.397E-04 0.000E+00
6.58742465E+01   4783.1 6.588E+04 7.773E+11 1.990E-02 2.048E-02 2.000E+05 1.350E-02 1.951E+01
7.16603242E+01   4938.9 7.166E+04 1.232E+12 2.930E-02 2.756E-02 2.000E+05 7.603E-02 4.332E+02
7.70136142E+01   5075.5 7.702E+04 1.866E+12 4.139E-02 3.512E-02 2.000E+05 1.455E-01 2.001E+02
8.21500356E+01   5203.1 8.215E+04 2.741E+12 5.689E-02 4.329E-02 2.000E+05 2.134E-01 5.057E+03
8.70920516E+01   5344.3 8.709E+04 4.135E+12 7.962E-02 5.414E-02 2.000E+05 2.790E-01 1.743E+04
9.18193759E+01   5490.1 9.182E+04 6.217E+12 1.110E-01 6.919E-02 2.000E+05 3.341E-01 4.686E+04
9.61916980E+01   5680.5 9.619E+04 1.024E+13 1.662E-01 9.881E-02 2.000E+05 3.704E-01 7.935E+04
9.99774822E+01   5912.6 9.997E+04 1.803E+13 2.624E-01 1.495E-01 2.000E+05 4.066E-01 1.215E+05
1.03091090E+02   6184.2 1.031E+05 3.307E+13 4.290E-01 2.132E-01 2.000E+05 4.789E-01 1.859E+05
1.05747875E+02   6416.7 1.057E+05 5.355E+13 6.380E-01 2.314E-01 2.000E+05 6.254E-01 2.039E+05
1.08241846E+02   6610.1 1.082E+05 7.812E+13 8.748E-01 2.294E-01 2.000E+05 7.237E-01 2.116E+05
1.10697159E+02   6795.5 1.107E+05 1.101E+14 1.172E+00 2.322E-01 2.000E+05 7.963E-01 2.187E+05
1.13180971E+02   6966.9 1.132E+05 1.490E+14 1.524E+00 2.292E-01 2.000E+05 8.421E-01 2.194E+05
1.15748227E+02   7133.5 1.157E+05 1.973E+14 1.954E+00 2.324E-01 2.000E+05 8.775E-01 2.216E+05
1.18428147E+02   7297.7 1.184E+05 2.573E+14 2.484E+00 2.312E-01 2.000E+05 9.027E-01 2.199E+05
1.21260325E+02   7456.1 1.212E+05 3.291E+14 3.118E+00 2.297E-01 2.000E+05 9.239E-01 2.194E+05
1.24265127E+02   7618.2 1.243E+05 4.194E+14 3.917E+00 2.286E-01 2.000E+05 9.392E-01 2.167E+05
1.27480705E+02   7772.5 1.275E+05 5.240E+14 4.850E+00 2.245E-01 2.000E+05 9.521E-01 2.146E+05
1.30928236E+02   7934.5 1.309E+05 6.561E+14 6.046E+00 2.218E-01 2.000E+05 9.618E-01 2.105E+05
1.34646942E+02   8085.3 1.346E+05 8.041E+14 7.406E+00 2.326E-01 2.000E+05 9.677E-01 2.078E+05
RADK 6.7452E-01
EGIN                    ITERATION  15 COMPLETED
