EFF  17000.  GRAVITY 3.50000 LTE 
ITLE SDSC GRID  [-2.0]   VTURB 2.0 KM/S                                        
OPACITY IFOP 1 1 1 1 1 1 1 1 1 1 1 1 1 0 1 0 0 0 0 0
CONVECTION OFF  1.00 TURBULENCE OFF  0.00  0.00  0.00  0.00
BUNDANCE SCALE   0.01000 ABUNDANCE CHANGE 1 0.91100 2 0.08900
ABUNDANCE CHANGE  3 -10.88  4 -10.89  5  -9.44  6  -3.48  7  -3.99  8  -3.11
ABUNDANCE CHANGE  9  -7.48 10  -3.95 11  -5.71 12  -4.46 13  -5.57 14  -4.49
ABUNDANCE CHANGE 15  -6.59 16  -4.83 17  -6.54 18  -5.48 19  -6.82 20  -5.68
ABUNDANCE CHANGE 21  -8.94 22  -7.05 23  -8.04 24  -6.37 25  -6.65 26  -4.37
ABUNDANCE CHANGE 27  -7.12 28  -5.79 29  -7.83 30  -7.44 31  -9.16 32  -8.63
ABUNDANCE CHANGE 33  -9.67 34  -8.69 35  -9.41 36  -8.81 37  -9.44 38  -9.14
ABUNDANCE CHANGE 39  -9.80 40  -9.54 41 -10.62 42 -10.12 43 -20.00 44 -10.20
ABUNDANCE CHANGE 45 -10.92 46 -10.35 47 -11.10 48 -10.18 49 -10.58 50 -10.04
ABUNDANCE CHANGE 51 -11.04 52  -9.80 53 -10.53 54  -9.81 55 -10.92 56  -9.91
ABUNDANCE CHANGE 57 -10.82 58 -10.49 59 -11.33 60 -10.54 61 -20.00 62 -11.04
ABUNDANCE CHANGE 63 -11.53 64 -10.92 65 -11.94 66 -10.94 67 -11.78 68 -11.11
ABUNDANCE CHANGE 69 -12.04 70 -10.96 71 -11.28 72 -11.16 73 -11.91 74 -10.93
ABUNDANCE CHANGE 75 -11.77 76 -10.59 77 -10.69 78 -10.24 79 -11.03 80 -10.95
ABUNDANCE CHANGE 81 -11.14 82 -10.19 83 -11.33 84 -20.00 85 -20.00 86 -20.00
ABUNDANCE CHANGE 87 -20.00 88 -20.00 89 -20.00 90 -11.92 91 -20.00 92 -12.51
ABUNDANCE CHANGE 93 -20.00 94 -20.00 95 -20.00 96 -20.00 97 -20.00 98 -20.00
ABUNDANCE CHANGE 99 -20.00
EAD DECK6 64 RHOX,T,P,XNE,ABROSS,ACCRAD,VTURB
5.44057243E-06   9872.2 1.693E-02 6.012E+09 2.981E-01 5.046E+01 2.000E+05
5.96370956E-06   9911.9 1.856E-02 6.566E+09 2.981E-01 5.044E+01 2.000E+05
7.95594299E-06   9920.9 2.476E-02 8.729E+09 2.972E-01 5.052E+01 2.000E+05
1.06196925E-05   9931.6 3.305E-02 1.161E+10 2.966E-01 5.070E+01 2.000E+05
1.41765042E-05   9954.5 4.411E-02 1.544E+10 2.965E-01 5.101E+01 2.000E+05
1.89184429E-05   9976.5 5.887E-02 2.053E+10 2.967E-01 5.144E+01 2.000E+05
2.52324659E-05  10000.8 7.851E-02 2.727E+10 2.974E-01 5.201E+01 2.000E+05
3.36271909E-05  10029.7 1.046E-01 3.620E+10 2.985E-01 5.274E+01 2.000E+05
4.47675386E-05  10064.4 1.392E-01 4.798E+10 3.003E-01 5.365E+01 2.000E+05
5.95220531E-05  10104.5 1.851E-01 6.348E+10 3.026E-01 5.473E+01 2.000E+05
7.90218054E-05  10150.7 2.457E-01 8.383E+10 3.057E-01 5.596E+01 2.000E+05
1.04730261E-04  10204.1 3.255E-01 1.104E+11 3.096E-01 5.733E+01 2.000E+05
1.38532614E-04  10266.2 4.305E-01 1.451E+11 3.144E-01 5.879E+01 2.000E+05
1.82842281E-04  10333.8 5.679E-01 1.902E+11 3.204E-01 6.041E+01 2.000E+05
2.40734304E-04  10407.3 7.475E-01 2.485E+11 3.275E-01 6.219E+01 2.000E+05
3.16103390E-04  10488.4 9.810E-01 3.235E+11 3.361E-01 6.411E+01 2.000E+05
4.13857413E-04  10578.4 1.284E+00 4.197E+11 3.462E-01 6.622E+01 2.000E+05
5.40167218E-04  10679.2 1.675E+00 5.424E+11 3.579E-01 6.832E+01 2.000E+05
7.02775349E-04  10789.9 2.178E+00 6.980E+11 3.714E-01 7.033E+01 2.000E+05
9.11350861E-04  10909.5 2.822E+00 8.948E+11 3.868E-01 7.211E+01 2.000E+05
1.17783666E-03  11032.5 3.646E+00 1.143E+12 4.045E-01 7.377E+01 2.000E+05
1.51676307E-03  11153.8 4.692E+00 1.455E+12 4.252E-01 7.546E+01 2.000E+05
1.94545113E-03  11266.6 6.015E+00 1.847E+12 4.496E-01 7.755E+01 2.000E+05
2.48413498E-03  11366.2 7.676E+00 2.336E+12 4.789E-01 8.047E+01 2.000E+05
3.15610455E-03  11450.3 9.745E+00 2.944E+12 5.137E-01 8.457E+01 2.000E+05
3.98813661E-03  11521.3 1.230E+01 3.692E+12 5.552E-01 9.019E+01 2.000E+05
5.01107537E-03  11582.4 1.544E+01 4.608E+12 6.041E-01 9.753E+01 2.000E+05
6.26090072E-03  11639.2 1.927E+01 5.720E+12 6.610E-01 1.066E+02 2.000E+05
7.78103077E-03  11697.5 2.390E+01 7.059E+12 7.259E-01 1.172E+02 2.000E+05
9.62325260E-03  11756.8 2.950E+01 8.665E+12 8.000E-01 1.296E+02 2.000E+05
1.18514904E-02  11826.1 3.624E+01 1.058E+13 8.822E-01 1.435E+02 2.000E+05
1.45444354E-02  11902.1 4.435E+01 1.286E+13 9.739E-01 1.591E+02 2.000E+05
1.77971992E-02  11986.2 5.409E+01 1.557E+13 1.075E+00 1.766E+02 2.000E+05
2.17286285E-02  12082.1 6.579E+01 1.879E+13 1.185E+00 1.957E+02 2.000E+05
2.64901449E-02  12192.2 7.987E+01 2.260E+13 1.303E+00 2.165E+02 2.000E+05
3.22752922E-02  12319.5 9.684E+01 2.712E+13 1.427E+00 2.389E+02 2.000E+05
3.93475305E-02  12478.1 1.174E+02 3.248E+13 1.551E+00 2.616E+02 2.000E+05
4.80587981E-02  12667.3 1.426E+02 3.887E+13 1.673E+00 2.846E+02 2.000E+05
5.88772055E-02  12896.3 1.736E+02 4.651E+13 1.788E+00 3.071E+02 2.000E+05
7.24463904E-02  13170.2 2.122E+02 5.574E+13 1.892E+00 3.280E+02 2.000E+05
8.96504367E-02  13498.7 2.608E+02 6.698E+13 1.979E+00 3.466E+02 2.000E+05
1.11701133E-01  13890.4 3.227E+02 8.079E+13 2.050E+00 3.624E+02 2.000E+05
1.40211743E-01  14359.4 4.023E+02 9.791E+13 2.107E+00 3.758E+02 2.000E+05
1.77293527E-01  14907.7 5.054E+02 1.193E+14 2.155E+00 3.869E+02 2.000E+05
2.25828837E-01  15541.1 6.399E+02 1.460E+14 2.188E+00 3.941E+02 2.000E+05
2.89851680E-01  16264.8 8.170E+02 1.794E+14 2.203E+00 3.966E+02 2.000E+05
3.74998004E-01  17080.7 1.053E+03 2.212E+14 2.201E+00 3.941E+02 2.000E+05
4.88832869E-01  17989.0 1.368E+03 2.739E+14 2.193E+00 3.882E+02 2.000E+05
6.41041134E-01  18988.1 1.791E+03 3.403E+14 2.191E+00 3.814E+02 2.000E+05
8.43683964E-01  20076.8 2.355E+03 4.237E+14 2.200E+00 3.753E+02 2.000E+05
1.11179837E+00  21254.3 3.103E+03 5.275E+14 2.226E+00 3.718E+02 2.000E+05
1.46325519E+00  22530.5 4.083E+03 6.551E+14 2.275E+00 3.728E+02 2.000E+05
1.92044320E+00  23916.6 5.358E+03 8.098E+14 2.339E+00 3.773E+02 2.000E+05
2.51092876E+00  25426.9 7.000E+03 9.952E+14 2.425E+00 3.867E+02 2.000E+05
3.26743408E+00  27078.9 9.094E+03 1.214E+15 2.533E+00 4.008E+02 2.000E+05
4.22879392E+00  28882.3 1.174E+04 1.470E+15 2.669E+00 4.199E+02 2.000E+05
5.43966412E+00  30853.3 1.505E+04 1.764E+15 2.839E+00 4.450E+02 2.000E+05
6.94967363E+00  33001.0 1.912E+04 2.098E+15 3.052E+00 4.770E+02 2.000E+05
8.80972308E+00  35336.2 2.408E+04 2.475E+15 3.328E+00 5.195E+02 2.000E+05
1.10651450E+01  37878.4 2.998E+04 2.895E+15 3.684E+00 5.728E+02 2.000E+05
1.38050012E+01  40645.1 3.701E+04 3.366E+15 3.981E+00 6.177E+02 2.000E+05
1.73596155E+01  43679.6 4.605E+04 3.936E+15 3.896E+00 6.104E+02 2.000E+05
2.24254878E+01  46944.2 5.913E+04 4.728E+15 3.504E+00 5.524E+02 2.000E+05
2.99282587E+01  50364.3 7.889E+04 5.893E+15 3.137E+00 5.050E+02 2.000E+05
RADK 1.4982E+02
EGIN                    ITERATION   6 COMPLETED
