TEFF   8250.  GRAVITY 1.00000 LTE
TITLE SDSC GRID  [+0.5]   VTURB 2.0 KM/S    L/H 1.25
 OPACITY IFOP 1 1 1 1 1 1 1 1 1 1 1 1 1 0 1 0 0 0 0 0
 CONVECTION ON   1.25 TURBULENCE OFF  0.00  0.00  0.00  0.00
ABUNDANCE SCALE   3.16200 ABUNDANCE CHANGE 1 0.91100 2 0.08900
 ABUNDANCE CHANGE  3 -10.88  4 -10.89  5  -9.44  6  -3.48  7  -3.99  8  -3.11
 ABUNDANCE CHANGE  9  -7.48 10  -3.95 11  -5.71 12  -4.46 13  -5.57 14  -4.49
 ABUNDANCE CHANGE 15  -6.59 16  -4.83 17  -6.54 18  -5.48 19  -6.82 20  -5.68
 ABUNDANCE CHANGE 21  -8.94 22  -7.05 23  -8.04 24  -6.37 25  -6.65 26  -4.37
 ABUNDANCE CHANGE 27  -7.12 28  -5.79 29  -7.83 30  -7.44 31  -9.16 32  -8.63
 ABUNDANCE CHANGE 33  -9.67 34  -8.69 35  -9.41 36  -8.81 37  -9.44 38  -9.14
 ABUNDANCE CHANGE 39  -9.80 40  -9.54 41 -10.62 42 -10.12 43 -20.00 44 -10.20
 ABUNDANCE CHANGE 45 -10.92 46 -10.35 47 -11.10 48 -10.18 49 -10.58 50 -10.04
 ABUNDANCE CHANGE 51 -11.04 52  -9.80 53 -10.53 54  -9.81 55 -10.92 56  -9.91
 ABUNDANCE CHANGE 57 -10.82 58 -10.49 59 -11.33 60 -10.54 61 -20.00 62 -11.04
 ABUNDANCE CHANGE 63 -11.53 64 -10.92 65 -11.94 66 -10.94 67 -11.78 68 -11.11
 ABUNDANCE CHANGE 69 -12.04 70 -10.96 71 -11.28 72 -11.16 73 -11.91 74 -10.93
 ABUNDANCE CHANGE 75 -11.77 76 -10.59 77 -10.69 78 -10.24 79 -11.03 80 -10.95
 ABUNDANCE CHANGE 81 -11.14 82 -10.19 83 -11.33 84 -20.00 85 -20.00 86 -20.00
 ABUNDANCE CHANGE 87 -20.00 88 -20.00 89 -20.00 90 -11.92 91 -20.00 92 -12.51
 ABUNDANCE CHANGE 93 -20.00 94 -20.00 95 -20.00 96 -20.00 97 -20.00 98 -20.00
 ABUNDANCE CHANGE 99 -20.00
READ DECK6 72 RHOX,T,P,XNE,ABROSS,ACCRAD,VTURB
 2.34677583E-06   4588.7 1.447E-05 3.531E+06 5.682E-02 3.835E+00 2.000E+05 0.000E+00 0.000E+00
 3.14100060E-06   4617.3 1.942E-05 4.586E+06 5.517E-02 3.694E+00 2.000E+05 0.000E+00 0.000E+00
 4.23795959E-06   4644.9 2.644E-05 5.982E+06 5.296E-02 3.511E+00 2.000E+05 0.000E+00 0.000E+00
 5.75806684E-06   4675.8 3.646E-05 7.929E+06 5.110E-02 3.311E+00 2.000E+05 0.000E+00 0.000E+00
 7.85880509E-06   4708.9 5.073E-05 1.062E+07 4.940E-02 3.104E+00 2.000E+05 0.000E+00 0.000E+00
 1.07582022E-05   4742.9 7.104E-05 1.429E+07 4.769E-02 2.900E+00 2.000E+05 0.000E+00 0.000E+00
 1.47698254E-05   4777.0 9.993E-05 1.925E+07 4.590E-02 2.711E+00 2.000E+05 0.000E+00 0.000E+00
 2.03363106E-05   4811.2 1.410E-04 2.594E+07 4.406E-02 2.545E+00 2.000E+05 0.000E+00 0.000E+00
 2.80693310E-05   4846.3 1.993E-04 3.502E+07 4.231E-02 2.395E+00 2.000E+05 0.000E+00 0.000E+00
 3.87948690E-05   4882.5 2.816E-04 4.735E+07 4.073E-02 2.252E+00 2.000E+05 0.000E+00 0.000E+00
 5.36346103E-05   4919.7 3.977E-04 6.406E+07 3.929E-02 2.110E+00 2.000E+05 0.000E+00 0.000E+00
 7.41483519E-05   4957.2 5.611E-04 8.652E+07 3.788E-02 1.969E+00 2.000E+05 0.000E+00 0.000E+00
 1.02568267E-04   4993.9 7.913E-04 1.164E+08 3.640E-02 1.836E+00 2.000E+05 0.000E+00 0.000E+00
 1.42128569E-04   5029.6 1.117E-03 1.559E+08 3.478E-02 1.720E+00 2.000E+05 0.000E+00 0.000E+00
 1.97467846E-04   5064.5 1.578E-03 2.082E+08 3.309E-02 1.623E+00 2.000E+05 0.000E+00 0.000E+00
 2.75062651E-04   5099.8 2.231E-03 2.780E+08 3.148E-02 1.546E+00 2.000E+05 0.000E+00 0.000E+00
 3.83627536E-04   5136.9 3.152E-03 3.721E+08 3.008E-02 1.484E+00 2.000E+05 0.000E+00 0.000E+00
 5.34437797E-04   5176.8 4.441E-03 5.004E+08 2.901E-02 1.431E+00 2.000E+05 0.000E+00 0.000E+00
 7.41726860E-04   5220.2 6.222E-03 6.758E+08 2.831E-02 1.383E+00 2.000E+05 0.000E+00 0.000E+00
 1.02318465E-03   5267.2 8.654E-03 9.156E+08 2.797E-02 1.337E+00 2.000E+05 0.000E+00 0.000E+00
 1.40032705E-03   5317.5 1.193E-02 1.242E+09 2.801E-02 1.298E+00 2.000E+05 0.000E+00 0.000E+00
 1.89962144E-03   5370.2 1.628E-02 1.683E+09 2.835E-02 1.262E+00 2.000E+05 0.000E+00 0.000E+00
 2.55532642E-03   5424.3 2.203E-02 2.270E+09 2.886E-02 1.222E+00 2.000E+05 0.000E+00 0.000E+00
 3.41264946E-03   5478.7 2.957E-02 3.044E+09 2.947E-02 1.185E+00 2.000E+05 0.000E+00 0.000E+00
 4.53103986E-03   5533.4 3.945E-02 4.059E+09 3.016E-02 1.153E+00 2.000E+05 0.000E+00 0.000E+00
 5.98719854E-03   5588.4 5.235E-02 5.387E+09 3.091E-02 1.128E+00 2.000E+05 0.000E+00 0.000E+00
 7.87880420E-03   5644.1 6.915E-02 7.125E+09 3.178E-02 1.109E+00 2.000E+05 0.000E+00 0.000E+00
 1.03260966E-02   5701.2 9.092E-02 9.408E+09 3.285E-02 1.099E+00 2.000E+05 0.000E+00 0.000E+00
 1.34710632E-02   5760.8 1.189E-01 1.242E+10 3.422E-02 1.095E+00 2.000E+05 0.000E+00 0.000E+00
 1.74773450E-02   5823.3 1.546E-01 1.640E+10 3.599E-02 1.093E+00 2.000E+05 0.000E+00 0.000E+00
 2.25331864E-02   5888.4 1.996E-01 2.162E+10 3.819E-02 1.094E+00 2.000E+05 0.000E+00 0.000E+00
 2.88601948E-02   5955.5 2.560E-01 2.842E+10 4.085E-02 1.098E+00 2.000E+05 0.000E+00 0.000E+00
 3.67235894E-02   6023.8 3.259E-01 3.719E+10 4.394E-02 1.105E+00 2.000E+05 0.000E+00 0.000E+00
 4.64513791E-02   6092.5 4.124E-01 4.838E+10 4.744E-02 1.114E+00 2.000E+05 0.000E+00 0.000E+00
 5.84461365E-02   6161.4 5.189E-01 6.255E+10 5.139E-02 1.130E+00 2.000E+05 0.000E+00 0.000E+00
 7.31903962E-02   6230.3 6.496E-01 8.041E+10 5.583E-02 1.150E+00 2.000E+05 0.000E+00 0.000E+00
 9.12562281E-02   6299.3 8.092E-01 1.028E+11 6.087E-02 1.177E+00 2.000E+05 0.000E+00 0.000E+00
 1.13316755E-01   6368.3 1.003E+00 1.307E+11 6.658E-02 1.214E+00 2.000E+05 0.000E+00 0.000E+00
 1.40163606E-01   6437.4 1.239E+00 1.654E+11 7.308E-02 1.260E+00 2.000E+05 0.000E+00 0.000E+00
 1.72709509E-01   6506.8 1.522E+00 2.082E+11 8.056E-02 1.320E+00 2.000E+05 0.000E+00 0.000E+00
 2.11974651E-01   6577.1 1.862E+00 2.610E+11 8.930E-02 1.396E+00 2.000E+05 0.000E+00 0.000E+00
 2.59042691E-01   6649.0 2.264E+00 3.263E+11 9.969E-02 1.492E+00 2.000E+05 0.000E+00 0.000E+00
 3.15016390E-01   6723.5 2.737E+00 4.068E+11 1.123E-01 1.615E+00 2.000E+05 0.000E+00 0.000E+00
 3.80897148E-01   6801.9 3.284E+00 5.063E+11 1.280E-01 1.779E+00 2.000E+05 0.000E+00 0.000E+00
 4.57404541E-01   6886.5 3.905E+00 6.301E+11 1.481E-01 1.996E+00 2.000E+05 0.000E+00 0.000E+00
 5.44769580E-01   6979.3 4.592E+00 7.843E+11 1.746E-01 2.287E+00 2.000E+05 0.000E+00 0.000E+00
 6.42538645E-01   7083.4 5.327E+00 9.768E+11 2.103E-01 2.686E+00 2.000E+05 0.000E+00 0.000E+00
 7.49448141E-01   7202.5 6.082E+00 1.217E+12 2.596E-01 3.225E+00 2.000E+05 0.000E+00 0.000E+00
 8.63620522E-01   7338.8 6.815E+00 1.511E+12 3.278E-01 3.965E+00 2.000E+05 0.000E+00 0.000E+00
 9.82877757E-01   7496.8 7.477E+00 1.860E+12 4.223E-01 4.973E+00 2.000E+05 0.000E+00 0.000E+00
 1.10563528E+00   7680.7 8.017E+00 2.251E+12 5.480E-01 6.259E+00 2.000E+05 0.000E+00 0.000E+00
 1.23234372E+00   7892.9 8.397E+00 2.643E+12 7.003E-01 7.732E+00 2.000E+05 0.000E+00 0.000E+00
 1.36753370E+00   8138.8 8.604E+00 2.970E+12 8.586E-01 9.177E+00 2.000E+05 0.000E+00 0.000E+00
 1.52019294E+00   8419.3 8.659E+00 3.166E+12 9.726E-01 9.984E+00 2.000E+05 0.000E+00 0.000E+00
 1.70739923E+00   8738.3 8.638E+00 3.223E+12 1.019E+00 1.013E+01 2.000E+05 0.000E+00 0.000E+00
 1.95483104E+00   9093.8 8.680E+00 3.208E+12 9.986E-01 9.533E+00 2.000E+05 0.000E+00 0.000E+00
 2.29718053E+00   9494.5 8.975E+00 3.224E+12 9.498E-01 8.759E+00 2.000E+05 0.000E+00 0.000E+00
 2.77914243E+00   9929.0 9.752E+00 3.372E+12 8.988E-01 8.068E+00 2.000E+05 0.000E+00 0.000E+00
 3.45747456E+00  10428.6 1.128E+01 3.724E+12 8.539E-01 7.498E+00 2.000E+05 0.000E+00 0.000E+00
 4.40210626E+00  10976.9 1.382E+01 4.344E+12 8.239E-01 7.165E+00 2.000E+05 0.000E+00 0.000E+00
 5.69951388E+00  11611.6 1.762E+01 5.248E+12 8.043E-01 6.998E+00 2.000E+05 0.000E+00 0.000E+00
 7.46294356E+00  12313.0 2.302E+01 6.504E+12 7.933E-01 6.892E+00 2.000E+05 8.640E-18 0.000E+00
 9.82210837E+00  13108.5 3.028E+01 8.131E+12 7.976E-01 6.956E+00 2.000E+05 1.936E-15 1.078E+02
 1.29388218E+01  13978.2 3.965E+01 1.013E+13 8.075E-01 7.030E+00 2.000E+05 1.043E-14 2.070E+02
 1.70351762E+01  14942.8 5.153E+01 1.243E+13 8.209E-01 7.171E+00 2.000E+05 1.332E-14 2.104E+02
 2.24301649E+01  15985.4 6.666E+01 1.508E+13 8.278E-01 7.222E+00 2.000E+05 3.059E-14 2.535E+02
 2.95265063E+01  17127.9 8.580E+01 1.814E+13 8.437E-01 7.384E+00 2.000E+05 2.743E-13 4.697E+02
 3.88714465E+01  18356.3 1.101E+02 2.173E+13 8.473E-01 7.402E+00 2.000E+05 5.532E-13 6.164E+02
 5.13601345E+01  19696.5 1.429E+02 2.629E+13 8.411E-01 7.337E+00 2.000E+05 2.305E-13 3.798E+02
 6.82073009E+01  21132.5 1.891E+02 3.243E+13 8.286E-01 7.177E+00 2.000E+05 0.000E+00 0.000E+00
 9.09131742E+01  22691.6 2.539E+02 4.055E+13 8.263E-01 7.114E+00 2.000E+05 1.593E-09 0.000E+00
 1.20738643E+02  24361.0 3.420E+02 5.088E+13 8.508E-01 6.980E+00 2.000E+05 1.312E-08 1.334E+04
PRADK 6.1910E+00
BEGIN                    ITERATION  15 COMPLETED
