TEFF   8250.  GRAVITY 1.50000 LTE 
TITLE SDSC GRID  [-3.0]   VTURB 2.0 KM/S    L/H 1.25                            
 OPACITY IFOP 1 1 1 1 1 1 1 1 1 1 1 1 1 0 1 0 0 0 0 0
 CONVECTION OFF  1.00 TURBULENCE OFF  0.00  0.00  0.00  0.00
ABUNDANCE SCALE   0.00100 ABUNDANCE CHANGE 1 0.91100 2 0.08900
 ABUNDANCE CHANGE  3 -10.88  4 -10.89  5  -9.44  6  -3.48  7  -3.99  8  -3.11
 ABUNDANCE CHANGE  9  -7.48 10  -3.95 11  -5.71 12  -4.46 13  -5.57 14  -4.49
 ABUNDANCE CHANGE 15  -6.59 16  -4.83 17  -6.54 18  -5.48 19  -6.82 20  -5.68
 ABUNDANCE CHANGE 21  -8.94 22  -7.05 23  -8.04 24  -6.37 25  -6.65 26  -4.37
 ABUNDANCE CHANGE 27  -7.12 28  -5.79 29  -7.83 30  -7.44 31  -9.16 32  -8.63
 ABUNDANCE CHANGE 33  -9.67 34  -8.69 35  -9.41 36  -8.81 37  -9.44 38  -9.14
 ABUNDANCE CHANGE 39  -9.80 40  -9.54 41 -10.62 42 -10.12 43 -20.00 44 -10.20
 ABUNDANCE CHANGE 45 -10.92 46 -10.35 47 -11.10 48 -10.18 49 -10.58 50 -10.04
 ABUNDANCE CHANGE 51 -11.04 52  -9.80 53 -10.53 54  -9.81 55 -10.92 56  -9.91
 ABUNDANCE CHANGE 57 -10.82 58 -10.49 59 -11.33 60 -10.54 61 -20.00 62 -11.04
 ABUNDANCE CHANGE 63 -11.53 64 -10.92 65 -11.94 66 -10.94 67 -11.78 68 -11.11
 ABUNDANCE CHANGE 69 -12.04 70 -10.96 71 -11.28 72 -11.16 73 -11.91 74 -10.93
 ABUNDANCE CHANGE 75 -11.77 76 -10.59 77 -10.69 78 -10.24 79 -11.03 80 -10.95
 ABUNDANCE CHANGE 81 -11.14 82 -10.19 83 -11.33 84 -20.00 85 -20.00 86 -20.00
 ABUNDANCE CHANGE 87 -20.00 88 -20.00 89 -20.00 90 -11.92 91 -20.00 92 -12.51
 ABUNDANCE CHANGE 93 -20.00 94 -20.00 95 -20.00 96 -20.00 97 -20.00 98 -20.00
 ABUNDANCE CHANGE 99 -20.00
READ DECK6 72 RHOX,T,P,XNE,ABROSS,ACCRAD,VTURB
 4.66069048E-07   5760.1 1.353E-05 8.083E+06 2.861E-01 2.599E+00 2.000E+05 0.000E+00 0.000E+00
 6.21638561E-07   5767.6 1.804E-05 1.076E+07 2.857E-01 2.594E+00 2.000E+05 0.000E+00 0.000E+00
 8.29491953E-07   5772.5 2.408E-05 1.433E+07 2.850E-01 2.588E+00 2.000E+05 0.000E+00 0.000E+00
 1.10736300E-06   5778.8 3.215E-05 1.908E+07 2.842E-01 2.580E+00 2.000E+05 0.000E+00 0.000E+00
 1.47909419E-06   5785.3 4.294E-05 2.541E+07 2.832E-01 2.569E+00 2.000E+05 0.000E+00 0.000E+00
 1.97684022E-06   5791.6 5.741E-05 3.384E+07 2.819E-01 2.557E+00 2.000E+05 0.000E+00 0.000E+00
 2.64411057E-06   5797.8 7.681E-05 4.509E+07 2.802E-01 2.541E+00 2.000E+05 0.000E+00 0.000E+00
 3.54003924E-06   5803.5 1.029E-04 6.007E+07 2.781E-01 2.521E+00 2.000E+05 0.000E+00 0.000E+00
 4.74544329E-06   5808.7 1.380E-04 8.005E+07 2.753E-01 2.496E+00 2.000E+05 0.000E+00 0.000E+00
 6.37151122E-06   5813.6 1.854E-04 1.067E+08 2.718E-01 2.464E+00 2.000E+05 0.000E+00 0.000E+00
 8.57244265E-06   5818.2 2.496E-04 1.422E+08 2.672E-01 2.424E+00 2.000E+05 0.000E+00 0.000E+00
 1.15637203E-05   5823.3 3.370E-04 1.896E+08 2.616E-01 2.375E+00 2.000E+05 0.000E+00 0.000E+00
 1.56494970E-05   5828.6 4.566E-04 2.528E+08 2.547E-01 2.315E+00 2.000E+05 0.000E+00 0.000E+00
 2.12658267E-05   5833.7 6.214E-04 3.371E+08 2.463E-01 2.241E+00 2.000E+05 0.000E+00 0.000E+00
 2.90454711E-05   5839.1 8.504E-04 4.496E+08 2.362E-01 2.153E+00 2.000E+05 0.000E+00 0.000E+00
 3.99149549E-05   5845.4 1.171E-03 5.999E+08 2.244E-01 2.051E+00 2.000E+05 0.000E+00 0.000E+00
 5.52465492E-05   5852.6 1.626E-03 8.008E+08 2.112E-01 1.937E+00 2.000E+05 0.000E+00 0.000E+00
 7.70968954E-05   5860.8 2.276E-03 1.070E+09 1.966E-01 1.810E+00 2.000E+05 0.000E+00 0.000E+00
 1.08585836E-04   5870.0 3.217E-03 1.429E+09 1.809E-01 1.675E+00 2.000E+05 0.000E+00 0.000E+00
 1.54427321E-04   5881.2 4.593E-03 1.912E+09 1.650E-01 1.537E+00 2.000E+05 0.000E+00 0.000E+00
 2.21906765E-04   5892.4 6.628E-03 2.555E+09 1.487E-01 1.396E+00 2.000E+05 0.000E+00 0.000E+00
 3.21770159E-04   5909.2 9.653E-03 3.430E+09 1.339E-01 1.269E+00 2.000E+05 0.000E+00 0.000E+00
 4.71209356E-04   5920.4 1.420E-02 4.567E+09 1.182E-01 1.138E+00 2.000E+05 0.000E+00 0.000E+00
 6.96739973E-04   5937.6 2.109E-02 6.120E+09 1.047E-01 1.028E+00 2.000E+05 0.000E+00 0.000E+00
 1.03628284E-03   5957.5 3.149E-02 8.202E+09 9.285E-02 9.340E-01 2.000E+05 0.000E+00 0.000E+00
 1.54061173E-03   5988.9 4.699E-02 1.112E+10 8.442E-02 8.672E-01 2.000E+05 0.000E+00 0.000E+00
 2.27177307E-03   6028.5 6.950E-02 1.515E+10 7.854E-02 8.228E-01 2.000E+05 0.000E+00 0.000E+00
 3.30268818E-03   6079.2 1.013E-01 2.076E+10 7.552E-02 8.031E-01 2.000E+05 0.000E+00 0.000E+00
 4.70051435E-03   6143.8 1.443E-01 2.865E+10 7.577E-02 8.075E-01 2.000E+05 0.000E+00 0.000E+00
 6.52509535E-03   6216.8 2.005E-01 3.938E+10 7.840E-02 8.260E-01 2.000E+05 0.000E+00 0.000E+00
 8.87241954E-03   6286.0 2.728E-01 5.296E+10 8.125E-02 8.433E-01 2.000E+05 0.000E+00 0.000E+00
 1.19330984E-02   6338.6 3.670E-01 6.880E+10 8.177E-02 8.416E-01 2.000E+05 0.000E+00 0.000E+00
 1.60623701E-02   6374.3 4.942E-01 8.697E+10 7.956E-02 8.224E-01 2.000E+05 0.000E+00 0.000E+00
 2.18084467E-02   6396.6 6.712E-01 1.080E+11 7.524E-02 7.918E-01 2.000E+05 0.000E+00 0.000E+00
 2.99530212E-02   6415.6 9.225E-01 1.340E+11 7.067E-02 7.631E-01 2.000E+05 0.000E+00 0.000E+00
 4.14987285E-02   6435.3 1.279E+00 1.670E+11 6.666E-02 7.405E-01 2.000E+05 0.000E+00 0.000E+00
 5.77442124E-02   6456.9 1.781E+00 2.087E+11 6.350E-02 7.263E-01 2.000E+05 0.000E+00 0.000E+00
 8.03182175E-02   6481.4 2.478E+00 2.615E+11 6.139E-02 7.225E-01 2.000E+05 0.000E+00 0.000E+00
 1.11141163E-01   6509.7 3.431E+00 3.283E+11 6.054E-02 7.306E-01 2.000E+05 0.000E+00 0.000E+00
 1.52349116E-01   6542.3 4.703E+00 4.125E+11 6.104E-02 7.513E-01 2.000E+05 0.000E+00 0.000E+00
 2.06187064E-01   6579.5 6.364E+00 5.179E+11 6.302E-02 7.873E-01 2.000E+05 0.000E+00 0.000E+00
 2.74865891E-01   6621.9 8.480E+00 6.496E+11 6.668E-02 8.412E-01 2.000E+05 0.000E+00 0.000E+00
 3.60191663E-01   6671.6 1.110E+01 8.161E+11 7.256E-02 9.193E-01 2.000E+05 0.000E+00 0.000E+00
 4.63249149E-01   6729.4 1.426E+01 1.027E+12 8.123E-02 1.029E+00 2.000E+05 0.000E+00 0.000E+00
 5.84096644E-01   6797.5 1.795E+01 1.298E+12 9.381E-02 1.184E+00 2.000E+05 0.000E+00 0.000E+00
 7.21271088E-01   6878.3 2.211E+01 1.650E+12 1.121E-01 1.405E+00 2.000E+05 0.000E+00 0.000E+00
 8.71566193E-01   6974.7 2.663E+01 2.114E+12 1.389E-01 1.725E+00 2.000E+05 0.000E+00 0.000E+00
 1.03014349E+00   7089.2 3.134E+01 2.733E+12 1.790E-01 2.196E+00 2.000E+05 0.000E+00 0.000E+00
 1.19083805E+00   7226.0 3.601E+01 3.571E+12 2.405E-01 2.898E+00 2.000E+05 0.000E+00 0.000E+00
 1.34725888E+00   7386.2 4.043E+01 4.694E+12 3.358E-01 3.961E+00 2.000E+05 0.000E+00 0.000E+00
 1.49385288E+00   7573.5 4.437E+01 6.193E+12 4.863E-01 5.598E+00 2.000E+05 0.000E+00 0.000E+00
 1.62709264E+00   7791.1 4.769E+01 8.140E+12 7.210E-01 8.035E+00 2.000E+05 0.000E+00 0.000E+00
 1.74619091E+00   8040.7 5.030E+01 1.053E+13 1.077E+00 1.159E+01 2.000E+05 0.000E+00 0.000E+00
 1.85367550E+00   8324.5 5.222E+01 1.320E+13 1.558E+00 1.609E+01 2.000E+05 0.000E+00 0.000E+00
 1.95635046E+00   8642.3 5.358E+01 1.573E+13 2.095E+00 2.074E+01 2.000E+05 0.000E+00 0.000E+00
 2.06448649E+00   8999.5 5.457E+01 1.766E+13 2.495E+00 2.368E+01 2.000E+05 0.000E+00 0.000E+00
 2.19425170E+00   9398.7 5.557E+01 1.876E+13 2.600E+00 2.383E+01 2.000E+05 0.000E+00 0.000E+00
 2.37132907E+00   9848.6 5.715E+01 1.926E+13 2.417E+00 2.158E+01 2.000E+05 0.000E+00 0.000E+00
 2.63345691E+00  10352.3 6.019E+01 1.972E+13 2.108E+00 1.855E+01 2.000E+05 0.000E+00 0.000E+00
 3.04032330E+00  10922.2 6.612E+01 2.072E+13 1.805E+00 1.579E+01 2.000E+05 0.000E+00 0.000E+00
 3.67122661E+00  11564.2 7.683E+01 2.285E+13 1.564E+00 1.371E+01 2.000E+05 0.000E+00 0.000E+00
 4.63015820E+00  12288.2 9.480E+01 2.662E+13 1.390E+00 1.223E+01 2.000E+05 0.000E+00 0.000E+00
 6.04146156E+00  13090.0 1.229E+02 3.258E+13 1.282E+00 1.129E+01 2.000E+05 0.000E+00 0.000E+00
 8.04332626E+00  13977.1 1.642E+02 4.121E+13 1.225E+00 1.077E+01 2.000E+05 0.000E+00 0.000E+00
 1.08012596E+01  14940.1 2.221E+02 5.287E+13 1.195E+00 1.048E+01 2.000E+05 0.000E+00 0.000E+00
 1.45800272E+01  15990.0 3.027E+02 6.797E+13 1.160E+00 1.015E+01 2.000E+05 0.000E+00 0.000E+00
 1.97782361E+01  17126.0 4.152E+02 8.744E+13 1.124E+00 9.815E+00 2.000E+05 0.000E+00 0.000E+00
 2.69150695E+01  18357.7 5.719E+02 1.126E+14 1.095E+00 9.553E+00 2.000E+05 0.000E+00 0.000E+00
 3.66270158E+01  19690.4 7.871E+02 1.445E+14 1.079E+00 9.398E+00 2.000E+05 0.000E+00 0.000E+00
 4.96897969E+01  21127.5 1.078E+03 1.845E+14 1.076E+00 9.351E+00 2.000E+05 0.000E+00 0.000E+00
 6.70423619E+01  22679.5 1.464E+03 2.334E+14 1.087E+00 9.403E+00 2.000E+05 0.000E+00 0.000E+00
 8.97815119E+01  24348.2 1.970E+03 2.927E+14 1.113E+00 9.289E+00 2.000E+05 0.000E+00 0.000E+00
PRADK 6.1976E+00
BEGIN                    ITERATION  15 COMPLETED
