TEFF   9500.  GRAVITY 4.50000 LTE 
TITLE SDSC GRID  [+0.1]   VTURB 2.0 KM/S                                        
 OPACITY IFOP 1 1 1 1 1 1 1 1 1 1 1 1 1 0 1 0 0 0 0 0
 CONVECTION OFF  1.00 TURBULENCE OFF  0.00  0.00  0.00  0.00
ABUNDANCE SCALE   1.25890 ABUNDANCE CHANGE 1 0.91100 2 0.08900
 ABUNDANCE CHANGE  3 -10.88  4 -10.89  5  -9.44  6  -3.48  7  -3.99  8  -3.11
 ABUNDANCE CHANGE  9  -7.48 10  -3.95 11  -5.71 12  -4.46 13  -5.57 14  -4.49
 ABUNDANCE CHANGE 15  -6.59 16  -4.83 17  -6.54 18  -5.48 19  -6.82 20  -5.68
 ABUNDANCE CHANGE 21  -8.94 22  -7.05 23  -8.04 24  -6.37 25  -6.65 26  -4.37
 ABUNDANCE CHANGE 27  -7.12 28  -5.79 29  -7.83 30  -7.44 31  -9.16 32  -8.63
 ABUNDANCE CHANGE 33  -9.67 34  -8.69 35  -9.41 36  -8.81 37  -9.44 38  -9.14
 ABUNDANCE CHANGE 39  -9.80 40  -9.54 41 -10.62 42 -10.12 43 -20.00 44 -10.20
 ABUNDANCE CHANGE 45 -10.92 46 -10.35 47 -11.10 48 -10.18 49 -10.58 50 -10.04
 ABUNDANCE CHANGE 51 -11.04 52  -9.80 53 -10.53 54  -9.81 55 -10.92 56  -9.91
 ABUNDANCE CHANGE 57 -10.82 58 -10.49 59 -11.33 60 -10.54 61 -20.00 62 -11.04
 ABUNDANCE CHANGE 63 -11.53 64 -10.92 65 -11.94 66 -10.94 67 -11.78 68 -11.11
 ABUNDANCE CHANGE 69 -12.04 70 -10.96 71 -11.28 72 -11.16 73 -11.91 74 -10.93
 ABUNDANCE CHANGE 75 -11.77 76 -10.59 77 -10.69 78 -10.24 79 -11.03 80 -10.95
 ABUNDANCE CHANGE 81 -11.14 82 -10.19 83 -11.33 84 -20.00 85 -20.00 86 -20.00
 ABUNDANCE CHANGE 87 -20.00 88 -20.00 89 -20.00 90 -11.92 91 -20.00 92 -12.51
 ABUNDANCE CHANGE 93 -20.00 94 -20.00 95 -20.00 96 -20.00 97 -20.00 98 -20.00
 ABUNDANCE CHANGE 99 -20.00
READ DECK6 64 RHOX,T,P,XNE,ABROSS,ACCRAD,VTURB
 5.24388227E-05   5454.5 1.657E+00 2.335E+10 3.332E-02 2.640E+01 2.000E+05
 5.35432314E-05   6147.6 1.692E+00 1.158E+11 3.332E-02 1.882E+01 2.000E+05
 6.99197924E-05   6210.4 2.209E+00 1.509E+11 3.602E-02 1.741E+01 2.000E+05
 9.09763740E-05   6269.8 2.875E+00 1.946E+11 3.890E-02 1.663E+01 2.000E+05
 1.17068540E-04   6324.5 3.700E+00 2.468E+11 4.192E-02 1.605E+01 2.000E+05
 1.49286390E-04   6376.3 4.718E+00 3.092E+11 4.521E-02 1.560E+01 2.000E+05
 1.89178170E-04   6425.6 5.979E+00 3.839E+11 4.883E-02 1.524E+01 2.000E+05
 2.38303735E-04   6473.6 7.531E+00 4.733E+11 5.293E-02 1.499E+01 2.000E+05
 2.98607535E-04   6520.8 9.437E+00 5.803E+11 5.766E-02 1.485E+01 2.000E+05
 3.72185082E-04   6568.2 1.176E+01 7.088E+11 6.321E-02 1.481E+01 2.000E+05
 4.61389084E-04   6616.2 1.458E+01 8.633E+11 6.977E-02 1.483E+01 2.000E+05
 5.68705015E-04   6665.4 1.797E+01 1.049E+12 7.763E-02 1.489E+01 2.000E+05
 6.96887298E-04   6715.5 2.203E+01 1.271E+12 8.692E-02 1.497E+01 2.000E+05
 8.49100662E-04   6766.5 2.684E+01 1.536E+12 9.786E-02 1.507E+01 2.000E+05
 1.02902292E-03   6817.9 3.252E+01 1.850E+12 1.106E-01 1.518E+01 2.000E+05
 1.24106587E-03   6869.3 3.923E+01 2.219E+12 1.253E-01 1.531E+01 2.000E+05
 1.49058224E-03   6920.1 4.711E+01 2.650E+12 1.420E-01 1.547E+01 2.000E+05
 1.78431639E-03   6969.7 5.640E+01 3.150E+12 1.607E-01 1.566E+01 2.000E+05
 2.13054007E-03   7018.1 6.734E+01 3.729E+12 1.817E-01 1.591E+01 2.000E+05
 2.53911414E-03   7065.5 8.025E+01 4.398E+12 2.052E-01 1.624E+01 2.000E+05
 3.02169301E-03   7112.2 9.550E+01 5.173E+12 2.317E-01 1.665E+01 2.000E+05
 3.59145446E-03   7158.7 1.135E+02 6.073E+12 2.618E-01 1.716E+01 2.000E+05
 4.26388149E-03   7205.1 1.348E+02 7.120E+12 2.958E-01 1.776E+01 2.000E+05
 5.05714745E-03   7251.6 1.598E+02 8.335E+12 3.345E-01 1.844E+01 2.000E+05
 5.99250323E-03   7298.3 1.894E+02 9.746E+12 3.784E-01 1.921E+01 2.000E+05
 7.09476533E-03   7345.2 2.242E+02 1.139E+13 4.283E-01 2.007E+01 2.000E+05
 8.39315200E-03   7392.3 2.653E+02 1.329E+13 4.849E-01 2.104E+01 2.000E+05
 9.92258699E-03   7439.5 3.136E+02 1.549E+13 5.490E-01 2.214E+01 2.000E+05
 1.17228014E-02   7487.7 3.705E+02 1.807E+13 6.224E-01 2.343E+01 2.000E+05
 1.38400303E-02   7536.3 4.374E+02 2.105E+13 7.058E-01 2.490E+01 2.000E+05
 1.63292106E-02   7585.7 5.160E+02 2.453E+13 8.011E-01 2.662E+01 2.000E+05
 1.92484835E-02   7637.2 6.083E+02 2.863E+13 9.124E-01 2.864E+01 2.000E+05
 2.26599693E-02   7691.4 7.160E+02 3.347E+13 1.043E+00 3.104E+01 2.000E+05
 2.66285634E-02   7749.6 8.414E+02 3.925E+13 1.199E+00 3.393E+01 2.000E+05
 3.12154675E-02   7812.9 9.863E+02 4.621E+13 1.389E+00 3.746E+01 2.000E+05
 3.64683484E-02   7884.1 1.152E+03 5.476E+13 1.626E+00 4.192E+01 2.000E+05
 4.24160919E-02   7963.9 1.340E+03 6.530E+13 1.926E+00 4.750E+01 2.000E+05
 4.90680252E-02   8054.3 1.550E+03 7.846E+13 2.313E+00 5.466E+01 2.000E+05
 5.63965579E-02   8157.9 1.781E+03 9.511E+13 2.823E+00 6.399E+01 2.000E+05
 6.43225108E-02   8278.1 2.031E+03 1.165E+14 3.517E+00 7.643E+01 2.000E+05
 7.27191479E-02   8416.8 2.296E+03 1.442E+14 4.474E+00 9.333E+01 2.000E+05
 8.14144374E-02   8578.5 2.570E+03 1.806E+14 5.833E+00 1.170E+02 2.000E+05
 9.01913856E-02   8767.9 2.847E+03 2.288E+14 7.808E+00 1.505E+02 2.000E+05
 9.88209866E-02   8990.1 3.118E+03 2.931E+14 1.072E+01 1.985E+02 2.000E+05
 1.07105957E-01   9248.4 3.378E+03 3.780E+14 1.504E+01 2.681E+02 2.000E+05
 1.14938425E-01   9549.0 3.623E+03 4.884E+14 2.129E+01 3.658E+02 2.000E+05
 1.22310505E-01   9897.3 3.853E+03 6.266E+14 3.001E+01 5.003E+02 2.000E+05
 1.29397456E-01  10297.0 4.073E+03 7.884E+14 4.062E+01 6.590E+02 2.000E+05
 1.36630060E-01  10758.5 4.297E+03 9.611E+14 5.162E+01 8.225E+02 2.000E+05
 1.44577618E-01  11283.6 4.541E+03 1.120E+15 5.940E+01 9.424E+02 2.000E+05
 1.54476778E-01  11888.3 4.845E+03 1.252E+15 5.960E+01 9.385E+02 2.000E+05
 1.68337394E-01  12568.6 5.270E+03 1.363E+15 5.441E+01 8.610E+02 2.000E+05
 1.89364463E-01  13336.3 5.919E+03 1.486E+15 4.590E+01 7.237E+02 2.000E+05
 2.22911484E-01  14186.8 6.957E+03 1.666E+15 3.865E+01 6.079E+02 2.000E+05
 2.75599781E-01  15122.6 8.594E+03 1.947E+15 3.318E+01 5.178E+02 2.000E+05
 3.55461880E-01  16139.3 1.108E+04 2.371E+15 2.991E+01 4.632E+02 2.000E+05
 4.70471261E-01  17245.1 1.467E+04 2.968E+15 2.834E+01 4.367E+02 2.000E+05
 6.29287506E-01  18444.8 1.962E+04 3.758E+15 2.775E+01 4.259E+02 2.000E+05
 8.44474186E-01  19748.8 2.633E+04 4.757E+15 2.744E+01 4.203E+02 2.000E+05
 1.13263068E+00  21162.8 3.533E+04 5.991E+15 2.749E+01 4.201E+02 2.000E+05
 1.51444199E+00  22691.4 4.724E+04 7.495E+15 2.778E+01 4.231E+02 2.000E+05
 2.01582276E+00  24344.9 6.288E+04 9.314E+15 2.834E+01 4.300E+02 2.000E+05
 2.66902146E+00  26129.9 8.325E+04 1.150E+16 2.909E+01 4.375E+02 2.000E+05
 3.51342067E+00  28051.8 1.096E+05 1.410E+16 3.016E+01 4.261E+02 2.000E+05
PRADK 1.4740E+01
BEGIN                    ITERATION   6 COMPLETED
