TEFF   4000.  GRAVITY 1.00000 LTE 
TITLE SDSC GRID  [-0.3]   VTURB 2.0 KM/S    L/H 1.25                            
 OPACITY IFOP 1 1 1 1 1 1 1 1 1 1 1 1 1 0 1 0 0 0 0 0
 CONVECTION ON   1.25 TURBULENCE OFF  0.00  0.00  0.00  0.00
ABUNDANCE SCALE   0.50120 ABUNDANCE CHANGE 1 0.91100 2 0.08900
 ABUNDANCE CHANGE  3 -10.88  4 -10.89  5  -9.44  6  -3.48  7  -3.99  8  -3.11
 ABUNDANCE CHANGE  9  -7.48 10  -3.95 11  -5.71 12  -4.46 13  -5.57 14  -4.49
 ABUNDANCE CHANGE 15  -6.59 16  -4.83 17  -6.54 18  -5.48 19  -6.82 20  -5.68
 ABUNDANCE CHANGE 21  -8.94 22  -7.05 23  -8.04 24  -6.37 25  -6.65 26  -4.37
 ABUNDANCE CHANGE 27  -7.12 28  -5.79 29  -7.83 30  -7.44 31  -9.16 32  -8.63
 ABUNDANCE CHANGE 33  -9.67 34  -8.69 35  -9.41 36  -8.81 37  -9.44 38  -9.14
 ABUNDANCE CHANGE 39  -9.80 40  -9.54 41 -10.62 42 -10.12 43 -20.00 44 -10.20
 ABUNDANCE CHANGE 45 -10.92 46 -10.35 47 -11.10 48 -10.18 49 -10.58 50 -10.04
 ABUNDANCE CHANGE 51 -11.04 52  -9.80 53 -10.53 54  -9.81 55 -10.92 56  -9.91
 ABUNDANCE CHANGE 57 -10.82 58 -10.49 59 -11.33 60 -10.54 61 -20.00 62 -11.04
 ABUNDANCE CHANGE 63 -11.53 64 -10.92 65 -11.94 66 -10.94 67 -11.78 68 -11.11
 ABUNDANCE CHANGE 69 -12.04 70 -10.96 71 -11.28 72 -11.16 73 -11.91 74 -10.93
 ABUNDANCE CHANGE 75 -11.77 76 -10.59 77 -10.69 78 -10.24 79 -11.03 80 -10.95
 ABUNDANCE CHANGE 81 -11.14 82 -10.19 83 -11.33 84 -20.00 85 -20.00 86 -20.00
 ABUNDANCE CHANGE 87 -20.00 88 -20.00 89 -20.00 90 -11.92 91 -20.00 92 -12.51
 ABUNDANCE CHANGE 93 -20.00 94 -20.00 95 -20.00 96 -20.00 97 -20.00 98 -20.00
 ABUNDANCE CHANGE 99 -20.00
READ DECK6 72 RHOX,T,P,XNE,ABROSS,ACCRAD,VTURB
 2.27004535E-02   2311.0 2.270E-01 2.378E+06 5.874E-06 1.803E-03 2.000E+05 0.000E+00 0.000E+00
 3.01178668E-02   2336.0 3.011E-01 3.167E+06 6.118E-06 1.628E-03 2.000E+05 0.000E+00 0.000E+00
 3.96159865E-02   2359.6 3.961E-01 4.176E+06 6.371E-06 1.470E-03 2.000E+05 0.000E+00 0.000E+00
 5.17507341E-02   2384.4 5.174E-01 5.485E+06 6.665E-06 1.332E-03 2.000E+05 0.000E+00 0.000E+00
 6.71798418E-02   2409.5 6.717E-01 7.172E+06 7.000E-06 1.209E-03 2.000E+05 0.000E+00 0.000E+00
 8.67475694E-02   2433.8 8.673E-01 9.323E+06 7.367E-06 1.095E-03 2.000E+05 0.000E+00 0.000E+00
 1.11511136E-01   2457.8 1.115E+00 1.207E+07 7.773E-06 9.950E-04 2.000E+05 0.000E+00 0.000E+00
 1.42753143E-01   2481.6 1.427E+00 1.556E+07 8.231E-06 9.094E-04 2.000E+05 0.000E+00 0.000E+00
 1.81988694E-01   2506.1 1.820E+00 2.002E+07 8.763E-06 8.392E-04 2.000E+05 0.000E+00 0.000E+00
 2.30991317E-01   2530.6 2.310E+00 2.567E+07 9.381E-06 7.768E-04 2.000E+05 0.000E+00 0.000E+00
 2.91910748E-01   2554.6 2.919E+00 3.278E+07 1.008E-05 7.215E-04 2.000E+05 0.000E+00 0.000E+00
 3.67377673E-01   2578.0 3.673E+00 4.164E+07 1.087E-05 6.719E-04 2.000E+05 0.000E+00 0.000E+00
 4.60456897E-01   2601.5 4.604E+00 5.273E+07 1.178E-05 6.296E-04 2.000E+05 0.000E+00 0.000E+00
 5.74669677E-01   2625.3 5.746E+00 6.660E+07 1.284E-05 5.940E-04 2.000E+05 0.000E+00 0.000E+00
 7.13838080E-01   2649.8 7.138E+00 8.395E+07 1.411E-05 5.622E-04 2.000E+05 0.000E+00 0.000E+00
 8.82364335E-01   2674.1 8.823E+00 1.054E+08 1.556E-05 5.325E-04 2.000E+05 0.000E+00 0.000E+00
 1.08561637E+00   2698.2 1.086E+01 1.316E+08 1.725E-05 5.046E-04 2.000E+05 0.000E+00 0.000E+00
 1.32951378E+00   2722.5 1.329E+01 1.640E+08 1.922E-05 4.792E-04 2.000E+05 0.000E+00 0.000E+00
 1.62063997E+00   2747.3 1.621E+01 2.038E+08 2.153E-05 4.568E-04 2.000E+05 0.000E+00 0.000E+00
 1.96549644E+00   2773.6 1.965E+01 2.534E+08 2.434E-05 4.385E-04 2.000E+05 0.000E+00 0.000E+00
 2.37106605E+00   2800.1 2.371E+01 3.140E+08 2.767E-05 4.214E-04 2.000E+05 0.000E+00 0.000E+00
 2.84613185E+00   2826.5 2.846E+01 3.876E+08 3.154E-05 4.052E-04 2.000E+05 0.000E+00 0.000E+00
 3.40055937E+00   2853.3 3.400E+01 4.771E+08 3.612E-05 3.909E-04 2.000E+05 0.000E+00 0.000E+00
 4.04462938E+00   2880.5 4.044E+01 5.861E+08 4.157E-05 3.801E-04 2.000E+05 0.000E+00 0.000E+00
 4.78698063E+00   2909.4 4.787E+01 7.214E+08 4.832E-05 3.753E-04 2.000E+05 0.000E+00 0.000E+00
 5.63804346E+00   2938.1 5.638E+01 8.837E+08 5.623E-05 3.714E-04 2.000E+05 0.000E+00 0.000E+00
 6.61303369E+00   2966.4 6.613E+01 1.078E+09 6.547E-05 3.687E-04 2.000E+05 0.000E+00 0.000E+00
 7.72936828E+00   2994.4 7.729E+01 1.310E+09 7.627E-05 3.678E-04 2.000E+05 0.000E+00 0.000E+00
 9.00664516E+00   3022.4 9.006E+01 1.587E+09 8.895E-05 3.699E-04 2.000E+05 0.000E+00 0.000E+00
 1.04618508E+01   3051.5 1.046E+02 1.924E+09 1.044E-04 3.791E-04 2.000E+05 0.000E+00 0.000E+00
 1.21157886E+01   3079.9 1.212E+02 2.320E+09 1.224E-04 3.898E-04 2.000E+05 0.000E+00 0.000E+00
 1.39992459E+01   3107.6 1.400E+02 2.785E+09 1.432E-04 4.020E-04 2.000E+05 0.000E+00 0.000E+00
 1.61482078E+01   3134.7 1.615E+02 3.330E+09 1.672E-04 4.159E-04 2.000E+05 0.000E+00 0.000E+00
 1.86052983E+01   3161.1 1.860E+02 3.965E+09 1.948E-04 4.324E-04 2.000E+05 0.000E+00 0.000E+00
 2.14134361E+01   3187.8 2.141E+02 4.718E+09 2.276E-04 4.554E-04 2.000E+05 0.000E+00 0.000E+00
 2.46240377E+01   3213.7 2.462E+02 5.590E+09 2.651E-04 4.811E-04 2.000E+05 0.000E+00 0.000E+00
 2.83027114E+01   3239.1 2.830E+02 6.605E+09 3.083E-04 5.106E-04 2.000E+05 0.000E+00 0.000E+00
 3.25223692E+01   3264.4 3.252E+02 7.791E+09 3.584E-04 5.452E-04 2.000E+05 0.000E+00 0.000E+00
 3.73620309E+01   3289.9 3.736E+02 9.184E+09 4.169E-04 5.867E-04 2.000E+05 0.000E+00 0.000E+00
 4.29074276E+01   3316.0 4.291E+02 1.083E+10 4.855E-04 6.356E-04 2.000E+05 0.000E+00 0.000E+00
 4.92455675E+01   3343.4 4.924E+02 1.280E+10 5.675E-04 6.958E-04 2.000E+05 0.000E+00 0.000E+00
 5.64657948E+01   3372.2 5.646E+02 1.516E+10 6.653E-04 7.664E-04 2.000E+05 0.000E+00 0.000E+00
 6.46611990E+01   3403.3 6.466E+02 1.803E+10 7.835E-04 8.499E-04 2.000E+05 0.000E+00 0.000E+00
 7.39150279E+01   3437.5 7.391E+02 2.156E+10 9.280E-04 9.491E-04 2.000E+05 0.000E+00 0.000E+00
 8.42960949E+01   3475.8 8.429E+02 2.596E+10 1.107E-03 1.069E-03 2.000E+05 0.000E+00 0.000E+00
 9.58469664E+01   3519.2 9.584E+02 3.152E+10 1.333E-03 1.216E-03 2.000E+05 0.000E+00 0.000E+00
 1.08584730E+02   3568.6 1.086E+03 3.859E+10 1.619E-03 1.395E-03 2.000E+05 0.000E+00 0.000E+00
 1.22512923E+02   3625.1 1.225E+03 4.764E+10 1.982E-03 1.612E-03 2.000E+05 0.000E+00 0.000E+00
 1.37639973E+02   3690.0 1.376E+03 5.927E+10 2.439E-03 1.869E-03 2.000E+05 0.000E+00 0.000E+00
 1.53992087E+02   3764.2 1.540E+03 7.406E+10 3.013E-03 2.175E-03 2.000E+05 0.000E+00 0.000E+00
 1.71658908E+02   3849.0 1.716E+03 9.269E+10 3.713E-03 2.521E-03 2.000E+05 0.000E+00 0.000E+00
 1.90829152E+02   3945.5 1.908E+03 1.156E+11 4.541E-03 2.905E-03 2.000E+05 0.000E+00 0.000E+00
 2.11912724E+02   4055.0 2.119E+03 1.430E+11 5.463E-03 3.295E-03 2.000E+05 0.000E+00 0.000E+00
 2.35500463E+02   4179.2 2.355E+03 1.748E+11 6.450E-03 3.685E-03 2.000E+05 0.000E+00 0.000E+00
 2.62530274E+02   4318.8 2.625E+03 2.106E+11 7.399E-03 4.018E-03 2.000E+05 1.020E-12 0.000E+00
 2.94343520E+02   4479.0 2.943E+03 2.520E+11 8.320E-03 4.328E-03 2.000E+05 4.411E-09 0.000E+00
 3.31996869E+02   4658.7 3.319E+03 3.061E+11 9.395E-03 4.730E-03 2.000E+05 4.888E-06 0.000E+00
 3.74927650E+02   4879.8 3.748E+03 4.119E+11 1.155E-02 5.450E-03 2.000E+05 6.251E-03 0.000E+00
 4.18923785E+02   5089.1 4.188E+03 6.194E+11 1.590E-02 6.803E-03 2.000E+05 1.033E-01 1.776E+02
 4.59763848E+02   5303.3 4.596E+03 1.019E+12 2.380E-02 9.668E-03 2.000E+05 1.328E-01 2.610E+03
 4.93821897E+02   5567.9 4.936E+03 1.927E+12 4.033E-02 1.582E-02 2.000E+05 1.685E-01 1.118E+04
 5.20224543E+02   5846.9 5.200E+03 3.715E+12 7.009E-02 2.614E-02 2.000E+05 2.132E-01 3.450E+04
 5.39970259E+02   6161.8 5.396E+03 7.408E+12 1.275E-01 4.494E-02 2.000E+05 2.645E-01 7.143E+04
 5.54441892E+02   6490.8 5.540E+03 1.431E+13 2.318E-01 7.501E-02 2.000E+05 3.251E-01 1.025E+05
 5.65006577E+02   6837.9 5.645E+03 2.685E+13 4.233E-01 1.209E-01 2.000E+05 3.966E-01 2.211E+05
 5.72853196E+02   7168.7 5.722E+03 4.624E+13 7.376E-01 1.578E-01 2.000E+05 5.416E-01 3.522E+05
 5.79229323E+02   7427.2 5.785E+03 6.837E+13 1.129E+00 1.490E-01 2.000E+05 7.386E-01 3.851E+05
 5.85217021E+02   7608.9 5.844E+03 8.866E+13 1.517E+00 1.282E-01 2.000E+05 8.256E-01 3.826E+05
 5.91263209E+02   7772.6 5.904E+03 1.109E+14 1.975E+00 1.171E-01 2.000E+05 8.772E-01 3.801E+05
 5.97600015E+02   7912.1 5.967E+03 1.332E+14 2.467E+00 1.069E-01 2.000E+05 9.114E-01 3.784E+05
 6.04363017E+02   8053.0 6.033E+03 1.593E+14 3.079E+00 9.924E-02 2.000E+05 9.332E-01 3.716E+05
 6.11716808E+02   8175.1 6.106E+03 1.852E+14 3.723E+00 9.768E-02 2.000E+05 9.457E-01 3.678E+05
PRADK 3.4070E-01
BEGIN                    ITERATION  15 COMPLETED
