TEFF  15000.  GRAVITY 3.00000 LTE 
TITLE SDSC GRID  [+0.2]   VTURB 2.0 KM/S                                        
 OPACITY IFOP 1 1 1 1 1 1 1 1 1 1 1 1 1 0 1 0 0 0 0 0
 CONVECTION OFF  1.00 TURBULENCE OFF  0.00  0.00  0.00  0.00
ABUNDANCE SCALE   1.58490 ABUNDANCE CHANGE 1 0.91100 2 0.08900
 ABUNDANCE CHANGE  3 -10.88  4 -10.89  5  -9.44  6  -3.48  7  -3.99  8  -3.11
 ABUNDANCE CHANGE  9  -7.48 10  -3.95 11  -5.71 12  -4.46 13  -5.57 14  -4.49
 ABUNDANCE CHANGE 15  -6.59 16  -4.83 17  -6.54 18  -5.48 19  -6.82 20  -5.68
 ABUNDANCE CHANGE 21  -8.94 22  -7.05 23  -8.04 24  -6.37 25  -6.65 26  -4.37
 ABUNDANCE CHANGE 27  -7.12 28  -5.79 29  -7.83 30  -7.44 31  -9.16 32  -8.63
 ABUNDANCE CHANGE 33  -9.67 34  -8.69 35  -9.41 36  -8.81 37  -9.44 38  -9.14
 ABUNDANCE CHANGE 39  -9.80 40  -9.54 41 -10.62 42 -10.12 43 -20.00 44 -10.20
 ABUNDANCE CHANGE 45 -10.92 46 -10.35 47 -11.10 48 -10.18 49 -10.58 50 -10.04
 ABUNDANCE CHANGE 51 -11.04 52  -9.80 53 -10.53 54  -9.81 55 -10.92 56  -9.91
 ABUNDANCE CHANGE 57 -10.82 58 -10.49 59 -11.33 60 -10.54 61 -20.00 62 -11.04
 ABUNDANCE CHANGE 63 -11.53 64 -10.92 65 -11.94 66 -10.94 67 -11.78 68 -11.11
 ABUNDANCE CHANGE 69 -12.04 70 -10.96 71 -11.28 72 -11.16 73 -11.91 74 -10.93
 ABUNDANCE CHANGE 75 -11.77 76 -10.59 77 -10.69 78 -10.24 79 -11.03 80 -10.95
 ABUNDANCE CHANGE 81 -11.14 82 -10.19 83 -11.33 84 -20.00 85 -20.00 86 -20.00
 ABUNDANCE CHANGE 87 -20.00 88 -20.00 89 -20.00 90 -11.92 91 -20.00 92 -12.51
 ABUNDANCE CHANGE 93 -20.00 94 -20.00 95 -20.00 96 -20.00 97 -20.00 98 -20.00
 ABUNDANCE CHANGE 99 -20.00
READ DECK6 64 RHOX,T,P,XNE,ABROSS,ACCRAD,VTURB
 6.03115923E-06   7910.4 5.338E-03 2.330E+09 2.983E-01 1.150E+02 2.000E+05
 6.03115925E-06   8255.2 5.338E-03 2.234E+09 2.983E-01 1.051E+02 2.000E+05
 7.95021067E-06   8288.9 7.060E-03 2.942E+09 2.983E-01 9.969E+01 2.000E+05
 1.06022748E-05   8355.5 9.458E-03 3.910E+09 2.981E-01 9.187E+01 2.000E+05
 1.41325497E-05   8443.4 1.267E-02 5.183E+09 2.993E-01 8.877E+01 2.000E+05
 1.88182132E-05   8539.9 1.695E-02 6.854E+09 3.009E-01 8.580E+01 2.000E+05
 2.50315249E-05   8639.0 2.264E-02 9.051E+09 3.027E-01 8.209E+01 2.000E+05
 3.32666850E-05   8739.7 3.021E-02 1.194E+10 3.047E-01 7.817E+01 2.000E+05
 4.41675255E-05   8836.5 4.028E-02 1.575E+10 3.072E-01 7.504E+01 2.000E+05
 5.85750315E-05   8923.3 5.362E-02 2.076E+10 3.101E-01 7.320E+01 2.000E+05
 7.75895512E-05   8997.2 7.125E-02 2.735E+10 3.136E-01 7.336E+01 2.000E+05
 1.02639427E-04   9060.9 9.443E-02 3.599E+10 3.177E-01 7.571E+01 2.000E+05
 1.35574771E-04   9122.9 1.248E-01 4.724E+10 3.226E-01 7.940E+01 2.000E+05
 1.78791950E-04   9190.9 1.645E-01 6.180E+10 3.281E-01 8.327E+01 2.000E+05
 2.35394256E-04   9268.7 2.163E-01 8.057E+10 3.344E-01 8.644E+01 2.000E+05
 3.09377836E-04   9357.0 2.838E-01 1.047E+11 3.415E-01 8.873E+01 2.000E+05
 4.05848444E-04   9457.2 3.716E-01 1.357E+11 3.497E-01 8.988E+01 2.000E+05
 5.31315744E-04   9563.9 4.858E-01 1.754E+11 3.590E-01 9.025E+01 2.000E+05
 6.94049118E-04   9675.0 6.339E-01 2.262E+11 3.697E-01 9.023E+01 2.000E+05
 9.04490011E-04   9790.4 8.253E-01 2.910E+11 3.818E-01 8.989E+01 2.000E+05
 1.17576848E-03   9910.1 1.072E+00 3.735E+11 3.956E-01 8.920E+01 2.000E+05
 1.52415480E-03  10034.3 1.390E+00 4.781E+11 4.116E-01 8.866E+01 2.000E+05
 1.96941144E-03  10159.7 1.795E+00 6.101E+11 4.305E-01 8.882E+01 2.000E+05
 2.53587072E-03  10284.4 2.312E+00 7.759E+11 4.521E-01 8.893E+01 2.000E+05
 3.25360139E-03  10406.3 2.965E+00 9.837E+11 4.768E-01 8.929E+01 2.000E+05
 4.15899156E-03  10525.7 3.790E+00 1.243E+12 5.052E-01 9.009E+01 2.000E+05
 5.29579721E-03  10642.2 4.823E+00 1.565E+12 5.378E-01 9.157E+01 2.000E+05
 6.71659432E-03  10756.7 6.112E+00 1.962E+12 5.750E-01 9.364E+01 2.000E+05
 8.48470632E-03  10869.9 7.713E+00 2.449E+12 6.174E-01 9.627E+01 2.000E+05
 1.06762339E-02  10982.2 9.690E+00 3.045E+12 6.655E-01 9.951E+01 2.000E+05
 1.33822368E-02  11095.3 1.212E+01 3.771E+12 7.200E-01 1.034E+02 2.000E+05
 1.67109315E-02  11208.2 1.510E+01 4.649E+12 7.820E-01 1.082E+02 2.000E+05
 2.07880728E-02  11322.8 1.872E+01 5.707E+12 8.531E-01 1.146E+02 2.000E+05
 2.57670235E-02  11440.2 2.311E+01 6.973E+12 9.321E-01 1.215E+02 2.000E+05
 3.18408608E-02  11561.2 2.842E+01 8.486E+12 1.019E+00 1.292E+02 2.000E+05
 3.92478877E-02  11689.0 3.484E+01 1.029E+13 1.114E+00 1.376E+02 2.000E+05
 4.82866082E-02  11827.5 4.259E+01 1.243E+13 1.217E+00 1.468E+02 2.000E+05
 5.93384814E-02  11980.5 5.197E+01 1.498E+13 1.325E+00 1.566E+02 2.000E+05
 7.29029096E-02  12153.9 6.334E+01 1.800E+13 1.436E+00 1.665E+02 2.000E+05
 8.96493545E-02  12355.0 7.721E+01 2.160E+13 1.546E+00 1.760E+02 2.000E+05
 1.10487566E-01  12589.4 9.429E+01 2.591E+13 1.651E+00 1.849E+02 2.000E+05
 1.36557815E-01  12875.4 1.154E+02 3.105E+13 1.756E+00 1.945E+02 2.000E+05
 1.69406072E-01  13212.8 1.417E+02 3.725E+13 1.849E+00 2.021E+02 2.000E+05
 2.11256629E-01  13608.5 1.750E+02 4.481E+13 1.925E+00 2.075E+02 2.000E+05
 2.65184824E-01  14068.3 2.177E+02 5.420E+13 1.985E+00 2.108E+02 2.000E+05
 3.34785815E-01  14609.2 2.724E+02 6.579E+13 2.054E+00 2.160E+02 2.000E+05
 4.24862673E-01  15231.2 3.429E+02 8.005E+13 2.104E+00 2.187E+02 2.000E+05
 5.43020703E-01  15943.4 4.352E+02 9.773E+13 2.129E+00 2.190E+02 2.000E+05
 6.98452967E-01  16753.6 5.564E+02 1.195E+14 2.162E+00 2.208E+02 2.000E+05
 9.03930288E-01  17662.8 7.166E+02 1.464E+14 2.167E+00 2.199E+02 2.000E+05
 1.17711710E+00  18684.6 9.299E+02 1.799E+14 2.176E+00 2.188E+02 2.000E+05
 1.53816247E+00  19812.2 1.211E+03 2.211E+14 2.205E+00 2.214E+02 2.000E+05
 2.01851702E+00  21061.2 1.587E+03 2.726E+14 2.186E+00 2.156E+02 2.000E+05
 2.65973233E+00  22410.8 2.090E+03 3.374E+14 2.201E+00 2.161E+02 2.000E+05
 3.51240021E+00  23893.1 2.760E+03 4.180E+14 2.198E+00 2.122E+02 2.000E+05
 4.64135851E+00  25488.0 3.648E+03 5.180E+14 2.239E+00 2.145E+02 2.000E+05
 6.09775304E+00  27234.1 4.786E+03 6.361E+14 2.343E+00 2.231E+02 2.000E+05
 7.94045674E+00  29123.3 6.207E+03 7.715E+14 2.486E+00 2.359E+02 2.000E+05
 1.02368390E+01  31187.3 7.940E+03 9.225E+14 2.680E+00 2.541E+02 2.000E+05
 1.30664366E+01  33417.5 1.002E+04 1.089E+15 2.910E+00 2.756E+02 2.000E+05
 1.65195557E+01  35849.0 1.248E+04 1.272E+15 3.198E+00 3.024E+02 2.000E+05
 2.07733861E+01  38462.5 1.540E+04 1.480E+15 3.389E+00 3.194E+02 2.000E+05
 2.62585491E+01  41338.8 1.912E+04 1.727E+15 3.424E+00 3.233E+02 2.000E+05
 3.37114936E+01  44393.7 2.425E+04 2.052E+15 3.288E+00 2.989E+02 2.000E+05
PRADK 9.0808E+01
BEGIN                    ITERATION   6 COMPLETED
