EFF   7000.  GRAVITY 4.00000 LTE 
ITLE SDSC GRID  [-1.0]   VTURB 2.0 KM/S    L/H 1.25                            
OPACITY IFOP 1 1 1 1 1 1 1 1 1 1 1 1 1 0 1 0 0 0 0 0
CONVECTION ON   1.25 TURBULENCE OFF  0.00  0.00  0.00  0.00
BUNDANCE SCALE   0.10000 ABUNDANCE CHANGE 1 0.91100 2 0.08900
ABUNDANCE CHANGE  3 -10.88  4 -10.89  5  -9.44  6  -3.48  7  -3.99  8  -3.11
ABUNDANCE CHANGE  9  -7.48 10  -3.95 11  -5.71 12  -4.46 13  -5.57 14  -4.49
ABUNDANCE CHANGE 15  -6.59 16  -4.83 17  -6.54 18  -5.48 19  -6.82 20  -5.68
ABUNDANCE CHANGE 21  -8.94 22  -7.05 23  -8.04 24  -6.37 25  -6.65 26  -4.37
ABUNDANCE CHANGE 27  -7.12 28  -5.79 29  -7.83 30  -7.44 31  -9.16 32  -8.63
ABUNDANCE CHANGE 33  -9.67 34  -8.69 35  -9.41 36  -8.81 37  -9.44 38  -9.14
ABUNDANCE CHANGE 39  -9.80 40  -9.54 41 -10.62 42 -10.12 43 -20.00 44 -10.20
ABUNDANCE CHANGE 45 -10.92 46 -10.35 47 -11.10 48 -10.18 49 -10.58 50 -10.04
ABUNDANCE CHANGE 51 -11.04 52  -9.80 53 -10.53 54  -9.81 55 -10.92 56  -9.91
ABUNDANCE CHANGE 57 -10.82 58 -10.49 59 -11.33 60 -10.54 61 -20.00 62 -11.04
ABUNDANCE CHANGE 63 -11.53 64 -10.92 65 -11.94 66 -10.94 67 -11.78 68 -11.11
ABUNDANCE CHANGE 69 -12.04 70 -10.96 71 -11.28 72 -11.16 73 -11.91 74 -10.93
ABUNDANCE CHANGE 75 -11.77 76 -10.59 77 -10.69 78 -10.24 79 -11.03 80 -10.95
ABUNDANCE CHANGE 81 -11.14 82 -10.19 83 -11.33 84 -20.00 85 -20.00 86 -20.00
ABUNDANCE CHANGE 87 -20.00 88 -20.00 89 -20.00 90 -11.92 91 -20.00 92 -12.51
ABUNDANCE CHANGE 93 -20.00 94 -20.00 95 -20.00 96 -20.00 97 -20.00 98 -20.00
ABUNDANCE CHANGE 99 -20.00
EAD DECK6 72 RHOX,T,P,XNE,ABROSS,ACCRAD,VTURB
2.42960662E-04   4737.8 2.430E+00 3.069E+09 5.489E-04 8.944E-02 2.000E+05 0.000E+00 0.000E+00
3.23466189E-04   4758.7 3.235E+00 3.816E+09 5.560E-04 8.821E-02 2.000E+05 0.000E+00 0.000E+00
4.28673503E-04   4780.6 4.287E+00 4.747E+09 5.714E-04 8.626E-02 2.000E+05 0.000E+00 0.000E+00
5.64013077E-04   4804.3 5.640E+00 5.917E+09 5.974E-04 8.419E-02 2.000E+05 0.000E+00 0.000E+00
7.35405837E-04   4829.1 7.354E+00 7.361E+09 6.336E-04 8.219E-02 2.000E+05 0.000E+00 0.000E+00
9.49499005E-04   4854.3 9.495E+00 9.120E+09 6.803E-04 8.023E-02 2.000E+05 0.000E+00 0.000E+00
1.21405977E-03   4879.6 1.214E+01 1.124E+10 7.376E-04 7.855E-02 2.000E+05 0.000E+00 0.000E+00
1.53808585E-03   4904.7 1.538E+01 1.376E+10 8.060E-04 7.697E-02 2.000E+05 0.000E+00 0.000E+00
1.93218289E-03   4929.3 1.932E+01 1.673E+10 8.860E-04 7.552E-02 2.000E+05 0.000E+00 0.000E+00
2.40912788E-03   4953.2 2.409E+01 2.021E+10 9.783E-04 7.428E-02 2.000E+05 0.000E+00 0.000E+00
2.98412712E-03   4976.3 2.984E+01 2.426E+10 1.084E-03 7.324E-02 2.000E+05 0.000E+00 0.000E+00
3.67540548E-03   4998.6 3.675E+01 2.893E+10 1.203E-03 7.272E-02 2.000E+05 0.000E+00 0.000E+00
4.50465765E-03   5020.0 4.504E+01 3.430E+10 1.339E-03 7.269E-02 2.000E+05 0.000E+00 0.000E+00
5.49749092E-03   5040.9 5.497E+01 4.050E+10 1.493E-03 7.303E-02 2.000E+05 0.000E+00 0.000E+00
6.68315161E-03   5061.8 6.683E+01 4.770E+10 1.670E-03 7.372E-02 2.000E+05 0.000E+00 0.000E+00
8.09477325E-03   5083.0 8.094E+01 5.608E+10 1.873E-03 7.468E-02 2.000E+05 0.000E+00 0.000E+00
9.77019637E-03   5104.6 9.770E+01 6.590E+10 2.108E-03 7.588E-02 2.000E+05 0.000E+00 0.000E+00
1.17519907E-02   5127.1 1.175E+02 7.742E+10 2.380E-03 7.747E-02 2.000E+05 0.000E+00 0.000E+00
1.40885645E-02   5150.3 1.409E+02 9.098E+10 2.696E-03 7.928E-02 2.000E+05 0.000E+00 0.000E+00
1.68353940E-02   5174.4 1.683E+02 1.069E+11 3.062E-03 8.131E-02 2.000E+05 0.000E+00 0.000E+00
2.00560261E-02   5199.5 2.006E+02 1.258E+11 3.487E-03 8.356E-02 2.000E+05 0.000E+00 0.000E+00
2.38231939E-02   5225.4 2.382E+02 1.480E+11 3.980E-03 8.603E-02 2.000E+05 0.000E+00 0.000E+00
2.82202029E-02   5252.3 2.822E+02 1.742E+11 4.551E-03 8.876E-02 2.000E+05 0.000E+00 0.000E+00
3.33427859E-02   5280.1 3.334E+02 2.052E+11 5.213E-03 9.184E-02 2.000E+05 0.000E+00 0.000E+00
3.93014831E-02   5308.7 3.930E+02 2.417E+11 5.980E-03 9.543E-02 2.000E+05 0.000E+00 0.000E+00
4.62254965E-02   5337.8 4.622E+02 2.847E+11 6.866E-03 9.936E-02 2.000E+05 0.000E+00 0.000E+00
5.42650255E-02   5367.7 5.426E+02 3.352E+11 7.888E-03 1.037E-01 2.000E+05 0.000E+00 0.000E+00
6.35956504E-02   5397.8 6.359E+02 3.944E+11 9.063E-03 1.086E-01 2.000E+05 0.000E+00 0.000E+00
7.44237411E-02   5428.2 7.442E+02 4.636E+11 1.041E-02 1.139E-01 2.000E+05 0.000E+00 0.000E+00
8.69961820E-02   5458.5 8.699E+02 5.441E+11 1.195E-02 1.198E-01 2.000E+05 0.000E+00 0.000E+00
1.01609682E-01   5488.7 1.016E+03 6.373E+11 1.371E-02 1.264E-01 2.000E+05 0.000E+00 0.000E+00
1.18625106E-01   5517.9 1.186E+03 7.440E+11 1.568E-02 1.340E-01 2.000E+05 0.000E+00 0.000E+00
1.38480502E-01   5546.4 1.385E+03 8.661E+11 1.790E-02 1.424E-01 2.000E+05 0.000E+00 0.000E+00
1.61713242E-01   5573.5 1.617E+03 1.004E+12 2.037E-02 1.519E-01 2.000E+05 0.000E+00 0.000E+00
1.88974959E-01   5599.5 1.890E+03 1.161E+12 2.312E-02 1.627E-01 2.000E+05 0.000E+00 0.000E+00
2.21044801E-01   5624.3 2.210E+03 1.337E+12 2.618E-02 1.750E-01 2.000E+05 0.000E+00 0.000E+00
2.58837246E-01   5648.6 2.588E+03 1.539E+12 2.961E-02 1.892E-01 2.000E+05 0.000E+00 0.000E+00
3.03412764E-01   5672.4 3.034E+03 1.769E+12 3.347E-02 2.054E-01 2.000E+05 0.000E+00 0.000E+00
3.55961814E-01   5696.9 3.560E+03 2.037E+12 3.789E-02 2.246E-01 2.000E+05 0.000E+00 0.000E+00
4.17800111E-01   5722.4 4.178E+03 2.350E+12 4.299E-02 2.470E-01 2.000E+05 0.000E+00 0.000E+00
4.90377236E-01   5749.6 4.904E+03 2.721E+12 4.892E-02 2.732E-01 2.000E+05 0.000E+00 0.000E+00
5.75233824E-01   5779.3 5.752E+03 3.167E+12 5.592E-02 3.046E-01 2.000E+05 0.000E+00 0.000E+00
6.73946207E-01   5812.5 6.739E+03 3.710E+12 6.429E-02 3.424E-01 2.000E+05 0.000E+00 0.000E+00
7.88021794E-01   5850.3 7.880E+03 4.386E+12 7.448E-02 3.888E-01 2.000E+05 0.000E+00 0.000E+00
9.18733567E-01   5894.3 9.187E+03 5.245E+12 8.710E-02 4.467E-01 2.000E+05 0.000E+00 0.000E+00
1.06685250E+00   5946.6 1.067E+04 6.368E+12 1.032E-01 5.212E-01 2.000E+05 0.000E+00 0.000E+00
1.23221467E+00   6010.1 1.232E+04 7.885E+12 1.243E-01 6.197E-01 2.000E+05 3.157E-11 0.000E+00
1.41366608E+00   6086.4 1.414E+04 9.976E+12 1.524E-01 7.516E-01 2.000E+05 2.286E-09 0.000E+00
1.60852459E+00   6180.6 1.608E+04 1.299E+13 1.917E-01 9.364E-01 2.000E+05 3.842E-09 0.000E+00
1.81320045E+00   6292.4 1.813E+04 1.735E+13 2.465E-01 1.204E+00 2.000E+05 3.362E-07 0.000E+00
2.01604132E+00   6472.3 2.016E+04 2.605E+13 3.519E-01 1.729E+00 2.000E+05 9.078E-05 7.037E+02
2.18367787E+00   6784.1 2.184E+04 4.791E+13 6.083E-01 2.909E+00 2.000E+05 1.119E-02 2.074E+03
2.32518539E+00   7003.0 2.325E+04 7.155E+13 8.826E-01 3.917E+00 2.000E+05 6.967E-02 1.261E+03
2.46615434E+00   7138.1 2.466E+04 9.156E+13 1.113E+00 4.518E+00 2.000E+05 1.308E-01 8.299E+02
2.61418530E+00   7293.3 2.614E+04 1.197E+14 1.441E+00 5.388E+00 2.000E+05 1.934E-01 2.820E+03
2.76324312E+00   7483.9 2.763E+04 1.629E+14 1.954E+00 6.742E+00 2.000E+05 2.539E-01 7.823E+03
2.90706364E+00   7705.8 2.907E+04 2.275E+14 2.750E+00 8.748E+00 2.000E+05 3.098E-01 1.960E+04
3.04087390E+00   7961.8 3.040E+04 3.250E+14 4.024E+00 1.198E+01 2.000E+05 3.575E-01 5.008E+04
3.15819999E+00   8279.6 3.157E+04 4.863E+14 6.330E+00 1.757E+01 2.000E+05 3.971E-01 9.292E+04
3.25800970E+00   8608.8 3.257E+04 7.114E+14 9.925E+00 2.636E+01 2.000E+05 4.271E-01 1.355E+05
3.33688661E+00   9048.6 3.336E+04 1.119E+15 1.747E+01 4.190E+01 2.000E+05 4.708E-01 3.154E+05
3.40106965E+00   9395.9 3.400E+04 1.544E+15 2.647E+01 4.270E+01 2.000E+05 6.442E-01 3.940E+05
3.46182254E+00   9656.5 3.460E+04 1.930E+15 3.530E+01 3.748E+01 2.000E+05 7.681E-01 4.149E+05
3.52436115E+00   9882.5 3.522E+04 2.317E+15 4.468E+01 3.231E+01 2.000E+05 8.374E-01 4.177E+05
3.59190642E+00  10076.5 3.590E+04 2.689E+15 5.408E+01 2.916E+01 2.000E+05 8.810E-01 4.236E+05
3.66643202E+00  10279.1 3.664E+04 3.116E+15 6.524E+01 2.697E+01 2.000E+05 9.100E-01 4.272E+05
3.75016055E+00  10460.4 3.748E+04 3.536E+15 7.645E+01 2.449E+01 2.000E+05 9.283E-01 4.250E+05
3.84525266E+00  10658.1 3.842E+04 4.026E+15 8.989E+01 2.354E+01 2.000E+05 9.433E-01 4.311E+05
3.95396375E+00  10849.3 3.951E+04 4.541E+15 1.041E+02 2.176E+01 2.000E+05 9.532E-01 4.276E+05
4.07932910E+00  11052.1 4.076E+04 5.122E+15 1.202E+02 2.109E+01 2.000E+05 9.619E-01 4.335E+05
4.22445713E+00  11266.6 4.221E+04 5.773E+15 1.380E+02 1.992E+01 2.000E+05 9.679E-01 4.295E+05
4.39472046E+00  11483.4 4.391E+04 6.476E+15 1.558E+02 2.016E+01 2.000E+05 9.717E-01 4.349E+05
RADK 3.1873E+00
EGIN                    ITERATION  15 COMPLETED
