EFF   7250.  GRAVITY 1.00000 LTE 
ITLE SDSC GRID  [-1.5]   VTURB 2.0 KM/S    L/H 1.25                            
OPACITY IFOP 1 1 1 1 1 1 1 1 1 1 1 1 1 0 1 0 0 0 0 0
CONVECTION ON   1.25 TURBULENCE OFF  0.00  0.00  0.00  0.00
BUNDANCE SCALE   0.03162 ABUNDANCE CHANGE 1 0.91100 2 0.08900
ABUNDANCE CHANGE  3 -10.88  4 -10.89  5  -9.44  6  -3.48  7  -3.99  8  -3.11
ABUNDANCE CHANGE  9  -7.48 10  -3.95 11  -5.71 12  -4.46 13  -5.57 14  -4.49
ABUNDANCE CHANGE 15  -6.59 16  -4.83 17  -6.54 18  -5.48 19  -6.82 20  -5.68
ABUNDANCE CHANGE 21  -8.94 22  -7.05 23  -8.04 24  -6.37 25  -6.65 26  -4.37
ABUNDANCE CHANGE 27  -7.12 28  -5.79 29  -7.83 30  -7.44 31  -9.16 32  -8.63
ABUNDANCE CHANGE 33  -9.67 34  -8.69 35  -9.41 36  -8.81 37  -9.44 38  -9.14
ABUNDANCE CHANGE 39  -9.80 40  -9.54 41 -10.62 42 -10.12 43 -20.00 44 -10.20
ABUNDANCE CHANGE 45 -10.92 46 -10.35 47 -11.10 48 -10.18 49 -10.58 50 -10.04
ABUNDANCE CHANGE 51 -11.04 52  -9.80 53 -10.53 54  -9.81 55 -10.92 56  -9.91
ABUNDANCE CHANGE 57 -10.82 58 -10.49 59 -11.33 60 -10.54 61 -20.00 62 -11.04
ABUNDANCE CHANGE 63 -11.53 64 -10.92 65 -11.94 66 -10.94 67 -11.78 68 -11.11
ABUNDANCE CHANGE 69 -12.04 70 -10.96 71 -11.28 72 -11.16 73 -11.91 74 -10.93
ABUNDANCE CHANGE 75 -11.77 76 -10.59 77 -10.69 78 -10.24 79 -11.03 80 -10.95
ABUNDANCE CHANGE 81 -11.14 82 -10.19 83 -11.33 84 -20.00 85 -20.00 86 -20.00
ABUNDANCE CHANGE 87 -20.00 88 -20.00 89 -20.00 90 -11.92 91 -20.00 92 -12.51
ABUNDANCE CHANGE 93 -20.00 94 -20.00 95 -20.00 96 -20.00 97 -20.00 98 -20.00
ABUNDANCE CHANGE 99 -20.00
EAD DECK6 72 RHOX,T,P,XNE,ABROSS,ACCRAD,VTURB
1.88306230E-05   4376.8 1.868E-04 6.459E+06 7.082E-03 7.914E-02 2.000E+05 0.000E+00 0.000E+00
2.54077618E-05   4388.3 2.521E-04 7.887E+06 6.443E-03 7.571E-02 2.000E+05 0.000E+00 0.000E+00
3.51266355E-05   4398.5 3.485E-04 9.696E+06 5.762E-03 7.195E-02 2.000E+05 0.000E+00 0.000E+00
4.95461466E-05   4413.3 4.917E-04 1.227E+07 5.208E-03 6.872E-02 2.000E+05 0.000E+00 0.000E+00
7.08074510E-05   4432.2 7.029E-04 1.587E+07 4.756E-03 6.585E-02 2.000E+05 0.000E+00 0.000E+00
1.01586428E-04   4455.7 1.009E-03 2.094E+07 4.417E-03 6.335E-02 2.000E+05 0.000E+00 0.000E+00
1.45360545E-04   4483.6 1.444E-03 2.802E+07 4.178E-03 6.108E-02 2.000E+05 0.000E+00 0.000E+00
2.06504606E-04   4515.3 2.052E-03 3.789E+07 4.021E-03 5.894E-02 2.000E+05 0.000E+00 0.000E+00
2.90536642E-04   4550.0 2.887E-03 5.146E+07 3.928E-03 5.684E-02 2.000E+05 0.000E+00 0.000E+00
4.04606866E-04   4586.5 4.021E-03 6.988E+07 3.876E-03 5.468E-02 2.000E+05 0.000E+00 0.000E+00
5.58305163E-04   4623.7 5.550E-03 9.450E+07 3.844E-03 5.246E-02 2.000E+05 0.000E+00 0.000E+00
7.64854877E-04   4660.7 7.605E-03 1.269E+08 3.814E-03 5.023E-02 2.000E+05 0.000E+00 0.000E+00
1.04284353E-03   4696.7 1.037E-02 1.691E+08 3.774E-03 4.809E-02 2.000E+05 0.000E+00 0.000E+00
1.41818805E-03   4731.9 1.411E-02 2.240E+08 3.721E-03 4.621E-02 2.000E+05 0.000E+00 0.000E+00
1.92683206E-03   4766.3 1.917E-02 2.950E+08 3.655E-03 4.451E-02 2.000E+05 0.000E+00 0.000E+00
2.61801097E-03   4800.5 2.605E-02 3.879E+08 3.585E-03 4.297E-02 2.000E+05 0.000E+00 0.000E+00
3.55745648E-03   4835.3 3.541E-02 5.099E+08 3.519E-03 4.152E-02 2.000E+05 0.000E+00 0.000E+00
4.83301771E-03   4870.6 4.811E-02 6.703E+08 3.458E-03 4.010E-02 2.000E+05 0.000E+00 0.000E+00
6.56461279E-03   4905.8 6.536E-02 8.796E+08 3.395E-03 3.870E-02 2.000E+05 0.000E+00 0.000E+00
8.91954483E-03   4940.4 8.882E-02 1.150E+09 3.324E-03 3.735E-02 2.000E+05 0.000E+00 0.000E+00
1.21339528E-02   4973.9 1.208E-01 1.496E+09 3.241E-03 3.610E-02 2.000E+05 0.000E+00 0.000E+00
1.65390298E-02   5006.4 1.647E-01 1.941E+09 3.149E-03 3.501E-02 2.000E+05 0.000E+00 0.000E+00
2.25880303E-02   5038.8 2.250E-01 2.516E+09 3.058E-03 3.415E-02 2.000E+05 0.000E+00 0.000E+00
3.08795311E-02   5072.2 3.077E-01 3.267E+09 2.982E-03 3.353E-02 2.000E+05 0.000E+00 0.000E+00
4.21648147E-02   5107.9 4.201E-01 4.266E+09 2.936E-03 3.319E-02 2.000E+05 0.000E+00 0.000E+00
5.73417373E-02   5146.9 5.714E-01 5.603E+09 2.932E-03 3.312E-02 2.000E+05 0.000E+00 0.000E+00
7.74349636E-02   5189.6 7.717E-01 7.402E+09 2.978E-03 3.333E-02 2.000E+05 0.000E+00 0.000E+00
1.03563580E-01   5236.2 1.032E+00 9.824E+09 3.081E-03 3.382E-02 2.000E+05 0.000E+00 0.000E+00
1.36906494E-01   5286.5 1.364E+00 1.307E+10 3.248E-03 3.456E-02 2.000E+05 0.000E+00 0.000E+00
1.78726904E-01   5339.4 1.781E+00 1.735E+10 3.478E-03 3.547E-02 2.000E+05 0.000E+00 0.000E+00
2.30557109E-01   5392.8 2.298E+00 2.286E+10 3.758E-03 3.647E-02 2.000E+05 0.000E+00 0.000E+00
2.94434049E-01   5443.9 2.934E+00 2.969E+10 4.065E-03 3.752E-02 2.000E+05 0.000E+00 0.000E+00
3.73340971E-01   5491.0 3.720E+00 3.793E+10 4.379E-03 3.866E-02 2.000E+05 0.000E+00 0.000E+00
4.71153886E-01   5534.8 4.694E+00 4.784E+10 4.707E-03 3.998E-02 2.000E+05 0.000E+00 0.000E+00
5.92519581E-01   5576.2 5.903E+00 5.974E+10 5.060E-03 4.152E-02 2.000E+05 0.000E+00 0.000E+00
7.42828082E-01   5616.1 7.400E+00 7.409E+10 5.457E-03 4.333E-02 2.000E+05 0.000E+00 0.000E+00
9.28340389E-01   5654.7 9.247E+00 9.131E+10 5.908E-03 4.545E-02 2.000E+05 0.000E+00 0.000E+00
1.15633741E+00   5692.3 1.152E+01 1.120E+11 6.425E-03 4.797E-02 2.000E+05 0.000E+00 0.000E+00
1.43516206E+00   5729.4 1.429E+01 1.366E+11 7.025E-03 5.098E-02 2.000E+05 0.000E+00 0.000E+00
1.77405555E+00   5766.6 1.766E+01 1.663E+11 7.734E-03 5.463E-02 2.000E+05 0.000E+00 0.000E+00
2.18283222E+00   5804.7 2.173E+01 2.021E+11 8.584E-03 5.909E-02 2.000E+05 0.000E+00 0.000E+00
2.67156315E+00   5844.7 2.658E+01 2.458E+11 9.622E-03 6.463E-02 2.000E+05 0.000E+00 0.000E+00
3.24978783E+00   5887.5 3.233E+01 2.995E+11 1.091E-02 7.158E-02 2.000E+05 0.000E+00 0.000E+00
3.92540707E+00   5934.8 3.903E+01 3.669E+11 1.253E-02 8.055E-02 2.000E+05 0.000E+00 0.000E+00
4.70348042E+00   5987.7 4.674E+01 4.524E+11 1.462E-02 9.221E-02 2.000E+05 0.000E+00 0.000E+00
5.58444910E+00   6048.5 5.547E+01 5.637E+11 1.739E-02 1.079E-01 2.000E+05 0.000E+00 0.000E+00
6.56164093E+00   6119.2 6.512E+01 7.115E+11 2.114E-02 1.294E-01 2.000E+05 0.000E+00 0.000E+00
7.61887001E+00   6203.0 7.554E+01 9.142E+11 2.644E-02 1.601E-01 2.000E+05 0.000E+00 0.000E+00
8.72775358E+00   6303.5 8.643E+01 1.200E+12 3.420E-02 2.055E-01 2.000E+05 1.722E-19 0.000E+00
9.84894585E+00   6424.0 9.738E+01 1.614E+12 4.603E-02 2.756E-01 2.000E+05 2.081E-17 7.943E+00
1.09342337E+01   6569.3 1.079E+02 2.231E+12 6.499E-02 3.894E-01 2.000E+05 7.096E-16 2.712E+01
1.19298094E+01   6745.2 1.174E+02 3.182E+12 9.738E-02 5.854E-01 2.000E+05 1.440E-14 6.703E+01
1.27866421E+01   6957.3 1.253E+02 4.676E+12 1.561E-01 9.431E-01 2.000E+05 7.155E-13 1.961E+02
1.34730938E+01   7211.4 1.313E+02 7.057E+12 2.691E-01 1.631E+00 2.000E+05 7.284E-11 7.420E+02
1.39860277E+01   7508.7 1.353E+02 1.077E+13 4.939E-01 2.976E+00 2.000E+05 9.105E-09 3.379E+03
1.43517649E+01   7847.4 1.375E+02 1.625E+13 9.352E-01 5.539E+00 2.000E+05 9.286E-07 1.664E+04
1.46084249E+01   8233.9 1.381E+02 2.372E+13 1.765E+00 1.017E+01 2.000E+05 4.047E-05 7.426E+04
1.47964195E+01   8657.5 1.374E+02 3.208E+13 3.028E+00 1.694E+01 2.000E+05 2.755E-04 1.741E+05
1.49576236E+01   9127.0 1.358E+02 3.911E+13 4.330E+00 2.353E+01 2.000E+05 4.034E-04 2.240E+05
1.51278834E+01   9639.0 1.332E+02 4.238E+13 4.823E+00 2.567E+01 2.000E+05 1.291E-04 1.615E+05
1.53590677E+01  10209.4 1.300E+02 4.199E+13 4.284E+00 2.251E+01 2.000E+05 8.172E-06 4.622E+04
1.57293558E+01  10832.1 1.263E+02 3.956E+13 3.312E+00 1.732E+01 2.000E+05 1.040E-07 1.265E+04
1.63959604E+01  11530.2 1.232E+02 3.663E+13 2.410E+00 1.260E+01 2.000E+05 1.647E-09 4.683E+03
1.76214709E+01  12296.3 1.224E+02 3.429E+13 1.755E+00 9.165E+00 2.000E+05 1.135E-10 2.441E+03
1.98059437E+01  13139.4 1.268E+02 3.348E+13 1.355E+00 7.068E+00 2.000E+05 4.022E-11 1.768E+03
2.34121802E+01  14055.7 1.397E+02 3.497E+13 1.142E+00 5.949E+00 2.000E+05 2.589E-11 1.526E+03
2.89145469E+01  15055.5 1.638E+02 3.888E+13 1.027E+00 5.347E+00 2.000E+05 7.077E-12 9.664E+02
3.69586886E+01  16135.1 2.031E+02 4.533E+13 9.480E-01 4.931E+00 2.000E+05 5.072E-13 3.736E+02
4.84267392E+01  17308.0 2.629E+02 5.487E+13 8.974E-01 4.669E+00 2.000E+05 7.794E-15 0.000E+00
6.43992918E+01  18569.3 3.495E+02 6.805E+13 8.679E-01 4.508E+00 2.000E+05 0.000E+00 0.000E+00
8.61915204E+01  19935.1 4.700E+02 8.527E+13 8.553E-01 4.438E+00 2.000E+05 1.731E-13 0.000E+00
1.15544274E+02  21400.6 6.351E+02 1.074E+14 8.489E-01 4.309E+00 2.000E+05 1.441E-12 4.329E+02
RADK 3.6993E+00
EGIN                    ITERATION  15 COMPLETED
