TEFF  11500.  GRAVITY 4.00000 LTE 
TITLE SDSC GRID  [-0.2]   VTURB 2.0 KM/S                                        
 OPACITY IFOP 1 1 1 1 1 1 1 1 1 1 1 1 1 0 1 0 0 0 0 0
 CONVECTION OFF  1.00 TURBULENCE OFF  0.00  0.00  0.00  0.00
ABUNDANCE SCALE   0.63100 ABUNDANCE CHANGE 1 0.91100 2 0.08900
 ABUNDANCE CHANGE  3 -10.88  4 -10.89  5  -9.44  6  -3.48  7  -3.99  8  -3.11
 ABUNDANCE CHANGE  9  -7.48 10  -3.95 11  -5.71 12  -4.46 13  -5.57 14  -4.49
 ABUNDANCE CHANGE 15  -6.59 16  -4.83 17  -6.54 18  -5.48 19  -6.82 20  -5.68
 ABUNDANCE CHANGE 21  -8.94 22  -7.05 23  -8.04 24  -6.37 25  -6.65 26  -4.37
 ABUNDANCE CHANGE 27  -7.12 28  -5.79 29  -7.83 30  -7.44 31  -9.16 32  -8.63
 ABUNDANCE CHANGE 33  -9.67 34  -8.69 35  -9.41 36  -8.81 37  -9.44 38  -9.14
 ABUNDANCE CHANGE 39  -9.80 40  -9.54 41 -10.62 42 -10.12 43 -20.00 44 -10.20
 ABUNDANCE CHANGE 45 -10.92 46 -10.35 47 -11.10 48 -10.18 49 -10.58 50 -10.04
 ABUNDANCE CHANGE 51 -11.04 52  -9.80 53 -10.53 54  -9.81 55 -10.92 56  -9.91
 ABUNDANCE CHANGE 57 -10.82 58 -10.49 59 -11.33 60 -10.54 61 -20.00 62 -11.04
 ABUNDANCE CHANGE 63 -11.53 64 -10.92 65 -11.94 66 -10.94 67 -11.78 68 -11.11
 ABUNDANCE CHANGE 69 -12.04 70 -10.96 71 -11.28 72 -11.16 73 -11.91 74 -10.93
 ABUNDANCE CHANGE 75 -11.77 76 -10.59 77 -10.69 78 -10.24 79 -11.03 80 -10.95
 ABUNDANCE CHANGE 81 -11.14 82 -10.19 83 -11.33 84 -20.00 85 -20.00 86 -20.00
 ABUNDANCE CHANGE 87 -20.00 88 -20.00 89 -20.00 90 -11.92 91 -20.00 92 -12.51
 ABUNDANCE CHANGE 93 -20.00 94 -20.00 95 -20.00 96 -20.00 97 -20.00 98 -20.00
 ABUNDANCE CHANGE 99 -20.00
READ DECK6 64 RHOX,T,P,XNE,ABROSS,ACCRAD,VTURB
 5.97404881E-06   6710.2 5.914E-02 2.607E+10 2.955E-01 1.012E+02 2.000E+05
 6.02267665E-06   6953.6 5.962E-02 2.757E+10 2.955E-01 9.282E+01 2.000E+05
 8.01613427E-06   6999.8 7.937E-02 3.617E+10 2.980E-01 9.339E+01 2.000E+05
 1.06487793E-05   7057.6 1.054E-01 4.739E+10 3.028E-01 9.372E+01 2.000E+05
 1.40968531E-05   7120.1 1.396E-01 6.189E+10 3.089E-01 9.089E+01 2.000E+05
 1.85934907E-05   7185.6 1.842E-01 8.056E+10 3.166E-01 8.783E+01 2.000E+05
 2.44297594E-05   7252.7 2.420E-01 1.045E+11 3.260E-01 8.565E+01 2.000E+05
 3.19675329E-05   7321.0 3.168E-01 1.350E+11 3.374E-01 8.441E+01 2.000E+05
 4.16582221E-05   7390.3 4.129E-01 1.736E+11 3.507E-01 8.235E+01 2.000E+05
 5.40602515E-05   7459.5 5.359E-01 2.225E+11 3.663E-01 8.104E+01 2.000E+05
 6.98524484E-05   7528.9 6.925E-01 2.838E+11 3.846E-01 8.054E+01 2.000E+05
 8.98519883E-05   7599.4 8.909E-01 3.605E+11 4.060E-01 8.046E+01 2.000E+05
 1.15047542E-04   7672.5 1.141E+00 4.561E+11 4.308E-01 7.895E+01 2.000E+05
 1.46632514E-04   7745.8 1.454E+00 5.745E+11 4.594E-01 7.767E+01 2.000E+05
 1.86018792E-04   7819.1 1.845E+00 7.203E+11 4.926E-01 7.714E+01 2.000E+05
 2.34866513E-04   7892.5 2.330E+00 8.989E+11 5.310E-01 7.724E+01 2.000E+05
 2.95126631E-04   7965.8 2.928E+00 1.117E+12 5.754E-01 7.797E+01 2.000E+05
 3.69119442E-04   8038.6 3.662E+00 1.381E+12 6.261E-01 7.856E+01 2.000E+05
 4.59622692E-04   8109.3 4.560E+00 1.699E+12 6.838E-01 7.948E+01 2.000E+05
 5.69983176E-04   8177.7 5.654E+00 2.082E+12 7.487E-01 8.024E+01 2.000E+05
 7.04210780E-04   8242.5 6.986E+00 2.541E+12 8.219E-01 8.180E+01 2.000E+05
 8.67011157E-04   8303.7 8.600E+00 3.087E+12 9.050E-01 8.452E+01 2.000E+05
 1.06388253E-03   8363.2 1.055E+01 3.737E+12 9.994E-01 8.813E+01 2.000E+05
 1.30126443E-03   8423.2 1.290E+01 4.510E+12 1.107E+00 9.187E+01 2.000E+05
 1.58674099E-03   8481.1 1.573E+01 5.423E+12 1.229E+00 9.642E+01 2.000E+05
 1.92921965E-03   8537.8 1.912E+01 6.499E+12 1.367E+00 1.019E+02 2.000E+05
 2.33913632E-03   8593.7 2.318E+01 7.765E+12 1.525E+00 1.083E+02 2.000E+05
 2.82873552E-03   8649.0 2.802E+01 9.252E+12 1.704E+00 1.158E+02 2.000E+05
 3.41240098E-03   8705.3 3.379E+01 1.100E+13 1.908E+00 1.242E+02 2.000E+05
 4.10724872E-03   8766.9 4.065E+01 1.306E+13 2.138E+00 1.322E+02 2.000E+05
 4.93401791E-03   8826.2 4.880E+01 1.546E+13 2.397E+00 1.415E+02 2.000E+05
 5.91697907E-03   8885.8 5.849E+01 1.827E+13 2.690E+00 1.525E+02 2.000E+05
 7.08375090E-03   8947.6 6.997E+01 2.157E+13 3.025E+00 1.655E+02 2.000E+05
 8.46536204E-03   9014.3 8.355E+01 2.544E+13 3.412E+00 1.808E+02 2.000E+05
 1.00965139E-02   9087.5 9.955E+01 3.000E+13 3.860E+00 1.987E+02 2.000E+05
 1.20147664E-02   9175.2 1.183E+02 3.542E+13 4.386E+00 2.184E+02 2.000E+05
 1.42616964E-02   9274.5 1.403E+02 4.182E+13 5.002E+00 2.410E+02 2.000E+05
 1.68856936E-02   9390.8 1.659E+02 4.943E+13 5.717E+00 2.661E+02 2.000E+05
 1.99467177E-02   9526.3 1.956E+02 5.844E+13 6.534E+00 2.932E+02 2.000E+05
 2.35186095E-02   9682.9 2.302E+02 6.908E+13 7.465E+00 3.234E+02 2.000E+05
 2.76935570E-02   9865.9 2.706E+02 8.160E+13 8.500E+00 3.563E+02 2.000E+05
 3.26078002E-02  10080.9 3.179E+02 9.629E+13 9.570E+00 3.882E+02 2.000E+05
 3.84908416E-02  10332.3 3.743E+02 1.135E+14 1.055E+01 4.122E+02 2.000E+05
 4.56700128E-02  10621.2 4.431E+02 1.338E+14 1.143E+01 4.332E+02 2.000E+05
 5.45917426E-02  10957.0 5.284E+02 1.578E+14 1.215E+01 4.491E+02 2.000E+05
 6.59407767E-02  11347.0 6.367E+02 1.865E+14 1.257E+01 4.558E+02 2.000E+05
 8.08161911E-02  11795.5 7.787E+02 2.221E+14 1.261E+01 4.486E+02 2.000E+05
 1.00797525E-01  12314.8 9.697E+02 2.672E+14 1.241E+01 4.376E+02 2.000E+05
 1.28125857E-01  12906.7 1.231E+03 3.256E+14 1.200E+01 4.208E+02 2.000E+05
 1.66116890E-01  13587.0 1.596E+03 4.027E+14 1.142E+01 3.990E+02 2.000E+05
 2.19401601E-01  14353.3 2.108E+03 5.058E+14 1.088E+01 3.789E+02 2.000E+05
 2.93703436E-01  15213.3 2.823E+03 6.433E+14 1.045E+01 3.609E+02 2.000E+05
 3.95964555E-01  16158.8 3.810E+03 8.250E+14 1.022E+01 3.481E+02 2.000E+05
 5.33865722E-01  17189.7 5.141E+03 1.058E+15 1.018E+01 3.425E+02 2.000E+05
 7.18563045E-01  18313.0 6.925E+03 1.351E+15 1.013E+01 3.376E+02 2.000E+05
 9.66218998E-01  19537.8 9.319E+03 1.713E+15 1.007E+01 3.338E+02 2.000E+05
 1.29728035E+00  20872.8 1.252E+04 2.161E+15 1.009E+01 3.326E+02 2.000E+05
 1.73572914E+00  22324.9 1.676E+04 2.709E+15 1.020E+01 3.352E+02 2.000E+05
 2.31399402E+00  23902.8 2.235E+04 3.376E+15 1.032E+01 3.366E+02 2.000E+05
 3.07181242E+00  25611.9 2.967E+04 4.184E+15 1.056E+01 3.432E+02 2.000E+05
 4.05435483E+00  27464.9 3.915E+04 5.150E+15 1.091E+01 3.508E+02 2.000E+05
 5.30752945E+00  29462.7 5.123E+04 6.284E+15 1.153E+01 3.659E+02 2.000E+05
 6.88545844E+00  31628.8 6.642E+04 7.590E+15 1.224E+01 3.814E+02 2.000E+05
 8.84022021E+00  33956.2 8.523E+04 9.076E+15 1.335E+01 3.787E+02 2.000E+05
PRADK 3.1280E+01
BEGIN                    ITERATION   6 COMPLETED
