EFF  17000.  GRAVITY 3.00000 LTE
ITLE SDSC GRID  [-3.5]   VTURB 2.0 KM/S
OPACITY IFOP 1 1 1 1 1 1 1 1 1 1 1 1 1 0 1 0 0 0 0 0
CONVECTION OFF  1.00 TURBULENCE OFF  0.00  0.00  0.00  0.00
BUNDANCE SCALE  .0003162 ABUNDANCE CHANGE 1 0.91100 2 0.08900
ABUNDANCE CHANGE  3 -10.88  4 -10.89  5  -9.44  6  -3.48  7  -3.99  8  -3.11
ABUNDANCE CHANGE  9  -7.48 10  -3.95 11  -5.71 12  -4.46 13  -5.57 14  -4.49
ABUNDANCE CHANGE 15  -6.59 16  -4.83 17  -6.54 18  -5.48 19  -6.82 20  -5.68
ABUNDANCE CHANGE 21  -8.94 22  -7.05 23  -8.04 24  -6.37 25  -6.65 26  -4.37
ABUNDANCE CHANGE 27  -7.12 28  -5.79 29  -7.83 30  -7.44 31  -9.16 32  -8.63
ABUNDANCE CHANGE 33  -9.67 34  -8.69 35  -9.41 36  -8.81 37  -9.44 38  -9.14
ABUNDANCE CHANGE 39  -9.80 40  -9.54 41 -10.62 42 -10.12 43 -20.00 44 -10.20
ABUNDANCE CHANGE 45 -10.92 46 -10.35 47 -11.10 48 -10.18 49 -10.58 50 -10.04
ABUNDANCE CHANGE 51 -11.04 52  -9.80 53 -10.53 54  -9.81 55 -10.92 56  -9.91
ABUNDANCE CHANGE 57 -10.82 58 -10.49 59 -11.33 60 -10.54 61 -20.00 62 -11.04
ABUNDANCE CHANGE 63 -11.53 64 -10.92 65 -11.94 66 -10.94 67 -11.78 68 -11.11
ABUNDANCE CHANGE 69 -12.04 70 -10.96 71 -11.28 72 -11.16 73 -11.91 74 -10.93
ABUNDANCE CHANGE 75 -11.77 76 -10.59 77 -10.69 78 -10.24 79 -11.03 80 -10.95
ABUNDANCE CHANGE 81 -11.14 82 -10.19 83 -11.33 84 -20.00 85 -20.00 86 -20.00
ABUNDANCE CHANGE 87 -20.00 88 -20.00 89 -20.00 90 -11.92 91 -20.00 92 -12.51
ABUNDANCE CHANGE 93 -20.00 94 -20.00 95 -20.00 96 -20.00 97 -20.00 98 -20.00
ABUNDANCE CHANGE 99 -20.00
EAD DECK6 64 RHOX,T,P,XNE,ABROSS,ACCRAD,VTURB
5.09955806E-06  10103.0 4.863E-03 1.724E+09 3.080E-01 4.898E+01 2.000E+05
5.67857235E-06  10104.0 5.415E-03 1.918E+09 3.080E-01 4.897E+01 2.000E+05
7.57593674E-06  10105.0 7.225E-03 2.551E+09 3.064E-01 4.875E+01 2.000E+05
1.01164342E-05  10106.0 9.649E-03 3.397E+09 3.048E-01 4.851E+01 2.000E+05
1.35281928E-05  10107.0 1.290E-02 4.528E+09 3.031E-01 4.831E+01 2.000E+05
1.81275499E-05  10108.0 1.729E-02 6.045E+09 3.014E-01 4.813E+01 2.000E+05
2.43233407E-05  10109.0 2.320E-02 8.082E+09 2.998E-01 4.799E+01 2.000E+05
3.26526425E-05  10110.0 3.113E-02 1.081E+10 2.984E-01 4.792E+01 2.000E+05
4.38384533E-05  10111.0 4.178E-02 1.446E+10 2.974E-01 4.794E+01 2.000E+05
5.88128807E-05  10112.3 5.604E-02 1.934E+10 2.968E-01 4.808E+01 2.000E+05
7.88010441E-05  10122.2 7.506E-02 2.583E+10 2.967E-01 4.836E+01 2.000E+05
1.05432947E-04  10139.6 1.004E-01 3.444E+10 2.973E-01 4.878E+01 2.000E+05
1.40847384E-04  10168.1 1.341E-01 4.580E+10 2.984E-01 4.932E+01 2.000E+05
1.87838410E-04  10203.5 1.787E-01 6.079E+10 3.002E-01 5.000E+01 2.000E+05
2.50053999E-04  10247.4 2.378E-01 8.047E+10 3.027E-01 5.082E+01 2.000E+05
3.32230773E-04  10301.6 3.158E-01 1.062E+11 3.060E-01 5.177E+01 2.000E+05
4.40486250E-04  10368.1 4.184E-01 1.398E+11 3.102E-01 5.284E+01 2.000E+05
5.82709063E-04  10449.1 5.530E-01 1.833E+11 3.152E-01 5.399E+01 2.000E+05
7.69031238E-04  10543.9 7.291E-01 2.395E+11 3.213E-01 5.517E+01 2.000E+05
1.01242819E-03  10653.7 9.590E-01 3.118E+11 3.285E-01 5.633E+01 2.000E+05
1.32943561E-03  10775.1 1.258E+00 4.044E+11 3.368E-01 5.744E+01 2.000E+05
1.74100636E-03  10905.3 1.646E+00 5.229E+11 3.465E-01 5.847E+01 2.000E+05
2.27343498E-03  11036.5 2.147E+00 6.742E+11 3.579E-01 5.946E+01 2.000E+05
2.95931188E-03  11162.6 2.791E+00 8.669E+11 3.713E-01 6.055E+01 2.000E+05
3.83838960E-03  11276.5 3.617E+00 1.112E+12 3.874E-01 6.195E+01 2.000E+05
4.95838827E-03  11374.9 4.666E+00 1.422E+12 4.068E-01 6.392E+01 2.000E+05
6.37528539E-03  11456.7 5.991E+00 1.812E+12 4.303E-01 6.668E+01 2.000E+05
8.15482010E-03  11525.8 7.648E+00 2.299E+12 4.584E-01 7.043E+01 2.000E+05
1.03746844E-02  11589.5 9.706E+00 2.900E+12 4.915E-01 7.529E+01 2.000E+05
1.31293557E-02  11659.0 1.225E+01 3.636E+12 5.291E-01 8.104E+01 2.000E+05
1.65347420E-02  11734.7 1.536E+01 4.531E+12 5.718E-01 8.761E+01 2.000E+05
2.07293024E-02  11814.1 1.917E+01 5.615E+12 6.200E-01 9.520E+01 2.000E+05
2.58828031E-02  11902.0 2.381E+01 6.921E+12 6.735E-01 1.038E+02 2.000E+05
3.22013846E-02  11995.5 2.945E+01 8.490E+12 7.331E-01 1.137E+02 2.000E+05
3.99500796E-02  12109.2 3.627E+01 1.036E+13 7.962E-01 1.245E+02 2.000E+05
4.94712261E-02  12239.4 4.455E+01 1.259E+13 8.633E-01 1.361E+02 2.000E+05
6.12055006E-02  12394.2 5.461E+01 1.525E+13 9.321E-01 1.484E+02 2.000E+05
7.57370935E-02  12576.6 6.689E+01 1.842E+13 1.001E+00 1.611E+02 2.000E+05
9.38498380E-02  12798.6 8.197E+01 2.220E+13 1.067E+00 1.738E+02 2.000E+05
1.16609347E-01  13065.3 1.006E+02 2.675E+13 1.128E+00 1.861E+02 2.000E+05
1.45473542E-01  13391.0 1.240E+02 3.224E+13 1.180E+00 1.971E+02 2.000E+05
1.82404400E-01  13777.4 1.534E+02 3.894E+13 1.226E+00 2.071E+02 2.000E+05
2.30019820E-01  14235.8 1.909E+02 4.718E+13 1.263E+00 2.157E+02 2.000E+05
2.91888207E-01  14774.3 2.392E+02 5.737E+13 1.291E+00 2.226E+02 2.000E+05
3.73020980E-01  15398.6 3.021E+02 7.000E+13 1.307E+00 2.268E+02 2.000E+05
4.80551563E-01  16115.7 3.852E+02 8.575E+13 1.308E+00 2.279E+02 2.000E+05
6.24400704E-01  16927.8 4.963E+02 1.056E+14 1.300E+00 2.263E+02 2.000E+05
8.17677641E-01  17835.6 6.462E+02 1.308E+14 1.288E+00 2.230E+02 2.000E+05
1.07743107E+00  18841.6 8.485E+02 1.627E+14 1.281E+00 2.194E+02 2.000E+05
1.42466719E+00  19942.7 1.120E+03 2.030E+14 1.282E+00 2.164E+02 2.000E+05
1.88505682E+00  21137.9 1.481E+03 2.534E+14 1.295E+00 2.147E+02 2.000E+05
2.48977256E+00  22427.7 1.956E+03 3.154E+14 1.321E+00 2.154E+02 2.000E+05
3.27720024E+00  23831.3 2.573E+03 3.904E+14 1.358E+00 2.186E+02 2.000E+05
4.29447365E+00  25355.3 3.365E+03 4.799E+14 1.407E+00 2.241E+02 2.000E+05
5.59831136E+00  27019.8 4.371E+03 5.851E+14 1.470E+00 2.324E+02 2.000E+05
7.25637540E+00  28835.0 5.635E+03 7.069E+14 1.547E+00 2.432E+02 2.000E+05
9.34854893E+00  30814.2 7.204E+03 8.462E+14 1.642E+00 2.573E+02 2.000E+05
1.19601142E+01  32971.5 9.119E+03 1.003E+15 1.766E+00 2.760E+02 2.000E+05
1.51656741E+01  35311.0 1.140E+04 1.177E+15 1.935E+00 3.018E+02 2.000E+05
1.90566466E+01  37869.2 1.406E+04 1.368E+15 2.125E+00 3.297E+02 2.000E+05
2.39146094E+01  40648.8 1.728E+04 1.584E+15 2.190E+00 3.412E+02 2.000E+05
3.05449579E+01  43687.2 2.170E+04 1.864E+15 2.054E+00 3.234E+02 2.000E+05
4.00992873E+01  46898.9 2.830E+04 2.271E+15 1.878E+00 2.954E+02 2.000E+05
5.39216338E+01  50320.1 3.817E+04 2.858E+15 1.732E+00 2.770E+02 2.000E+05
RADK 1.4994E+02
EGIN                    ITERATION   6 COMPLETED
