TEFF   5000.  GRAVITY 2.50000 LTE
TITLE SDSC GRID  [+0.5]   VTURB 2.0 KM/S    L/H 1.25
 OPACITY IFOP 1 1 1 1 1 1 1 1 1 1 1 1 1 0 1 0 0 0 0 0
 CONVECTION ON   1.25 TURBULENCE OFF  0.00  0.00  0.00  0.00
ABUNDANCE SCALE   3.16200 ABUNDANCE CHANGE 1 0.91100 2 0.08900
 ABUNDANCE CHANGE  3 -10.88  4 -10.89  5  -9.44  6  -3.48  7  -3.99  8  -3.11
 ABUNDANCE CHANGE  9  -7.48 10  -3.95 11  -5.71 12  -4.46 13  -5.57 14  -4.49
 ABUNDANCE CHANGE 15  -6.59 16  -4.83 17  -6.54 18  -5.48 19  -6.82 20  -5.68
 ABUNDANCE CHANGE 21  -8.94 22  -7.05 23  -8.04 24  -6.37 25  -6.65 26  -4.37
 ABUNDANCE CHANGE 27  -7.12 28  -5.79 29  -7.83 30  -7.44 31  -9.16 32  -8.63
 ABUNDANCE CHANGE 33  -9.67 34  -8.69 35  -9.41 36  -8.81 37  -9.44 38  -9.14
 ABUNDANCE CHANGE 39  -9.80 40  -9.54 41 -10.62 42 -10.12 43 -20.00 44 -10.20
 ABUNDANCE CHANGE 45 -10.92 46 -10.35 47 -11.10 48 -10.18 49 -10.58 50 -10.04
 ABUNDANCE CHANGE 51 -11.04 52  -9.80 53 -10.53 54  -9.81 55 -10.92 56  -9.91
 ABUNDANCE CHANGE 57 -10.82 58 -10.49 59 -11.33 60 -10.54 61 -20.00 62 -11.04
 ABUNDANCE CHANGE 63 -11.53 64 -10.92 65 -11.94 66 -10.94 67 -11.78 68 -11.11
 ABUNDANCE CHANGE 69 -12.04 70 -10.96 71 -11.28 72 -11.16 73 -11.91 74 -10.93
 ABUNDANCE CHANGE 75 -11.77 76 -10.59 77 -10.69 78 -10.24 79 -11.03 80 -10.95
 ABUNDANCE CHANGE 81 -11.14 82 -10.19 83 -11.33 84 -20.00 85 -20.00 86 -20.00
 ABUNDANCE CHANGE 87 -20.00 88 -20.00 89 -20.00 90 -11.92 91 -20.00 92 -12.51
 ABUNDANCE CHANGE 93 -20.00 94 -20.00 95 -20.00 96 -20.00 97 -20.00 98 -20.00
 ABUNDANCE CHANGE 99 -20.00
READ DECK6 72 RHOX,T,P,XNE,ABROSS,ACCRAD,VTURB
 2.73838447E-03   2756.2 8.659E-01 9.629E+07 4.870E-05 2.512E-02 2.000E+05 0.000E+00 0.000E+00
 3.58525469E-03   2803.2 1.134E+00 1.372E+08 5.634E-05 2.444E-02 2.000E+05 0.000E+00 0.000E+00
 4.56950111E-03   2843.8 1.445E+00 1.872E+08 6.418E-05 2.374E-02 2.000E+05 0.000E+00 0.000E+00
 5.72203292E-03   2883.7 1.809E+00 2.514E+08 7.307E-05 2.314E-02 2.000E+05 0.000E+00 0.000E+00
 7.06391209E-03   2923.3 2.234E+00 3.333E+08 8.413E-05 2.258E-02 2.000E+05 0.000E+00 0.000E+00
 8.62153725E-03   2961.4 2.726E+00 4.348E+08 9.637E-05 2.205E-02 2.000E+05 0.000E+00 0.000E+00
 1.04386859E-02   2998.4 3.301E+00 5.607E+08 1.101E-04 2.155E-02 2.000E+05 0.000E+00 0.000E+00
 1.25569877E-02   3034.5 3.970E+00 7.158E+08 1.261E-04 2.107E-02 2.000E+05 0.000E+00 0.000E+00
 1.50191054E-02   3069.7 4.749E+00 9.051E+08 1.448E-04 2.064E-02 2.000E+05 0.000E+00 0.000E+00
 1.78827502E-02   3103.8 5.655E+00 1.134E+09 1.657E-04 2.027E-02 2.000E+05 0.000E+00 0.000E+00
 2.12266749E-02   3137.1 6.712E+00 1.410E+09 1.890E-04 1.998E-02 2.000E+05 0.000E+00 0.000E+00
 2.51375156E-02   3170.0 7.949E+00 1.744E+09 2.155E-04 1.973E-02 2.000E+05 0.000E+00 0.000E+00
 2.96993684E-02   3202.6 9.391E+00 2.148E+09 2.469E-04 1.943E-02 2.000E+05 0.000E+00 0.000E+00
 3.50099790E-02   3234.6 1.107E+01 2.629E+09 2.826E-04 1.916E-02 2.000E+05 0.000E+00 0.000E+00
 4.11993678E-02   3265.9 1.303E+01 3.201E+09 3.232E-04 1.894E-02 2.000E+05 0.000E+00 0.000E+00
 4.84229888E-02   3296.8 1.531E+01 3.882E+09 3.691E-04 1.881E-02 2.000E+05 0.000E+00 0.000E+00
 5.68530439E-02   3327.5 1.798E+01 4.695E+09 4.221E-04 1.868E-02 2.000E+05 0.000E+00 0.000E+00
 6.66718313E-02   3358.4 2.108E+01 5.663E+09 4.838E-04 1.858E-02 2.000E+05 0.000E+00 0.000E+00
 7.80926259E-02   3389.1 2.469E+01 6.811E+09 5.548E-04 1.858E-02 2.000E+05 0.000E+00 0.000E+00
 9.13662536E-02   3420.1 2.889E+01 8.174E+09 6.369E-04 1.869E-02 2.000E+05 0.000E+00 0.000E+00
 1.06772817E-01   3451.3 3.376E+01 9.792E+09 7.322E-04 1.885E-02 2.000E+05 0.000E+00 0.000E+00
 1.24636805E-01   3482.8 3.941E+01 1.171E+10 8.423E-04 1.885E-02 2.000E+05 0.000E+00 0.000E+00
 1.45338940E-01   3514.5 4.596E+01 1.397E+10 9.695E-04 1.880E-02 2.000E+05 0.000E+00 0.000E+00
 1.69328447E-01   3546.0 5.354E+01 1.663E+10 1.116E-03 1.887E-02 2.000E+05 0.000E+00 0.000E+00
 1.97118847E-01   3577.7 6.233E+01 1.975E+10 1.285E-03 1.905E-02 2.000E+05 0.000E+00 0.000E+00
 2.29295024E-01   3609.5 7.251E+01 2.342E+10 1.480E-03 1.936E-02 2.000E+05 0.000E+00 0.000E+00
 2.66534613E-01   3642.0 8.428E+01 2.775E+10 1.705E-03 1.968E-02 2.000E+05 0.000E+00 0.000E+00
 3.09632335E-01   3674.8 9.791E+01 3.284E+10 1.965E-03 1.992E-02 2.000E+05 0.000E+00 0.000E+00
 3.59518899E-01   3708.0 1.137E+02 3.880E+10 2.263E-03 2.011E-02 2.000E+05 0.000E+00 0.000E+00
 4.17277345E-01   3741.0 1.319E+02 4.576E+10 2.606E-03 2.041E-02 2.000E+05 0.000E+00 0.000E+00
 4.84156242E-01   3774.2 1.531E+02 5.390E+10 3.002E-03 2.085E-02 2.000E+05 0.000E+00 0.000E+00
 5.61607843E-01   3807.6 1.776E+02 6.341E+10 3.456E-03 2.138E-02 2.000E+05 0.000E+00 0.000E+00
 6.51427066E-01   3841.7 2.060E+02 7.458E+10 3.970E-03 2.171E-02 2.000E+05 0.000E+00 0.000E+00
 7.55682678E-01   3875.4 2.390E+02 8.756E+10 4.562E-03 2.224E-02 2.000E+05 0.000E+00 0.000E+00
 8.76626790E-01   3909.3 2.772E+02 1.027E+11 5.246E-03 2.300E-02 2.000E+05 0.000E+00 0.000E+00
 1.01681837E+00   3943.6 3.215E+02 1.204E+11 6.037E-03 2.397E-02 2.000E+05 0.000E+00 0.000E+00
 1.17929763E+00   3978.7 3.729E+02 1.411E+11 6.943E-03 2.498E-02 2.000E+05 0.000E+00 0.000E+00
 1.36808991E+00   4014.6 4.326E+02 1.653E+11 7.954E-03 2.573E-02 2.000E+05 0.000E+00 0.000E+00
 1.58784447E+00   4050.4 5.021E+02 1.936E+11 9.114E-03 2.674E-02 2.000E+05 0.000E+00 0.000E+00
 1.84343125E+00   4086.6 5.829E+02 2.266E+11 1.046E-02 2.809E-02 2.000E+05 0.000E+00 0.000E+00
 2.14028005E+00   4123.8 6.768E+02 2.652E+11 1.201E-02 2.981E-02 2.000E+05 0.000E+00 0.000E+00
 2.48448257E+00   4162.4 7.856E+02 3.106E+11 1.383E-02 3.198E-02 2.000E+05 0.000E+00 0.000E+00
 2.88382587E+00   4203.7 9.119E+02 3.644E+11 1.587E-02 3.410E-02 2.000E+05 0.000E+00 0.000E+00
 3.34770993E+00   4247.5 1.059E+03 4.278E+11 1.823E-02 3.654E-02 2.000E+05 0.000E+00 0.000E+00
 3.88610687E+00   4294.5 1.229E+03 5.032E+11 2.095E-02 3.938E-02 2.000E+05 0.000E+00 0.000E+00
 4.50983317E+00   4345.9 1.426E+03 5.930E+11 2.415E-02 4.288E-02 2.000E+05 0.000E+00 0.000E+00
 5.23249245E+00   4402.9 1.654E+03 7.003E+11 2.775E-02 4.657E-02 2.000E+05 0.000E+00 0.000E+00
 6.07142071E+00   4466.6 1.920E+03 8.291E+11 3.188E-02 5.074E-02 2.000E+05 0.000E+00 0.000E+00
 7.04428976E+00   4538.9 2.227E+03 9.838E+11 3.669E-02 5.576E-02 2.000E+05 0.000E+00 0.000E+00
 8.17359131E+00   4621.6 2.584E+03 1.170E+12 4.203E-02 6.105E-02 2.000E+05 0.000E+00 0.000E+00
 9.49131524E+00   4716.5 3.001E+03 1.393E+12 4.792E-02 6.673E-02 2.000E+05 0.000E+00 0.000E+00
 1.10367611E+01   4826.0 3.490E+03 1.660E+12 5.434E-02 7.279E-02 2.000E+05 0.000E+00 0.000E+00
 1.28617453E+01   4952.6 4.067E+03 1.984E+12 6.116E-02 7.908E-02 2.000E+05 0.000E+00 0.000E+00
 1.50266490E+01   5100.0 4.751E+03 2.388E+12 6.877E-02 8.664E-02 2.000E+05 7.054E-14 0.000E+00
 1.75831187E+01   5272.6 5.559E+03 2.935E+12 7.805E-02 9.593E-02 2.000E+05 1.524E-10 0.000E+00
 2.05357397E+01   5464.2 6.493E+03 3.771E+12 9.236E-02 1.136E-01 2.000E+05 1.327E-07 0.000E+00
 2.36941549E+01   5736.5 7.491E+03 5.579E+12 1.222E-01 1.469E-01 2.000E+05 2.526E-04 0.000E+00
 2.67108117E+01   6007.8 8.444E+03 8.929E+12 1.787E-01 1.983E-01 2.000E+05 7.016E-02 5.883E+02
 2.93655933E+01   6281.9 9.283E+03 1.479E+13 2.728E-01 2.558E-01 2.000E+05 1.768E-01 1.267E+03
 3.18173126E+01   6479.4 1.006E+04 2.151E+13 3.785E-01 3.327E-01 2.000E+05 2.215E-01 6.235E+03
 3.39195293E+01   6832.5 1.072E+04 3.964E+13 6.620E-01 5.853E-01 2.000E+05 2.592E-01 2.826E+04
 3.55622232E+01   7158.0 1.124E+04 6.714E+13 1.101E+00 8.764E-01 2.000E+05 3.140E-01 6.583E+04
 3.68513226E+01   7521.8 1.165E+04 1.150E+14 1.917E+00 1.455E+00 2.000E+05 3.617E-01 1.006E+05
 3.78114115E+01   7925.0 1.195E+04 1.970E+14 3.491E+00 2.378E+00 2.000E+05 4.211E-01 2.384E+05
 3.85197346E+01   8302.0 1.217E+04 3.100E+14 6.008E+00 2.755E+00 2.000E+05 6.066E-01 3.468E+05
 3.91367997E+01   8545.2 1.236E+04 4.069E+14 8.452E+00 2.337E+00 2.000E+05 7.630E-01 3.629E+05
 3.97407377E+01   8751.3 1.255E+04 5.059E+14 1.119E+01 2.077E+00 2.000E+05 8.430E-01 3.681E+05
 4.03685133E+01   8920.2 1.275E+04 6.004E+14 1.400E+01 1.850E+00 2.000E+05 8.879E-01 3.683E+05
 4.10416066E+01   9086.3 1.296E+04 7.053E+14 1.734E+01 1.699E+00 2.000E+05 9.169E-01 3.676E+05
 4.17784023E+01   9233.6 1.319E+04 8.100E+14 2.084E+01 1.552E+00 2.000E+05 9.370E-01 3.665E+05
 4.25943137E+01   9389.8 1.345E+04 9.322E+14 2.514E+01 1.450E+00 2.000E+05 9.510E-01 3.645E+05
 4.35081106E+01   9530.8 1.374E+04 1.055E+15 2.960E+01 1.416E+00 2.000E+05 9.594E-01 3.635E+05
PRADK 8.3365E-01
BEGIN                    ITERATION  15 COMPLETED
