TEFF   6000.  GRAVITY 2.00000 LTE 
TITLE SDSC GRID  [+0.1]   VTURB 2.0 KM/S    L/H 1.25                            
 OPACITY IFOP 1 1 1 1 1 1 1 1 1 1 1 1 1 0 1 0 0 0 0 0
 CONVECTION ON   1.25 TURBULENCE OFF  0.00  0.00  0.00  0.00
ABUNDANCE SCALE   1.25890 ABUNDANCE CHANGE 1 0.91100 2 0.08900
 ABUNDANCE CHANGE  3 -10.88  4 -10.89  5  -9.44  6  -3.48  7  -3.99  8  -3.11
 ABUNDANCE CHANGE  9  -7.48 10  -3.95 11  -5.71 12  -4.46 13  -5.57 14  -4.49
 ABUNDANCE CHANGE 15  -6.59 16  -4.83 17  -6.54 18  -5.48 19  -6.82 20  -5.68
 ABUNDANCE CHANGE 21  -8.94 22  -7.05 23  -8.04 24  -6.37 25  -6.65 26  -4.37
 ABUNDANCE CHANGE 27  -7.12 28  -5.79 29  -7.83 30  -7.44 31  -9.16 32  -8.63
 ABUNDANCE CHANGE 33  -9.67 34  -8.69 35  -9.41 36  -8.81 37  -9.44 38  -9.14
 ABUNDANCE CHANGE 39  -9.80 40  -9.54 41 -10.62 42 -10.12 43 -20.00 44 -10.20
 ABUNDANCE CHANGE 45 -10.92 46 -10.35 47 -11.10 48 -10.18 49 -10.58 50 -10.04
 ABUNDANCE CHANGE 51 -11.04 52  -9.80 53 -10.53 54  -9.81 55 -10.92 56  -9.91
 ABUNDANCE CHANGE 57 -10.82 58 -10.49 59 -11.33 60 -10.54 61 -20.00 62 -11.04
 ABUNDANCE CHANGE 63 -11.53 64 -10.92 65 -11.94 66 -10.94 67 -11.78 68 -11.11
 ABUNDANCE CHANGE 69 -12.04 70 -10.96 71 -11.28 72 -11.16 73 -11.91 74 -10.93
 ABUNDANCE CHANGE 75 -11.77 76 -10.59 77 -10.69 78 -10.24 79 -11.03 80 -10.95
 ABUNDANCE CHANGE 81 -11.14 82 -10.19 83 -11.33 84 -20.00 85 -20.00 86 -20.00
 ABUNDANCE CHANGE 87 -20.00 88 -20.00 89 -20.00 90 -11.92 91 -20.00 92 -12.51
 ABUNDANCE CHANGE 93 -20.00 94 -20.00 95 -20.00 96 -20.00 97 -20.00 98 -20.00
 ABUNDANCE CHANGE 99 -20.00
READ DECK6 72 RHOX,T,P,XNE,ABROSS,ACCRAD,VTURB
 1.25378210E-03   3748.6 1.254E-01 3.902E+07 1.064E-04 1.375E-02 2.000E+05 0.000E+00 0.000E+00
 1.66968707E-03   3762.6 1.669E-01 5.122E+07 1.075E-04 1.437E-02 2.000E+05 0.000E+00 0.000E+00
 2.21773513E-03   3775.7 2.217E-01 6.708E+07 1.089E-04 1.487E-02 2.000E+05 0.000E+00 0.000E+00
 2.93699061E-03   3792.6 2.937E-01 8.783E+07 1.110E-04 1.522E-02 2.000E+05 0.000E+00 0.000E+00
 3.87551042E-03   3812.2 3.875E-01 1.148E+08 1.138E-04 1.567E-02 2.000E+05 0.000E+00 0.000E+00
 5.09289200E-03   3835.0 5.092E-01 1.496E+08 1.173E-04 1.610E-02 2.000E+05 0.000E+00 0.000E+00
 6.66329480E-03   3860.6 6.662E-01 1.943E+08 1.215E-04 1.626E-02 2.000E+05 0.000E+00 0.000E+00
 8.67898834E-03   3888.5 8.678E-01 2.514E+08 1.266E-04 1.617E-02 2.000E+05 0.000E+00 0.000E+00
 1.12533259E-02   3918.1 1.125E+00 3.242E+08 1.325E-04 1.594E-02 2.000E+05 0.000E+00 0.000E+00
 1.45226852E-02   3948.7 1.452E+00 4.163E+08 1.395E-04 1.565E-02 2.000E+05 0.000E+00 0.000E+00
 1.86527030E-02   3979.4 1.865E+00 5.322E+08 1.476E-04 1.522E-02 2.000E+05 0.000E+00 0.000E+00
 2.38372588E-02   4010.0 2.383E+00 6.772E+08 1.574E-04 1.499E-02 2.000E+05 0.000E+00 0.000E+00
 3.03059132E-02   4040.5 3.030E+00 8.574E+08 1.686E-04 1.469E-02 2.000E+05 0.000E+00 0.000E+00
 3.83320131E-02   4070.6 3.833E+00 1.080E+09 1.817E-04 1.457E-02 2.000E+05 0.000E+00 0.000E+00
 4.82337514E-02   4100.6 4.823E+00 1.354E+09 1.970E-04 1.446E-02 2.000E+05 0.000E+00 0.000E+00
 6.03837677E-02   4130.4 6.037E+00 1.689E+09 2.146E-04 1.431E-02 2.000E+05 0.000E+00 0.000E+00
 7.52170994E-02   4160.2 7.521E+00 2.098E+09 2.350E-04 1.411E-02 2.000E+05 0.000E+00 0.000E+00
 9.32202065E-02   4190.2 9.321E+00 2.594E+09 2.590E-04 1.407E-02 2.000E+05 0.000E+00 0.000E+00
 1.14937206E-01   4221.2 1.149E+01 3.193E+09 2.871E-04 1.418E-02 2.000E+05 0.000E+00 0.000E+00
 1.41003564E-01   4253.1 1.410E+01 3.916E+09 3.196E-04 1.426E-02 2.000E+05 0.000E+00 0.000E+00
 1.72166186E-01   4285.7 1.721E+01 4.785E+09 3.571E-04 1.422E-02 2.000E+05 0.000E+00 0.000E+00
 2.09293726E-01   4318.6 2.093E+01 5.827E+09 4.003E-04 1.408E-02 2.000E+05 0.000E+00 0.000E+00
 2.53399124E-01   4351.5 2.534E+01 7.072E+09 4.500E-04 1.386E-02 2.000E+05 0.000E+00 0.000E+00
 3.05606339E-01   4384.1 3.056E+01 8.554E+09 5.080E-04 1.376E-02 2.000E+05 0.000E+00 0.000E+00
 3.67144719E-01   4416.7 3.671E+01 1.031E+10 5.758E-04 1.395E-02 2.000E+05 0.000E+00 0.000E+00
 4.39458385E-01   4449.8 4.394E+01 1.240E+10 6.540E-04 1.412E-02 2.000E+05 0.000E+00 0.000E+00
 5.24281733E-01   4483.3 5.242E+01 1.489E+10 7.441E-04 1.423E-02 2.000E+05 0.000E+00 0.000E+00
 6.23630610E-01   4516.8 6.235E+01 1.783E+10 8.478E-04 1.429E-02 2.000E+05 0.000E+00 0.000E+00
 7.39860174E-01   4550.3 7.398E+01 2.131E+10 9.669E-04 1.431E-02 2.000E+05 0.000E+00 0.000E+00
 8.75625914E-01   4583.6 8.755E+01 2.543E+10 1.105E-03 1.441E-02 2.000E+05 0.000E+00 0.000E+00
 1.03381880E+00   4616.8 1.034E+02 3.028E+10 1.266E-03 1.474E-02 2.000E+05 0.000E+00 0.000E+00
 1.21774428E+00   4650.3 1.218E+02 3.601E+10 1.453E-03 1.523E-02 2.000E+05 0.000E+00 0.000E+00
 1.43132173E+00   4684.7 1.431E+02 4.281E+10 1.670E-03 1.572E-02 2.000E+05 0.000E+00 0.000E+00
 1.67914966E+00   4719.7 1.679E+02 5.087E+10 1.919E-03 1.619E-02 2.000E+05 0.000E+00 0.000E+00
 1.96656514E+00   4755.1 1.966E+02 6.042E+10 2.208E-03 1.667E-02 2.000E+05 0.000E+00 0.000E+00
 2.29971056E+00   4790.7 2.299E+02 7.173E+10 2.541E-03 1.720E-02 2.000E+05 0.000E+00 0.000E+00
 2.68521950E+00   4826.3 2.685E+02 8.507E+10 2.931E-03 1.801E-02 2.000E+05 0.000E+00 0.000E+00
 3.13069424E+00   4862.6 3.130E+02 1.009E+11 3.383E-03 1.890E-02 2.000E+05 0.000E+00 0.000E+00
 3.64497232E+00   4899.6 3.644E+02 1.197E+11 3.911E-03 2.007E-02 2.000E+05 0.000E+00 0.000E+00
 4.23792916E+00   4937.6 4.237E+02 1.421E+11 4.525E-03 2.137E-02 2.000E+05 0.000E+00 0.000E+00
 4.92109695E+00   4976.7 4.920E+02 1.689E+11 5.240E-03 2.283E-02 2.000E+05 0.000E+00 0.000E+00
 5.70751450E+00   5017.1 5.706E+02 2.010E+11 6.074E-03 2.455E-02 2.000E+05 0.000E+00 0.000E+00
 6.61019045E+00   5059.2 6.609E+02 2.398E+11 7.074E-03 2.688E-02 2.000E+05 0.000E+00 0.000E+00
 7.64187520E+00   5104.6 7.640E+02 2.875E+11 8.268E-03 2.965E-02 2.000E+05 0.000E+00 0.000E+00
 8.81638185E+00   5153.9 8.814E+02 3.468E+11 9.707E-03 3.299E-02 2.000E+05 0.000E+00 0.000E+00
 1.01463520E+01   5208.3 1.014E+03 4.218E+11 1.147E-02 3.711E-02 2.000E+05 0.000E+00 0.000E+00
 1.16393721E+01   5269.9 1.164E+03 5.198E+11 1.370E-02 4.249E-02 2.000E+05 0.000E+00 0.000E+00
 1.32967206E+01   5340.3 1.329E+03 6.507E+11 1.656E-02 4.935E-02 2.000E+05 9.994E-14 0.000E+00
 1.51078975E+01   5422.2 1.510E+03 8.323E+11 2.043E-02 5.911E-02 2.000E+05 4.693E-13 0.000E+00
 1.70344299E+01   5522.6 1.703E+03 1.103E+12 2.600E-02 7.327E-02 2.000E+05 1.930E-12 0.000E+00
 1.90430521E+01   5633.2 1.904E+03 1.487E+12 3.356E-02 9.530E-02 2.000E+05 4.088E-09 0.000E+00
 2.09549818E+01   5842.4 2.095E+03 2.448E+12 5.147E-02 1.435E-01 2.000E+05 1.601E-05 1.310E+02
 2.25357789E+01   6077.6 2.252E+03 4.149E+12 8.198E-02 2.054E-01 2.000E+05 3.157E-02 1.799E+02
 2.40003737E+01   6224.5 2.399E+03 5.755E+12 1.101E-01 2.410E-01 2.000E+05 1.007E-01 1.526E+01
 2.55238207E+01   6327.7 2.550E+03 7.262E+12 1.362E-01 2.704E-01 2.000E+05 1.664E-01 1.499E+01
 2.71309328E+01   6465.9 2.711E+03 9.729E+12 1.787E-01 3.381E-01 2.000E+05 2.060E-01 4.975E+02
 2.86978844E+01   6657.2 2.867E+03 1.415E+13 2.556E-01 4.732E-01 2.000E+05 2.379E-01 2.138E+03
 3.00788369E+01   6914.5 3.004E+03 2.246E+13 4.062E-01 7.261E-01 2.000E+05 2.738E-01 7.096E+03
 3.12237275E+01   7192.4 3.117E+03 3.554E+13 6.600E-01 1.118E+00 2.000E+05 3.138E-01 2.181E+04
 3.21320318E+01   7516.8 3.207E+03 5.778E+13 1.146E+00 1.844E+00 2.000E+05 3.541E-01 6.487E+04
 3.28143596E+01   7874.2 3.274E+03 9.350E+13 2.070E+00 3.107E+00 2.000E+05 3.956E-01 1.425E+05
 3.33120549E+01   8260.2 3.321E+03 1.485E+14 3.823E+00 5.351E+00 2.000E+05 4.367E-01 2.637E+05
 3.36596526E+01   8682.9 3.354E+03 2.311E+14 7.175E+00 7.768E+00 2.000E+05 5.356E-01 5.803E+05
 3.39412611E+01   8967.5 3.380E+03 3.008E+14 1.059E+01 6.776E+00 2.000E+05 7.439E-01 6.660E+05
 3.42139413E+01   9179.3 3.405E+03 3.598E+14 1.386E+01 5.602E+00 2.000E+05 8.319E-01 6.808E+05
 3.45006314E+01   9359.6 3.433E+03 4.143E+14 1.716E+01 4.951E+00 2.000E+05 8.810E-01 6.952E+05
 3.48136315E+01   9533.9 3.462E+03 4.699E+14 2.073E+01 4.568E+00 2.000E+05 9.107E-01 7.101E+05
 3.51628617E+01   9702.9 3.496E+03 5.262E+14 2.455E+01 4.251E+00 2.000E+05 9.293E-01 7.186E+05
 3.55585524E+01   9875.7 3.534E+03 5.849E+14 2.874E+01 4.067E+00 2.000E+05 9.422E-01 7.298E+05
 3.60119307E+01  10056.4 3.577E+03 6.468E+14 3.324E+01 3.974E+00 2.000E+05 9.514E-01 7.429E+05
 3.65381838E+01  10253.1 3.628E+03 7.131E+14 3.796E+01 3.932E+00 2.000E+05 9.576E-01 7.546E+05
 3.71571151E+01  10468.9 3.687E+03 7.828E+14 4.286E+01 4.141E+00 2.000E+05 9.606E-01 7.723E+05
PRADK 1.7183E+00
BEGIN                    ITERATION  15 COMPLETED
