EFF   5250.  GRAVITY 1.50000 LTE 
ITLE SDSC GRID  [-4.5]   VTURB 2.0 KM/S    L/H 1.25                            
OPACITY IFOP 1 1 1 1 1 1 1 1 1 1 1 1 1 0 1 0 0 0 0 0
CONVECTION ON   1.25 TURBULENCE OFF  0.00  0.00  0.00  0.00
BUNDANCE SCALE .00003162 ABUNDANCE CHANGE 1 0.91100 2 0.08900
ABUNDANCE CHANGE  3 -10.88  4 -10.89  5  -9.44  6  -3.48  7  -3.99  8  -3.11
ABUNDANCE CHANGE  9  -7.48 10  -3.95 11  -5.71 12  -4.46 13  -5.57 14  -4.49
ABUNDANCE CHANGE 15  -6.59 16  -4.83 17  -6.54 18  -5.48 19  -6.82 20  -5.68
ABUNDANCE CHANGE 21  -8.94 22  -7.05 23  -8.04 24  -6.37 25  -6.65 26  -4.37
ABUNDANCE CHANGE 27  -7.12 28  -5.79 29  -7.83 30  -7.44 31  -9.16 32  -8.63
ABUNDANCE CHANGE 33  -9.67 34  -8.69 35  -9.41 36  -8.81 37  -9.44 38  -9.14
ABUNDANCE CHANGE 39  -9.80 40  -9.54 41 -10.62 42 -10.12 43 -20.00 44 -10.20
ABUNDANCE CHANGE 45 -10.92 46 -10.35 47 -11.10 48 -10.18 49 -10.58 50 -10.04
ABUNDANCE CHANGE 51 -11.04 52  -9.80 53 -10.53 54  -9.81 55 -10.92 56  -9.91
ABUNDANCE CHANGE 57 -10.82 58 -10.49 59 -11.33 60 -10.54 61 -20.00 62 -11.04
ABUNDANCE CHANGE 63 -11.53 64 -10.92 65 -11.94 66 -10.94 67 -11.78 68 -11.11
ABUNDANCE CHANGE 69 -12.04 70 -10.96 71 -11.28 72 -11.16 73 -11.91 74 -10.93
ABUNDANCE CHANGE 75 -11.77 76 -10.59 77 -10.69 78 -10.24 79 -11.03 80 -10.95
ABUNDANCE CHANGE 81 -11.14 82 -10.19 83 -11.33 84 -20.00 85 -20.00 86 -20.00
ABUNDANCE CHANGE 87 -20.00 88 -20.00 89 -20.00 90 -11.92 91 -20.00 92 -12.51
ABUNDANCE CHANGE 93 -20.00 94 -20.00 95 -20.00 96 -20.00 97 -20.00 98 -20.00
ABUNDANCE CHANGE 99 -20.00
EAD DECK6 72 RHOX,T,P,XNE,ABROSS,ACCRAD,VTURB
7.61714803E-04   4009.1 2.409E-02 1.404E+07 1.751E-04 7.424E-04 2.000E+05 0.000E+00 0.000E+00
1.02889909E-03   4010.7 3.254E-02 1.645E+07 1.579E-04 7.231E-04 2.000E+05 0.000E+00 0.000E+00
1.42576413E-03   4011.7 4.509E-02 1.946E+07 1.410E-04 7.048E-04 2.000E+05 0.000E+00 0.000E+00
2.01786248E-03   4014.1 6.381E-02 2.343E+07 1.261E-04 6.889E-04 2.000E+05 0.000E+00 0.000E+00
2.90563310E-03   4016.8 9.188E-02 2.849E+07 1.126E-04 6.750E-04 2.000E+05 0.000E+00 0.000E+00
4.22579360E-03   4021.7 1.336E-01 3.521E+07 1.014E-04 6.638E-04 2.000E+05 0.000E+00 0.000E+00
6.17476084E-03   4027.5 1.953E-01 4.380E+07 9.187E-05 6.546E-04 2.000E+05 0.000E+00 0.000E+00
9.02557581E-03   4035.4 2.854E-01 5.507E+07 8.426E-05 6.475E-04 2.000E+05 0.000E+00 0.000E+00
1.31480507E-02   4044.8 4.158E-01 6.956E+07 7.813E-05 6.421E-04 2.000E+05 0.000E+00 0.000E+00
1.90213740E-02   4056.8 6.015E-01 8.872E+07 7.375E-05 6.384E-04 2.000E+05 0.000E+00 0.000E+00
2.72650698E-02   4070.1 8.622E-01 1.132E+08 7.053E-05 6.360E-04 2.000E+05 0.000E+00 0.000E+00
3.86464840E-02   4085.7 1.222E+00 1.454E+08 6.870E-05 6.349E-04 2.000E+05 0.000E+00 0.000E+00
5.41064367E-02   4102.6 1.711E+00 1.864E+08 6.794E-05 6.349E-04 2.000E+05 0.000E+00 0.000E+00
7.47908453E-02   4120.4 2.365E+00 2.384E+08 6.817E-05 6.360E-04 2.000E+05 0.000E+00 0.000E+00
1.02082129E-01   4138.9 3.228E+00 3.037E+08 6.936E-05 6.380E-04 2.000E+05 0.000E+00 0.000E+00
1.37628941E-01   4157.4 4.352E+00 3.843E+08 7.139E-05 6.410E-04 2.000E+05 0.000E+00 0.000E+00
1.83442524E-01   4175.4 5.801E+00 4.821E+08 7.421E-05 6.449E-04 2.000E+05 0.000E+00 0.000E+00
2.41985286E-01   4192.3 7.652E+00 5.982E+08 7.771E-05 6.497E-04 2.000E+05 0.000E+00 0.000E+00
3.16298488E-01   4207.8 1.000E+01 7.338E+08 8.185E-05 6.554E-04 2.000E+05 0.000E+00 0.000E+00
4.10172621E-01   4221.6 1.297E+01 8.890E+08 8.656E-05 6.621E-04 2.000E+05 0.000E+00 0.000E+00
5.28346123E-01   4233.5 1.671E+01 1.064E+09 9.183E-05 6.697E-04 2.000E+05 0.000E+00 0.000E+00
6.76715754E-01   4243.5 2.140E+01 1.259E+09 9.764E-05 6.783E-04 2.000E+05 0.000E+00 0.000E+00
8.62549024E-01   4251.9 2.728E+01 1.475E+09 1.041E-04 6.881E-04 2.000E+05 0.000E+00 0.000E+00
1.09472076E+00   4258.7 3.462E+01 1.713E+09 1.112E-04 6.991E-04 2.000E+05 0.000E+00 0.000E+00
1.38403107E+00   4264.5 4.377E+01 1.976E+09 1.192E-04 7.115E-04 2.000E+05 0.000E+00 0.000E+00
1.74334771E+00   4269.5 5.513E+01 2.266E+09 1.282E-04 7.254E-04 2.000E+05 0.000E+00 0.000E+00
2.18806019E+00   4273.9 6.919E+01 2.589E+09 1.384E-04 7.412E-04 2.000E+05 0.000E+00 0.000E+00
2.73647494E+00   4278.1 8.653E+01 2.949E+09 1.499E-04 7.589E-04 2.000E+05 0.000E+00 0.000E+00
3.41046110E+00   4282.1 1.078E+02 3.350E+09 1.629E-04 7.788E-04 2.000E+05 0.000E+00 0.000E+00
4.23619643E+00   4286.1 1.340E+02 3.799E+09 1.776E-04 8.012E-04 2.000E+05 0.000E+00 0.000E+00
5.24492917E+00   4290.1 1.659E+02 4.302E+09 1.941E-04 8.264E-04 2.000E+05 0.000E+00 0.000E+00
6.47371188E+00   4294.4 2.047E+02 4.869E+09 2.128E-04 8.548E-04 2.000E+05 0.000E+00 0.000E+00
7.96638179E+00   4298.9 2.519E+02 5.509E+09 2.339E-04 8.868E-04 2.000E+05 0.000E+00 0.000E+00
9.77441830E+00   4304.0 3.091E+02 6.238E+09 2.579E-04 9.232E-04 2.000E+05 0.000E+00 0.000E+00
1.19575556E+01   4309.8 3.781E+02 7.073E+09 2.852E-04 9.648E-04 2.000E+05 0.000E+00 0.000E+00
1.45844066E+01   4316.4 4.612E+02 8.038E+09 3.167E-04 1.012E-03 2.000E+05 0.000E+00 0.000E+00
1.77328861E+01   4324.2 5.607E+02 9.162E+09 3.531E-04 1.068E-03 2.000E+05 0.000E+00 0.000E+00
2.14897341E+01   4333.3 6.795E+02 1.049E+10 3.956E-04 1.132E-03 2.000E+05 0.000E+00 0.000E+00
2.59483074E+01   4344.1 8.205E+02 1.207E+10 4.457E-04 1.208E-03 2.000E+05 0.000E+00 0.000E+00
3.12072832E+01   4357.1 9.868E+02 1.398E+10 5.056E-04 1.298E-03 2.000E+05 0.000E+00 0.000E+00
3.73639021E+01   4372.8 1.182E+03 1.634E+10 5.784E-04 1.408E-03 2.000E+05 0.000E+00 0.000E+00
4.45079352E+01   4391.6 1.407E+03 1.928E+10 6.678E-04 1.542E-03 2.000E+05 0.000E+00 0.000E+00
5.27120791E+01   4414.4 1.667E+03 2.306E+10 7.799E-04 1.711E-03 2.000E+05 0.000E+00 0.000E+00
6.20187659E+01   4441.9 1.961E+03 2.798E+10 9.229E-04 1.924E-03 2.000E+05 0.000E+00 0.000E+00
7.24273046E+01   4475.2 2.290E+03 3.456E+10 1.109E-03 2.201E-03 2.000E+05 0.000E+00 0.000E+00
8.38752993E+01   4515.3 2.652E+03 4.360E+10 1.357E-03 2.569E-03 2.000E+05 0.000E+00 0.000E+00
9.62252165E+01   4564.0 3.043E+03 5.641E+10 1.695E-03 3.068E-03 2.000E+05 0.000E+00 0.000E+00
1.09239028E+02   4622.7 3.454E+03 7.509E+10 2.169E-03 3.764E-03 2.000E+05 1.241E-11 0.000E+00
1.22776529E+02   4687.9 3.882E+03 1.014E+11 2.805E-03 4.700E-03 2.000E+05 2.145E-08 0.000E+00
1.34813320E+02   4867.7 4.262E+03 1.995E+11 4.960E-03 7.746E-03 2.000E+05 1.556E-05 0.000E+00
1.43279696E+02   5080.8 4.530E+03 4.098E+11 9.036E-03 1.321E-02 2.000E+05 1.511E-02 0.000E+00
1.50801417E+02   5177.8 4.768E+03 5.655E+11 1.182E-02 1.634E-02 2.000E+05 6.978E-02 0.000E+00
1.59207633E+02   5214.7 5.034E+03 6.486E+11 1.327E-02 1.732E-02 2.000E+05 1.211E-01 0.000E+00
1.68932349E+02   5279.1 5.341E+03 8.061E+11 1.593E-02 1.990E-02 2.000E+05 1.402E-01 0.000E+00
1.78918674E+02   5414.9 5.657E+03 1.214E+12 2.243E-02 2.708E-02 2.000E+05 1.628E-01 1.088E+03
1.87984177E+02   5591.3 5.943E+03 1.985E+12 3.392E-02 3.948E-02 2.000E+05 1.895E-01 3.852E+03
1.95853380E+02   5792.9 6.192E+03 3.341E+12 5.283E-02 5.891E-02 2.000E+05 2.209E-01 1.017E+04
2.02472070E+02   6023.9 6.400E+03 5.782E+12 8.507E-02 9.005E-02 2.000E+05 2.577E-01 2.452E+04
2.07933729E+02   6272.8 6.573E+03 9.946E+12 1.382E-01 1.391E-01 2.000E+05 2.977E-01 5.278E+04
2.12279261E+02   6566.5 6.709E+03 1.782E+13 2.381E-01 2.261E-01 2.000E+05 3.410E-01 6.122E+04
2.15645943E+02   6873.9 6.815E+03 3.103E+13 4.100E-01 3.615E-01 2.000E+05 3.876E-01 1.186E+05
2.18190804E+02   7218.1 6.894E+03 5.442E+13 7.366E-01 5.905E-01 2.000E+05 4.389E-01 2.905E+05
2.20080295E+02   7557.6 6.952E+03 8.983E+13 1.289E+00 7.743E-01 2.000E+05 5.715E-01 4.646E+05
2.21649408E+02   7804.6 7.001E+03 1.257E+14 1.914E+00 7.033E-01 2.000E+05 7.544E-01 5.045E+05
2.23138183E+02   7992.3 7.047E+03 1.599E+14 2.573E+00 5.977E-01 2.000E+05 8.375E-01 5.008E+05
2.24661131E+02   8148.7 7.094E+03 1.936E+14 3.276E+00 5.376E-01 2.000E+05 8.861E-01 5.009E+05
2.26269850E+02   8297.3 7.144E+03 2.305E+14 4.100E+00 4.931E-01 2.000E+05 9.169E-01 4.978E+05
2.28007962E+02   8431.8 7.198E+03 2.685E+14 5.005E+00 4.506E-01 2.000E+05 9.374E-01 4.935E+05
2.29908979E+02   8567.2 7.258E+03 3.112E+14 6.094E+00 4.211E-01 2.000E+05 9.519E-01 4.890E+05
2.32008908E+02   8694.6 7.323E+03 3.559E+14 7.304E+00 3.923E-01 2.000E+05 9.629E-01 4.867E+05
2.34340420E+02   8829.2 7.396E+03 4.079E+14 8.785E+00 3.690E-01 2.000E+05 9.707E-01 4.803E+05
2.36950339E+02   8954.0 7.478E+03 4.611E+14 1.038E+01 3.690E-01 2.000E+05 9.754E-01 4.791E+05
RADK 1.0051E+00
EGIN                    ITERATION  15 COMPLETED
