TEFF   8250.  GRAVITY 1.50000 LTE
TITLE SDSC GRID  [-4.0]   VTURB 2.0 KM/S    L/H 1.25
 OPACITY IFOP 1 1 1 1 1 1 1 1 1 1 1 1 1 0 1 0 0 0 0 0
 CONVECTION OFF  1.00 TURBULENCE OFF  0.00  0.00  0.00  0.00
ABUNDANCE SCALE   0.00010 ABUNDANCE CHANGE 1 0.91100 2 0.08900
 ABUNDANCE CHANGE  3 -10.88  4 -10.89  5  -9.44  6  -3.48  7  -3.99  8  -3.11
 ABUNDANCE CHANGE  9  -7.48 10  -3.95 11  -5.71 12  -4.46 13  -5.57 14  -4.49
 ABUNDANCE CHANGE 15  -6.59 16  -4.83 17  -6.54 18  -5.48 19  -6.82 20  -5.68
 ABUNDANCE CHANGE 21  -8.94 22  -7.05 23  -8.04 24  -6.37 25  -6.65 26  -4.37
 ABUNDANCE CHANGE 27  -7.12 28  -5.79 29  -7.83 30  -7.44 31  -9.16 32  -8.63
 ABUNDANCE CHANGE 33  -9.67 34  -8.69 35  -9.41 36  -8.81 37  -9.44 38  -9.14
 ABUNDANCE CHANGE 39  -9.80 40  -9.54 41 -10.62 42 -10.12 43 -20.00 44 -10.20
 ABUNDANCE CHANGE 45 -10.92 46 -10.35 47 -11.10 48 -10.18 49 -10.58 50 -10.04
 ABUNDANCE CHANGE 51 -11.04 52  -9.80 53 -10.53 54  -9.81 55 -10.92 56  -9.91
 ABUNDANCE CHANGE 57 -10.82 58 -10.49 59 -11.33 60 -10.54 61 -20.00 62 -11.04
 ABUNDANCE CHANGE 63 -11.53 64 -10.92 65 -11.94 66 -10.94 67 -11.78 68 -11.11
 ABUNDANCE CHANGE 69 -12.04 70 -10.96 71 -11.28 72 -11.16 73 -11.91 74 -10.93
 ABUNDANCE CHANGE 75 -11.77 76 -10.59 77 -10.69 78 -10.24 79 -11.03 80 -10.95
 ABUNDANCE CHANGE 81 -11.14 82 -10.19 83 -11.33 84 -20.00 85 -20.00 86 -20.00
 ABUNDANCE CHANGE 87 -20.00 88 -20.00 89 -20.00 90 -11.92 91 -20.00 92 -12.51
 ABUNDANCE CHANGE 93 -20.00 94 -20.00 95 -20.00 96 -20.00 97 -20.00 98 -20.00
 ABUNDANCE CHANGE 99 -20.00
READ DECK6 72 RHOX,T,P,XNE,ABROSS,ACCRAD,VTURB
 4.66720319E-07   5775.0 1.356E-05 8.083E+06 2.857E-01 2.571E+00 2.000E+05 0.000E+00 0.000E+00
 6.22493627E-07   5784.3 1.809E-05 1.076E+07 2.853E-01 2.566E+00 2.000E+05 0.000E+00 0.000E+00
 8.30571675E-07   5791.5 2.413E-05 1.432E+07 2.848E-01 2.560E+00 2.000E+05 0.000E+00 0.000E+00
 1.10865206E-06   5799.9 3.221E-05 1.906E+07 2.841E-01 2.553E+00 2.000E+05 0.000E+00 0.000E+00
 1.48049707E-06   5808.7 4.303E-05 2.538E+07 2.832E-01 2.544E+00 2.000E+05 0.000E+00 0.000E+00
 1.97808362E-06   5817.4 5.750E-05 3.379E+07 2.821E-01 2.533E+00 2.000E+05 0.000E+00 0.000E+00
 2.64456766E-06   5826.0 7.689E-05 4.500E+07 2.807E-01 2.519E+00 2.000E+05 0.000E+00 0.000E+00
 3.53840018E-06   5834.0 1.029E-04 5.994E+07 2.789E-01 2.503E+00 2.000E+05 0.000E+00 0.000E+00
 4.73911483E-06   5841.3 1.379E-04 7.985E+07 2.766E-01 2.481E+00 2.000E+05 0.000E+00 0.000E+00
 6.35554145E-06   5847.9 1.850E-04 1.064E+08 2.737E-01 2.455E+00 2.000E+05 0.000E+00 0.000E+00
 8.53757659E-06   5854.3 2.487E-04 1.418E+08 2.700E-01 2.422E+00 2.000E+05 0.000E+00 0.000E+00
 1.14926072E-05   5861.5 3.350E-04 1.889E+08 2.654E-01 2.381E+00 2.000E+05 0.000E+00 0.000E+00
 1.55099662E-05   5869.0 4.526E-04 2.518E+08 2.598E-01 2.332E+00 2.000E+05 0.000E+00 0.000E+00
 2.09989557E-05   5876.1 6.136E-04 3.357E+08 2.528E-01 2.271E+00 2.000E+05 0.000E+00 0.000E+00
 2.85445943E-05   5883.5 8.353E-04 4.476E+08 2.445E-01 2.198E+00 2.000E+05 0.000E+00 0.000E+00
 3.89899519E-05   5891.6 1.143E-03 5.971E+08 2.347E-01 2.113E+00 2.000E+05 0.000E+00 0.000E+00
 5.35601341E-05   5900.8 1.574E-03 7.968E+08 2.235E-01 2.016E+00 2.000E+05 0.000E+00 0.000E+00
 7.40510585E-05   5911.3 2.182E-03 1.064E+09 2.111E-01 1.908E+00 2.000E+05 0.000E+00 0.000E+00
 1.03125259E-04   5922.9 3.047E-03 1.421E+09 1.975E-01 1.790E+00 2.000E+05 0.000E+00 0.000E+00
 1.44737934E-04   5936.1 4.291E-03 1.900E+09 1.833E-01 1.667E+00 2.000E+05 0.000E+00 0.000E+00
 2.04876395E-04   5949.6 6.097E-03 2.539E+09 1.683E-01 1.537E+00 2.000E+05 0.000E+00 0.000E+00
 2.92195549E-04   5968.3 8.730E-03 3.404E+09 1.544E-01 1.417E+00 2.000E+05 0.000E+00 0.000E+00
 4.20660374E-04   5978.9 1.262E-02 4.522E+09 1.383E-01 1.281E+00 2.000E+05 0.000E+00 0.000E+00
 6.13668086E-04   5987.6 1.849E-02 5.996E+09 1.220E-01 1.148E+00 2.000E+05 0.000E+00 0.000E+00
 9.05355087E-04   6002.5 2.740E-02 8.002E+09 1.079E-01 1.035E+00 2.000E+05 0.000E+00 0.000E+00
 1.34181691E-03   6026.9 4.077E-02 1.078E+10 9.701E-02 9.484E-01 2.000E+05 0.000E+00 0.000E+00
 1.98029866E-03   6063.5 6.037E-02 1.467E+10 8.967E-02 8.924E-01 2.000E+05 0.000E+00 0.000E+00
 2.88738242E-03   6111.4 8.826E-02 2.009E+10 8.551E-02 8.640E-01 2.000E+05 0.000E+00 0.000E+00
 4.12469771E-03   6176.3 1.263E-01 2.780E+10 8.556E-02 8.685E-01 2.000E+05 0.000E+00 0.000E+00
 5.73402964E-03   6254.6 1.758E-01 3.851E+10 8.923E-02 8.958E-01 2.000E+05 0.000E+00 0.000E+00
 7.79614170E-03   6324.3 2.391E-01 5.177E+10 9.232E-02 9.160E-01 2.000E+05 0.000E+00 0.000E+00
 1.04949465E-02   6375.8 3.220E-01 6.718E+10 9.251E-02 9.131E-01 2.000E+05 0.000E+00 0.000E+00
 1.41655773E-02   6406.7 4.348E-01 8.460E+10 8.896E-02 8.839E-01 2.000E+05 0.000E+00 0.000E+00
 1.93577802E-02   6420.4 5.945E-01 1.043E+11 8.236E-02 8.365E-01 2.000E+05 0.000E+00 0.000E+00
 2.68787215E-02   6432.3 8.262E-01 1.291E+11 7.582E-02 7.937E-01 2.000E+05 0.000E+00 0.000E+00
 3.77410688E-02   6446.8 1.161E+00 1.610E+11 7.029E-02 7.606E-01 2.000E+05 0.000E+00 0.000E+00
 5.32580535E-02   6465.1 1.640E+00 2.020E+11 6.607E-02 7.388E-01 2.000E+05 0.000E+00 0.000E+00
 7.50896483E-02   6486.9 2.315E+00 2.541E+11 6.313E-02 7.288E-01 2.000E+05 0.000E+00 0.000E+00
 1.05229542E-01   6512.9 3.246E+00 3.202E+11 6.162E-02 7.321E-01 2.000E+05 0.000E+00 0.000E+00
 1.45889749E-01   6543.9 4.502E+00 4.038E+11 6.164E-02 7.493E-01 2.000E+05 0.000E+00 0.000E+00
 1.99392095E-01   6579.7 6.153E+00 5.086E+11 6.323E-02 7.824E-01 2.000E+05 0.000E+00 0.000E+00
 2.68027457E-01   6621.0 8.268E+00 6.398E+11 6.657E-02 8.338E-01 2.000E+05 0.000E+00 0.000E+00
 3.53650361E-01   6669.9 1.090E+01 8.058E+11 7.220E-02 9.099E-01 2.000E+05 0.000E+00 0.000E+00
 4.57344178E-01   6727.2 1.408E+01 1.016E+12 8.066E-02 1.018E+00 2.000E+05 0.000E+00 0.000E+00
 5.79128228E-01   6795.0 1.780E+01 1.287E+12 9.304E-02 1.171E+00 2.000E+05 0.000E+00 0.000E+00
 7.17496252E-01   6875.7 2.200E+01 1.638E+12 1.111E-01 1.389E+00 2.000E+05 0.000E+00 0.000E+00
 8.69178513E-01   6971.8 2.656E+01 2.102E+12 1.376E-01 1.706E+00 2.000E+05 0.000E+00 0.000E+00
 1.02924716E+00   7086.1 3.131E+01 2.720E+12 1.774E-01 2.172E+00 2.000E+05 0.000E+00 0.000E+00
 1.19143241E+00   7223.0 3.604E+01 3.557E+12 2.384E-01 2.868E+00 2.000E+05 0.000E+00 0.000E+00
 1.34925267E+00   7383.1 4.050E+01 4.681E+12 3.329E-01 3.922E+00 2.000E+05 0.000E+00 0.000E+00
 1.49710101E+00   7570.3 4.448E+01 6.179E+12 4.823E-01 5.546E+00 2.000E+05 0.000E+00 0.000E+00
 1.63140680E+00   7787.8 4.784E+01 8.129E+12 7.156E-01 7.968E+00 2.000E+05 0.000E+00 0.000E+00
 1.75138645E+00   8037.2 5.048E+01 1.053E+13 1.069E+00 1.149E+01 2.000E+05 0.000E+00 0.000E+00
 1.85952029E+00   8321.3 5.242E+01 1.321E+13 1.550E+00 1.600E+01 2.000E+05 0.000E+00 0.000E+00
 1.96263855E+00   8639.1 5.379E+01 1.576E+13 2.087E+00 2.065E+01 2.000E+05 0.000E+00 0.000E+00
 2.07109474E+00   8996.3 5.480E+01 1.772E+13 2.490E+00 2.360E+01 2.000E+05 0.000E+00 0.000E+00
 2.20108655E+00   9394.7 5.581E+01 1.883E+13 2.596E+00 2.377E+01 2.000E+05 0.000E+00 0.000E+00
 2.37841718E+00   9844.8 5.740E+01 1.935E+13 2.413E+00 2.153E+01 2.000E+05 0.000E+00 0.000E+00
 2.64093863E+00  10347.9 6.046E+01 1.981E+13 2.105E+00 1.850E+01 2.000E+05 0.000E+00 0.000E+00
 3.04849207E+00  10917.7 6.641E+01 2.082E+13 1.801E+00 1.576E+01 2.000E+05 0.000E+00 0.000E+00
 3.68082461E+00  11561.1 7.717E+01 2.295E+13 1.560E+00 1.368E+01 2.000E+05 0.000E+00 0.000E+00
 4.64212723E+00  12285.5 9.521E+01 2.673E+13 1.387E+00 1.220E+01 2.000E+05 0.000E+00 0.000E+00
 6.05753889E+00  13089.6 1.235E+02 3.271E+13 1.278E+00 1.126E+01 2.000E+05 0.000E+00 0.000E+00
 8.06593792E+00  13976.2 1.649E+02 4.139E+13 1.221E+00 1.074E+01 2.000E+05 0.000E+00 0.000E+00
 1.08337898E+01  14939.5 2.232E+02 5.312E+13 1.190E+00 1.043E+01 2.000E+05 0.000E+00 0.000E+00
 1.46277659E+01  15989.8 3.042E+02 6.831E+13 1.155E+00 1.011E+01 2.000E+05 0.000E+00 0.000E+00
 1.98509519E+01  17127.1 4.175E+02 8.792E+13 1.118E+00 9.764E+00 2.000E+05 0.000E+00 0.000E+00
 2.70276286E+01  18357.6 5.755E+02 1.133E+14 1.089E+00 9.499E+00 2.000E+05 0.000E+00 0.000E+00
 3.67980268E+01  19691.8 7.925E+02 1.455E+14 1.073E+00 9.343E+00 2.000E+05 0.000E+00 0.000E+00
 4.99363751E+01  21128.8 1.086E+03 1.858E+14 1.071E+00 9.301E+00 2.000E+05 0.000E+00 0.000E+00
 6.73753381E+01  22680.1 1.474E+03 2.351E+14 1.082E+00 9.359E+00 2.000E+05 0.000E+00 0.000E+00
 9.02106827E+01  24348.7 1.984E+03 2.947E+14 1.108E+00 9.256E+00 2.000E+05 0.000E+00 0.000E+00
PRADK 6.1983E+00
BEGIN                    ITERATION  15 COMPLETED
