TEFF   5500.  GRAVITY 0.00000 LTE 
TITLE SDSC GRID  [+0.1]   VTURB 2.0 KM/S    L/H 1.25                            
 OPACITY IFOP 1 1 1 1 1 1 1 1 1 1 1 1 1 0 1 0 0 0 0 0
 CONVECTION ON   1.25 TURBULENCE OFF  0.00  0.00  0.00  0.00
ABUNDANCE SCALE   1.25890 ABUNDANCE CHANGE 1 0.91100 2 0.08900
 ABUNDANCE CHANGE  3 -10.88  4 -10.89  5  -9.44  6  -3.48  7  -3.99  8  -3.11
 ABUNDANCE CHANGE  9  -7.48 10  -3.95 11  -5.71 12  -4.46 13  -5.57 14  -4.49
 ABUNDANCE CHANGE 15  -6.59 16  -4.83 17  -6.54 18  -5.48 19  -6.82 20  -5.68
 ABUNDANCE CHANGE 21  -8.94 22  -7.05 23  -8.04 24  -6.37 25  -6.65 26  -4.37
 ABUNDANCE CHANGE 27  -7.12 28  -5.79 29  -7.83 30  -7.44 31  -9.16 32  -8.63
 ABUNDANCE CHANGE 33  -9.67 34  -8.69 35  -9.41 36  -8.81 37  -9.44 38  -9.14
 ABUNDANCE CHANGE 39  -9.80 40  -9.54 41 -10.62 42 -10.12 43 -20.00 44 -10.20
 ABUNDANCE CHANGE 45 -10.92 46 -10.35 47 -11.10 48 -10.18 49 -10.58 50 -10.04
 ABUNDANCE CHANGE 51 -11.04 52  -9.80 53 -10.53 54  -9.81 55 -10.92 56  -9.91
 ABUNDANCE CHANGE 57 -10.82 58 -10.49 59 -11.33 60 -10.54 61 -20.00 62 -11.04
 ABUNDANCE CHANGE 63 -11.53 64 -10.92 65 -11.94 66 -10.94 67 -11.78 68 -11.11
 ABUNDANCE CHANGE 69 -12.04 70 -10.96 71 -11.28 72 -11.16 73 -11.91 74 -10.93
 ABUNDANCE CHANGE 75 -11.77 76 -10.59 77 -10.69 78 -10.24 79 -11.03 80 -10.95
 ABUNDANCE CHANGE 81 -11.14 82 -10.19 83 -11.33 84 -20.00 85 -20.00 86 -20.00
 ABUNDANCE CHANGE 87 -20.00 88 -20.00 89 -20.00 90 -11.92 91 -20.00 92 -12.51
 ABUNDANCE CHANGE 93 -20.00 94 -20.00 95 -20.00 96 -20.00 97 -20.00 98 -20.00
 ABUNDANCE CHANGE 99 -20.00
READ DECK6 72 RHOX,T,P,XNE,ABROSS,ACCRAD,VTURB
 1.71681269E-03   2937.0 1.689E-03 5.894E+05 7.768E-05 1.601E-02 2.000E+05 0.000E+00 0.000E+00
 2.28565471E-03   2970.8 2.250E-03 7.785E+05 7.870E-05 1.446E-02 2.000E+05 0.000E+00 0.000E+00
 3.03532540E-03   2999.9 2.989E-03 1.026E+06 7.953E-05 1.332E-02 2.000E+05 0.000E+00 0.000E+00
 4.01756080E-03   3073.5 3.960E-03 1.343E+06 8.155E-05 9.299E-03 2.000E+05 0.000E+00 0.000E+00
 5.31184246E-03   3087.2 5.242E-03 1.766E+06 8.145E-05 9.215E-03 2.000E+05 0.000E+00 0.000E+00
 7.01118277E-03   3213.0 6.931E-03 2.277E+06 8.399E-05 4.396E-03 2.000E+05 0.000E+00 0.000E+00
 9.24523650E-03   3214.1 9.155E-03 2.998E+06 8.389E-05 4.306E-03 2.000E+05 0.000E+00 0.000E+00
 1.22077336E-02   3268.5 1.211E-02 3.916E+06 8.498E-05 3.605E-03 2.000E+05 0.000E+00 0.000E+00
 1.61036652E-02   3295.4 1.599E-02 5.128E+06 8.611E-05 3.520E-03 2.000E+05 0.000E+00 0.000E+00
 2.12327271E-02   3327.9 2.110E-02 6.707E+06 8.735E-05 3.408E-03 2.000E+05 0.000E+00 0.000E+00
 2.79663148E-02   3365.9 2.781E-02 8.756E+06 8.872E-05 3.196E-03 2.000E+05 0.000E+00 0.000E+00
 3.68129243E-02   3398.8 3.663E-02 1.143E+07 9.007E-05 3.065E-03 2.000E+05 0.000E+00 0.000E+00
 4.84210279E-02   3433.8 4.820E-02 1.491E+07 9.158E-05 2.926E-03 2.000E+05 0.000E+00 0.000E+00
 6.36418866E-02   3465.7 6.338E-02 1.944E+07 9.321E-05 2.842E-03 2.000E+05 0.000E+00 0.000E+00
 8.35648672E-02   3500.5 8.325E-02 2.532E+07 9.501E-05 2.759E-03 2.000E+05 0.000E+00 0.000E+00
 1.09618200E-01   3535.6 1.092E-01 3.295E+07 9.694E-05 2.673E-03 2.000E+05 0.000E+00 0.000E+00
 1.43634030E-01   3571.7 1.432E-01 4.283E+07 9.910E-05 2.594E-03 2.000E+05 0.000E+00 0.000E+00
 1.87963542E-01   3607.8 1.874E-01 5.562E+07 1.015E-04 2.513E-03 2.000E+05 0.000E+00 0.000E+00
 2.45587955E-01   3644.6 2.449E-01 7.214E+07 1.043E-04 2.437E-03 2.000E+05 0.000E+00 0.000E+00
 3.20290668E-01   3682.6 3.194E-01 9.341E+07 1.074E-04 2.367E-03 2.000E+05 0.000E+00 0.000E+00
 4.16856514E-01   3721.4 4.157E-01 1.208E+08 1.110E-04 2.309E-03 2.000E+05 0.000E+00 0.000E+00
 5.41293934E-01   3760.4 5.399E-01 1.559E+08 1.150E-04 2.241E-03 2.000E+05 0.000E+00 0.000E+00
 7.01083436E-01   3799.4 6.993E-01 2.007E+08 1.197E-04 2.164E-03 2.000E+05 0.000E+00 0.000E+00
 9.05338347E-01   3838.6 9.031E-01 2.580E+08 1.252E-04 2.115E-03 2.000E+05 0.000E+00 0.000E+00
 1.16517620E+00   3878.2 1.162E+00 3.306E+08 1.315E-04 2.074E-03 2.000E+05 0.000E+00 0.000E+00
 1.49417941E+00   3917.9 1.491E+00 4.226E+08 1.388E-04 2.036E-03 2.000E+05 0.000E+00 0.000E+00
 1.90869395E+00   3957.8 1.904E+00 5.385E+08 1.473E-04 1.991E-03 2.000E+05 0.000E+00 0.000E+00
 2.42797799E+00   3997.4 2.423E+00 6.841E+08 1.572E-04 1.957E-03 2.000E+05 0.000E+00 0.000E+00
 3.07438666E+00   4037.1 3.068E+00 8.659E+08 1.690E-04 1.939E-03 2.000E+05 0.000E+00 0.000E+00
 3.87403524E+00   4077.3 3.866E+00 1.092E+09 1.827E-04 1.940E-03 2.000E+05 0.000E+00 0.000E+00
 4.85747860E+00   4118.4 4.847E+00 1.374E+09 1.986E-04 1.937E-03 2.000E+05 0.000E+00 0.000E+00
 6.06023324E+00   4159.9 6.048E+00 1.722E+09 2.172E-04 1.926E-03 2.000E+05 0.000E+00 0.000E+00
 7.52089892E+00   4201.7 7.506E+00 2.152E+09 2.394E-04 1.940E-03 2.000E+05 0.000E+00 0.000E+00
 9.28261212E+00   4244.3 9.264E+00 2.681E+09 2.654E-04 1.956E-03 2.000E+05 0.000E+00 0.000E+00
 1.13955601E+01   4287.4 1.137E+01 3.333E+09 2.959E-04 1.983E-03 2.000E+05 0.000E+00 0.000E+00
 1.39158854E+01   4331.4 1.389E+01 4.134E+09 3.317E-04 2.013E-03 2.000E+05 0.000E+00 0.000E+00
 1.69050288E+01   4375.9 1.687E+01 5.119E+09 3.740E-04 2.047E-03 2.000E+05 0.000E+00 0.000E+00
 2.04272292E+01   4420.4 2.039E+01 6.324E+09 4.247E-04 2.112E-03 2.000E+05 0.000E+00 0.000E+00
 2.45546549E+01   4465.6 2.450E+01 7.802E+09 4.842E-04 2.179E-03 2.000E+05 0.000E+00 0.000E+00
 2.93737929E+01   4511.0 2.931E+01 9.611E+09 5.539E-04 2.252E-03 2.000E+05 0.000E+00 0.000E+00
 3.49810456E+01   4556.6 3.491E+01 1.182E+10 6.360E-04 2.347E-03 2.000E+05 0.000E+00 0.000E+00
 4.14706775E+01   4602.7 4.138E+01 1.454E+10 7.354E-04 2.494E-03 2.000E+05 0.000E+00 0.000E+00
 4.89334269E+01   4650.4 4.882E+01 1.790E+10 8.551E-04 2.677E-03 2.000E+05 0.000E+00 0.000E+00
 5.74710005E+01   4700.2 5.734E+01 2.209E+10 9.991E-04 2.893E-03 2.000E+05 0.000E+00 0.000E+00
 6.71902387E+01   4752.4 6.703E+01 2.736E+10 1.174E-03 3.152E-03 2.000E+05 0.000E+00 0.000E+00
 7.81799577E+01   4808.1 7.798E+01 3.409E+10 1.390E-03 3.492E-03 2.000E+05 0.000E+00 0.000E+00
 9.04683322E+01   4869.5 9.022E+01 4.295E+10 1.670E-03 3.960E-03 2.000E+05 0.000E+00 0.000E+00
 1.04011914E+02   4938.7 1.037E+02 5.501E+10 2.037E-03 4.586E-03 2.000E+05 0.000E+00 0.000E+00
 1.18657032E+02   5019.7 1.183E+02 7.230E+10 2.544E-03 5.472E-03 2.000E+05 0.000E+00 0.000E+00
 1.34015640E+02   5117.7 1.335E+02 9.869E+10 3.300E-03 6.847E-03 2.000E+05 5.385E-16 0.000E+00
 1.49456366E+02   5239.3 1.488E+02 1.419E+11 4.484E-03 8.940E-03 2.000E+05 1.276E-12 0.000E+00
 1.63858522E+02   5393.5 1.631E+02 2.183E+11 6.484E-03 1.176E-02 2.000E+05 2.707E-06 0.000E+00
 1.77942718E+02   5498.0 1.771E+02 2.954E+11 8.443E-03 1.412E-02 2.000E+05 6.241E-02 0.000E+00
 1.92512052E+02   5605.0 1.914E+02 3.991E+11 1.101E-02 1.760E-02 2.000E+05 8.862E-02 0.000E+00
 2.06996118E+02   5744.5 2.056E+02 5.751E+11 1.529E-02 2.382E-02 2.000E+05 9.343E-02 2.642E+01
 2.20558094E+02   5912.3 2.187E+02 8.674E+11 2.242E-02 3.479E-02 2.000E+05 8.314E-02 1.353E+02
 2.32205575E+02   6141.3 2.299E+02 1.450E+12 3.689E-02 5.772E-02 2.000E+05 9.259E-02 5.776E+02
 2.41193973E+02   6417.8 2.382E+02 2.554E+12 6.634E-02 1.041E-01 2.000E+05 1.020E-01 2.444E+03
 2.47579013E+02   6739.7 2.436E+02 4.629E+12 1.293E-01 2.019E-01 2.000E+05 1.108E-01 1.179E+04
 2.51765709E+02   7106.6 2.466E+02 8.443E+12 2.720E-01 4.298E-01 2.000E+05 1.173E-01 6.294E+04
 2.54215187E+02   7556.2 2.473E+02 1.593E+13 6.547E-01 1.055E+00 2.000E+05 1.225E-01 1.382E+05
 2.55538482E+02   8051.6 2.465E+02 2.831E+13 1.590E+00 2.165E+00 2.000E+05 1.508E-01 7.389E+05
 2.56390989E+02   8420.7 2.454E+02 3.983E+13 2.812E+00 2.280E+00 2.000E+05 5.476E-01 1.240E+06
 2.57156620E+02   8636.4 2.446E+02 4.692E+13 3.747E+00 1.863E+00 2.000E+05 7.011E-01 1.351E+06
 2.57942871E+02   8842.9 2.440E+02 5.352E+13 4.734E+00 1.669E+00 2.000E+05 7.889E-01 1.434E+06
 2.58803175E+02   9021.5 2.435E+02 5.880E+13 5.602E+00 1.623E+00 2.000E+05 8.345E-01 1.519E+06
 2.59773802E+02   9242.3 2.428E+02 6.445E+13 6.612E+00 1.687E+00 2.000E+05 8.540E-01 1.587E+06
 2.60899902E+02   9459.6 2.420E+02 6.876E+13 7.386E+00 1.801E+00 2.000E+05 8.531E-01 1.626E+06
 2.62263332E+02   9770.9 2.404E+02 7.267E+13 8.000E+00 2.698E+00 2.000E+05 8.310E-01 1.836E+06
 2.64047227E+02  10376.0 2.352E+02 7.367E+13 7.570E+00 5.185E+00 2.000E+05 5.953E-01 1.846E+06
 2.67315458E+02  12004.1 2.211E+02 6.322E+13 3.912E+00 5.253E+00 2.000E+05 2.173E-01 4.710E+05
 2.76198702E+02  13899.4 1.941E+02 4.884E+13 1.719E+00 2.831E+00 2.000E+05 1.868E-03 3.810E+05
PRADK 1.2158E+00
BEGIN                    ITERATION  15 COMPLETED
