EFF   5250.  GRAVITY 3.00000 LTE 
ITLE SDSC GRID  [-5.0]   VTURB 2.0 KM/S    L/H 1.25                            
OPACITY IFOP 1 1 1 1 1 1 1 1 1 1 1 1 1 0 1 0 0 0 0 0
CONVECTION ON   1.25 TURBULENCE OFF  0.00  0.00  0.00  0.00
BUNDANCE SCALE   0.00001 ABUNDANCE CHANGE 1 0.91100 2 0.08900
ABUNDANCE CHANGE  3 -10.88  4 -10.89  5  -9.44  6  -3.48  7  -3.99  8  -3.11
ABUNDANCE CHANGE  9  -7.48 10  -3.95 11  -5.71 12  -4.46 13  -5.57 14  -4.49
ABUNDANCE CHANGE 15  -6.59 16  -4.83 17  -6.54 18  -5.48 19  -6.82 20  -5.68
ABUNDANCE CHANGE 21  -8.94 22  -7.05 23  -8.04 24  -6.37 25  -6.65 26  -4.37
ABUNDANCE CHANGE 27  -7.12 28  -5.79 29  -7.83 30  -7.44 31  -9.16 32  -8.63
ABUNDANCE CHANGE 33  -9.67 34  -8.69 35  -9.41 36  -8.81 37  -9.44 38  -9.14
ABUNDANCE CHANGE 39  -9.80 40  -9.54 41 -10.62 42 -10.12 43 -20.00 44 -10.20
ABUNDANCE CHANGE 45 -10.92 46 -10.35 47 -11.10 48 -10.18 49 -10.58 50 -10.04
ABUNDANCE CHANGE 51 -11.04 52  -9.80 53 -10.53 54  -9.81 55 -10.92 56  -9.91
ABUNDANCE CHANGE 57 -10.82 58 -10.49 59 -11.33 60 -10.54 61 -20.00 62 -11.04
ABUNDANCE CHANGE 63 -11.53 64 -10.92 65 -11.94 66 -10.94 67 -11.78 68 -11.11
ABUNDANCE CHANGE 69 -12.04 70 -10.96 71 -11.28 72 -11.16 73 -11.91 74 -10.93
ABUNDANCE CHANGE 75 -11.77 76 -10.59 77 -10.69 78 -10.24 79 -11.03 80 -10.95
ABUNDANCE CHANGE 81 -11.14 82 -10.19 83 -11.33 84 -20.00 85 -20.00 86 -20.00
ABUNDANCE CHANGE 87 -20.00 88 -20.00 89 -20.00 90 -11.92 91 -20.00 92 -12.51
ABUNDANCE CHANGE 93 -20.00 94 -20.00 95 -20.00 96 -20.00 97 -20.00 98 -20.00
ABUNDANCE CHANGE 99 -20.00
EAD DECK6 72 RHOX,T,P,XNE,ABROSS,ACCRAD,VTURB
1.32964400E-03   4197.4 1.330E+00 2.553E+08 1.003E-04 8.528E-04 2.000E+05 0.000E+00 0.000E+00
1.78201845E-03   4203.8 1.782E+00 3.041E+08 9.634E-05 8.501E-04 2.000E+05 0.000E+00 0.000E+00
2.40618107E-03   4211.8 2.406E+00 3.663E+08 9.370E-05 8.489E-04 2.000E+05 0.000E+00 0.000E+00
3.25592068E-03   4221.3 3.256E+00 4.448E+08 9.245E-05 8.493E-04 2.000E+05 0.000E+00 0.000E+00
4.39799563E-03   4231.7 4.398E+00 5.416E+08 9.247E-05 8.512E-04 2.000E+05 0.000E+00 0.000E+00
5.90621568E-03   4243.5 5.906E+00 6.615E+08 9.403E-05 8.549E-04 2.000E+05 0.000E+00 0.000E+00
7.88277699E-03   4250.6 7.887E+00 7.888E+08 9.521E-05 8.587E-04 2.000E+05 0.000E+00 0.000E+00
1.04469295E-02   4251.6 1.051E+01 9.147E+08 9.551E-05 8.620E-04 2.000E+05 0.000E+00 0.000E+00
1.37899255E-02   4252.6 1.398E+01 1.060E+09 9.696E-05 8.666E-04 2.000E+05 0.000E+00 0.000E+00
1.81330812E-02   4253.7 1.851E+01 1.225E+09 9.958E-05 8.728E-04 2.000E+05 0.000E+00 0.000E+00
2.37771081E-02   4254.7 2.435E+01 1.412E+09 1.034E-04 8.804E-04 2.000E+05 0.000E+00 0.000E+00
3.11037853E-02   4255.7 3.182E+01 1.621E+09 1.083E-04 8.896E-04 2.000E+05 0.000E+00 0.000E+00
4.05326408E-02   4256.7 4.129E+01 1.854E+09 1.144E-04 9.006E-04 2.000E+05 0.000E+00 0.000E+00
5.24644657E-02   4257.6 5.320E+01 2.114E+09 1.218E-04 9.132E-04 2.000E+05 0.000E+00 0.000E+00
6.73848532E-02   4258.6 6.807E+01 2.402E+09 1.303E-04 9.275E-04 2.000E+05 0.000E+00 0.000E+00
8.59055728E-02   4260.1 8.654E+01 2.726E+09 1.404E-04 9.438E-04 2.000E+05 0.000E+00 0.000E+00
1.08764413E-01   4261.9 1.093E+02 3.088E+09 1.519E-04 9.621E-04 2.000E+05 0.000E+00 0.000E+00
1.36841824E-01   4264.1 1.374E+02 3.495E+09 1.652E-04 9.830E-04 2.000E+05 0.000E+00 0.000E+00
1.71232701E-01   4266.2 1.717E+02 3.943E+09 1.799E-04 1.006E-03 2.000E+05 0.000E+00 0.000E+00
2.13300377E-01   4268.1 2.138E+02 4.437E+09 1.962E-04 1.031E-03 2.000E+05 0.000E+00 0.000E+00
2.64694240E-01   4270.0 2.651E+02 4.982E+09 2.142E-04 1.059E-03 2.000E+05 0.000E+00 0.000E+00
3.27422103E-01   4271.8 3.278E+02 5.584E+09 2.341E-04 1.090E-03 2.000E+05 0.000E+00 0.000E+00
4.03926939E-01   4273.5 4.043E+02 6.247E+09 2.560E-04 1.125E-03 2.000E+05 0.000E+00 0.000E+00
4.97172749E-01   4275.2 4.975E+02 6.981E+09 2.802E-04 1.163E-03 2.000E+05 0.000E+00 0.000E+00
6.10760416E-01   4276.8 6.110E+02 7.791E+09 3.068E-04 1.204E-03 2.000E+05 0.000E+00 0.000E+00
7.49054383E-01   4278.3 7.493E+02 8.687E+09 3.361E-04 1.251E-03 2.000E+05 0.000E+00 0.000E+00
9.17344624E-01   4279.9 9.176E+02 9.680E+09 3.684E-04 1.302E-03 2.000E+05 0.000E+00 0.000E+00
1.12203469E+00   4281.5 1.122E+03 1.078E+10 4.040E-04 1.358E-03 2.000E+05 0.000E+00 0.000E+00
1.37081551E+00   4283.2 1.371E+03 1.200E+10 4.434E-04 1.422E-03 2.000E+05 0.000E+00 0.000E+00
1.67298086E+00   4285.1 1.673E+03 1.337E+10 4.870E-04 1.492E-03 2.000E+05 0.000E+00 0.000E+00
2.03958482E+00   4287.2 2.040E+03 1.490E+10 5.356E-04 1.570E-03 2.000E+05 0.000E+00 0.000E+00
2.48385321E+00   4289.6 2.484E+03 1.661E+10 5.897E-04 1.658E-03 2.000E+05 0.000E+00 0.000E+00
3.02139003E+00   4292.5 3.022E+03 1.855E+10 6.505E-04 1.756E-03 2.000E+05 0.000E+00 0.000E+00
3.67057554E+00   4295.9 3.671E+03 2.075E+10 7.190E-04 1.867E-03 2.000E+05 0.000E+00 0.000E+00
4.45283448E+00   4300.0 4.453E+03 2.327E+10 7.967E-04 1.993E-03 2.000E+05 0.000E+00 0.000E+00
5.39278704E+00   4305.1 5.393E+03 2.617E+10 8.856E-04 2.138E-03 2.000E+05 0.000E+00 0.000E+00
6.51838267E+00   4311.3 6.518E+03 2.955E+10 9.880E-04 2.304E-03 2.000E+05 0.000E+00 0.000E+00
7.86071775E+00   4318.9 7.861E+03 3.353E+10 1.107E-03 2.497E-03 2.000E+05 0.000E+00 0.000E+00
9.45332028E+00   4328.3 9.453E+03 3.827E+10 1.248E-03 2.724E-03 2.000E+05 0.000E+00 0.000E+00
1.13315187E+01   4339.9 1.133E+04 4.401E+10 1.416E-03 2.993E-03 2.000E+05 0.000E+00 0.000E+00
1.35299319E+01   4354.2 1.353E+04 5.109E+10 1.620E-03 3.319E-03 2.000E+05 0.000E+00 0.000E+00
1.60801810E+01   4371.7 1.608E+04 5.994E+10 1.871E-03 3.718E-03 2.000E+05 0.000E+00 0.000E+00
1.90063257E+01   4393.4 1.901E+04 7.133E+10 2.188E-03 4.218E-03 2.000E+05 0.000E+00 0.000E+00
2.23210173E+01   4419.9 2.232E+04 8.620E+10 2.593E-03 4.852E-03 2.000E+05 0.000E+00 0.000E+00
2.60198991E+01   4452.4 2.602E+04 1.062E+11 3.126E-03 5.677E-03 2.000E+05 0.000E+00 0.000E+00
3.00710937E+01   4492.5 3.007E+04 1.340E+11 3.843E-03 6.781E-03 2.000E+05 0.000E+00 0.000E+00
3.44267119E+01   4539.5 3.443E+04 1.724E+11 4.802E-03 8.245E-03 2.000E+05 0.000E+00 0.000E+00
3.90597505E+01   4592.0 3.906E+04 2.248E+11 6.067E-03 1.017E-02 2.000E+05 6.867E-08 0.000E+00
4.35340044E+01   4713.7 4.353E+04 3.724E+11 9.382E-03 1.510E-02 2.000E+05 1.833E-04 0.000E+00
4.70222617E+01   4904.6 4.702E+04 7.496E+11 1.698E-02 2.602E-02 2.000E+05 3.159E-03 0.000E+00
4.97122033E+01   5069.4 4.971E+04 1.311E+12 2.711E-02 3.955E-02 2.000E+05 3.524E-02 0.000E+00
5.22560932E+01   5161.6 5.226E+04 1.783E+12 3.504E-02 4.825E-02 2.000E+05 8.201E-02 0.000E+00
5.49475140E+01   5239.1 5.495E+04 2.302E+12 4.334E-02 5.566E-02 2.000E+05 1.332E-01 0.000E+00
5.78223067E+01   5330.4 5.782E+04 3.070E+12 5.504E-02 6.548E-02 2.000E+05 1.877E-01 0.000E+00
6.08222787E+01   5431.7 6.082E+04 4.168E+12 7.085E-02 7.801E-02 2.000E+05 2.421E-01 2.583E+03
6.38648546E+01   5559.1 6.386E+04 5.992E+12 9.550E-02 9.821E-02 2.000E+05 2.892E-01 1.749E+04
6.67916471E+01   5722.5 6.679E+04 9.258E+12 1.364E-01 1.331E-01 2.000E+05 3.210E-01 4.860E+04
6.94239786E+01   5933.6 6.942E+04 1.556E+13 2.087E-01 1.935E-01 2.000E+05 3.548E-01 7.547E+04
7.17127844E+01   6162.5 7.171E+04 2.616E+13 3.208E-01 2.812E-01 2.000E+05 3.906E-01 9.281E+04
7.36469055E+01   6436.9 7.364E+04 4.625E+13 5.180E-01 4.220E-01 2.000E+05 4.311E-01 1.743E+05
7.52408837E+01   6722.6 7.524E+04 7.957E+13 8.278E-01 5.577E-01 2.000E+05 5.235E-01 2.429E+05
7.66327213E+01   6964.4 7.663E+04 1.217E+14 1.209E+00 5.883E-01 2.000E+05 6.707E-01 2.656E+05
7.79491715E+01   7170.3 7.794E+04 1.712E+14 1.653E+00 5.695E-01 2.000E+05 7.608E-01 2.718E+05
7.92604023E+01   7355.7 7.925E+04 2.291E+14 2.176E+00 5.538E-01 2.000E+05 8.236E-01 2.755E+05
8.06024492E+01   7531.5 8.060E+04 2.984E+14 2.809E+00 5.399E-01 2.000E+05 8.667E-01 2.758E+05
8.20039902E+01   7696.8 8.200E+04 3.787E+14 3.554E+00 5.265E-01 2.000E+05 8.972E-01 2.744E+05
8.34872899E+01   7859.3 8.348E+04 4.743E+14 4.460E+00 5.126E-01 2.000E+05 9.200E-01 2.715E+05
8.50737450E+01   8015.4 8.506E+04 5.843E+14 5.531E+00 4.969E-01 2.000E+05 9.378E-01 2.689E+05
8.67801193E+01   8173.3 8.677E+04 7.162E+14 6.849E+00 4.815E-01 2.000E+05 9.509E-01 2.639E+05
8.86315007E+01   8323.7 8.862E+04 8.643E+14 8.366E+00 4.639E-01 2.000E+05 9.617E-01 2.607E+05
9.06438032E+01   8481.6 9.063E+04 1.045E+15 1.028E+01 4.484E-01 2.000E+05 9.696E-01 2.546E+05
9.28479144E+01   8627.7 9.284E+04 1.241E+15 1.241E+01 4.608E-01 2.000E+05 9.744E-01 2.508E+05
RADK 1.0037E+00
EGIN                    ITERATION  15 COMPLETED
