TEFF   6250.  GRAVITY 3.00000 LTE 
TITLE SDSC GRID  [-3.0]   VTURB 2.0 KM/S    L/H 1.25                            
 OPACITY IFOP 1 1 1 1 1 1 1 1 1 1 1 1 1 0 1 0 0 0 0 0
 CONVECTION ON   1.25 TURBULENCE OFF  0.00  0.00  0.00  0.00
ABUNDANCE SCALE   0.00100 ABUNDANCE CHANGE 1 0.91100 2 0.08900
 ABUNDANCE CHANGE  3 -10.88  4 -10.89  5  -9.44  6  -3.48  7  -3.99  8  -3.11
 ABUNDANCE CHANGE  9  -7.48 10  -3.95 11  -5.71 12  -4.46 13  -5.57 14  -4.49
 ABUNDANCE CHANGE 15  -6.59 16  -4.83 17  -6.54 18  -5.48 19  -6.82 20  -5.68
 ABUNDANCE CHANGE 21  -8.94 22  -7.05 23  -8.04 24  -6.37 25  -6.65 26  -4.37
 ABUNDANCE CHANGE 27  -7.12 28  -5.79 29  -7.83 30  -7.44 31  -9.16 32  -8.63
 ABUNDANCE CHANGE 33  -9.67 34  -8.69 35  -9.41 36  -8.81 37  -9.44 38  -9.14
 ABUNDANCE CHANGE 39  -9.80 40  -9.54 41 -10.62 42 -10.12 43 -20.00 44 -10.20
 ABUNDANCE CHANGE 45 -10.92 46 -10.35 47 -11.10 48 -10.18 49 -10.58 50 -10.04
 ABUNDANCE CHANGE 51 -11.04 52  -9.80 53 -10.53 54  -9.81 55 -10.92 56  -9.91
 ABUNDANCE CHANGE 57 -10.82 58 -10.49 59 -11.33 60 -10.54 61 -20.00 62 -11.04
 ABUNDANCE CHANGE 63 -11.53 64 -10.92 65 -11.94 66 -10.94 67 -11.78 68 -11.11
 ABUNDANCE CHANGE 69 -12.04 70 -10.96 71 -11.28 72 -11.16 73 -11.91 74 -10.93
 ABUNDANCE CHANGE 75 -11.77 76 -10.59 77 -10.69 78 -10.24 79 -11.03 80 -10.95
 ABUNDANCE CHANGE 81 -11.14 82 -10.19 83 -11.33 84 -20.00 85 -20.00 86 -20.00
 ABUNDANCE CHANGE 87 -20.00 88 -20.00 89 -20.00 90 -11.92 91 -20.00 92 -12.51
 ABUNDANCE CHANGE 93 -20.00 94 -20.00 95 -20.00 96 -20.00 97 -20.00 98 -20.00
 ABUNDANCE CHANGE 99 -20.00
READ DECK6 72 RHOX,T,P,XNE,ABROSS,ACCRAD,VTURB
 2.72530334E-04   4515.0 2.725E-01 4.411E+08 4.893E-04 6.246E-03 2.000E+05 0.000E+00 0.000E+00
 3.66258400E-04   4527.6 3.663E-01 5.370E+08 4.597E-04 6.170E-03 2.000E+05 0.000E+00 0.000E+00
 5.01623870E-04   4530.2 5.016E-01 6.350E+08 4.165E-04 6.050E-03 2.000E+05 0.000E+00 0.000E+00
 6.98419788E-04   4540.2 6.984E-01 7.790E+08 3.872E-04 5.969E-03 2.000E+05 0.000E+00 0.000E+00
 9.80199697E-04   4551.7 9.802E-01 9.652E+08 3.637E-04 5.901E-03 2.000E+05 0.000E+00 0.000E+00
 1.37607197E-03   4566.8 1.376E+00 1.212E+09 3.488E-04 5.851E-03 2.000E+05 0.000E+00 0.000E+00
 1.92090912E-03   4584.4 1.921E+00 1.532E+09 3.412E-04 5.818E-03 2.000E+05 0.000E+00 0.000E+00
 2.65480171E-03   4604.9 2.655E+00 1.946E+09 3.416E-04 5.801E-03 2.000E+05 0.000E+00 0.000E+00
 3.62077432E-03   4628.0 3.621E+00 2.479E+09 3.497E-04 5.799E-03 2.000E+05 0.000E+00 0.000E+00
 4.86545484E-03   4653.2 4.865E+00 3.156E+09 3.655E-04 5.812E-03 2.000E+05 0.000E+00 0.000E+00
 6.43941219E-03   4679.7 6.439E+00 4.002E+09 3.884E-04 5.838E-03 2.000E+05 0.000E+00 0.000E+00
 8.40006397E-03   4706.8 8.400E+00 5.045E+09 4.184E-04 5.877E-03 2.000E+05 0.000E+00 0.000E+00
 1.08156320E-02   4733.5 1.082E+01 6.301E+09 4.547E-04 5.930E-03 2.000E+05 0.000E+00 0.000E+00
 1.37686354E-02   4759.6 1.377E+01 7.801E+09 4.976E-04 6.000E-03 2.000E+05 0.000E+00 0.000E+00
 1.73572153E-02   4784.8 1.736E+01 9.570E+09 5.472E-04 6.086E-03 2.000E+05 0.000E+00 0.000E+00
 2.17013444E-02   4808.8 2.170E+01 1.163E+10 6.036E-04 6.192E-03 2.000E+05 0.000E+00 0.000E+00
 2.69489868E-02   4831.2 2.695E+01 1.401E+10 6.667E-04 6.320E-03 2.000E+05 0.000E+00 0.000E+00
 3.32832577E-02   4852.0 3.328E+01 1.671E+10 7.367E-04 6.474E-03 2.000E+05 0.000E+00 0.000E+00
 4.09262899E-02   4871.3 4.093E+01 1.978E+10 8.143E-04 6.658E-03 2.000E+05 0.000E+00 0.000E+00
 5.01446963E-02   4889.3 5.014E+01 2.326E+10 9.005E-04 6.871E-03 2.000E+05 0.000E+00 0.000E+00
 6.12561802E-02   4906.2 6.126E+01 2.720E+10 9.966E-04 7.115E-03 2.000E+05 0.000E+00 0.000E+00
 7.46415840E-02   4922.1 7.464E+01 3.166E+10 1.104E-03 7.394E-03 2.000E+05 0.000E+00 0.000E+00
 9.07497473E-02   4937.4 9.075E+01 3.672E+10 1.224E-03 7.710E-03 2.000E+05 0.000E+00 0.000E+00
 1.10121676E-01   4951.9 1.101E+02 4.241E+10 1.357E-03 8.066E-03 2.000E+05 0.000E+00 0.000E+00
 1.33404488E-01   4965.8 1.334E+02 4.885E+10 1.506E-03 8.468E-03 2.000E+05 0.000E+00 0.000E+00
 1.61374614E-01   4979.1 1.614E+02 5.610E+10 1.672E-03 8.915E-03 2.000E+05 0.000E+00 0.000E+00
 1.94967928E-01   4991.9 1.950E+02 6.425E+10 1.857E-03 9.414E-03 2.000E+05 0.000E+00 0.000E+00
 2.35306051E-01   5004.1 2.353E+02 7.341E+10 2.062E-03 9.969E-03 2.000E+05 0.000E+00 0.000E+00
 2.83757565E-01   5015.6 2.838E+02 8.363E+10 2.289E-03 1.058E-02 2.000E+05 0.000E+00 0.000E+00
 3.41973244E-01   5026.5 3.420E+02 9.507E+10 2.540E-03 1.126E-02 2.000E+05 0.000E+00 0.000E+00
 4.11956088E-01   5036.7 4.120E+02 1.078E+11 2.816E-03 1.202E-02 2.000E+05 0.000E+00 0.000E+00
 4.96166379E-01   5046.1 4.962E+02 1.218E+11 3.119E-03 1.285E-02 2.000E+05 0.000E+00 0.000E+00
 5.97584682E-01   5054.9 5.976E+02 1.374E+11 3.453E-03 1.378E-02 2.000E+05 0.000E+00 0.000E+00
 7.19832588E-01   5062.9 7.198E+02 1.547E+11 3.818E-03 1.480E-02 2.000E+05 0.000E+00 0.000E+00
 8.67251708E-01   5070.5 8.672E+02 1.739E+11 4.223E-03 1.595E-02 2.000E+05 0.000E+00 0.000E+00
 1.04495911E+00   5078.1 1.045E+03 1.955E+11 4.673E-03 1.724E-02 2.000E+05 0.000E+00 0.000E+00
 1.25894833E+00   5086.1 1.259E+03 2.199E+11 5.180E-03 1.871E-02 2.000E+05 0.000E+00 0.000E+00
 1.51598334E+00   5095.2 1.516E+03 2.482E+11 5.760E-03 2.041E-02 2.000E+05 0.000E+00 0.000E+00
 1.82374306E+00   5105.5 1.824E+03 2.811E+11 6.426E-03 2.236E-02 2.000E+05 0.000E+00 0.000E+00
 2.19055004E+00   5118.2 2.191E+03 3.203E+11 7.210E-03 2.467E-02 2.000E+05 0.000E+00 0.000E+00
 2.62523657E+00   5133.4 2.625E+03 3.673E+11 8.135E-03 2.740E-02 2.000E+05 0.000E+00 0.000E+00
 3.13705118E+00   5152.2 3.137E+03 4.250E+11 9.250E-03 3.069E-02 2.000E+05 0.000E+00 0.000E+00
 3.73453239E+00   5175.4 3.734E+03 4.972E+11 1.062E-02 3.473E-02 2.000E+05 0.000E+00 0.000E+00
 4.42504415E+00   5203.9 4.425E+03 5.893E+11 1.232E-02 3.976E-02 2.000E+05 0.000E+00 0.000E+00
 5.21339379E+00   5239.4 5.213E+03 7.100E+11 1.449E-02 4.617E-02 2.000E+05 0.000E+00 0.000E+00
 6.10065681E+00   5283.0 6.100E+03 8.714E+11 1.729E-02 5.447E-02 2.000E+05 0.000E+00 0.000E+00
 7.08239432E+00   5337.0 7.082E+03 1.095E+12 2.104E-02 6.556E-02 2.000E+05 0.000E+00 0.000E+00
 8.14748921E+00   5403.0 8.147E+03 1.411E+12 2.614E-02 8.063E-02 2.000E+05 0.000E+00 0.000E+00
 9.27212689E+00   5486.5 9.272E+03 1.886E+12 3.347E-02 1.023E-01 2.000E+05 1.252E-10 0.000E+00
 1.04452349E+01   5575.2 1.044E+04 2.531E+12 4.296E-02 1.307E-01 2.000E+05 5.974E-07 0.000E+00
 1.14869494E+01   5832.3 1.148E+04 4.997E+12 7.627E-02 2.289E-01 2.000E+05 2.772E-04 0.000E+00
 1.22492222E+01   6096.4 1.225E+04 9.367E+12 1.309E-01 3.779E-01 2.000E+05 3.732E-02 0.000E+00
 1.29460885E+01   6229.8 1.294E+04 1.279E+13 1.718E-01 4.641E-01 2.000E+05 9.609E-02 0.000E+00
 1.36702116E+01   6347.0 1.367E+04 1.668E+13 2.174E-01 5.424E-01 2.000E+05 1.556E-01 0.000E+00
 1.44346135E+01   6469.1 1.443E+04 2.177E+13 2.760E-01 6.354E-01 2.000E+05 2.150E-01 5.483E+02
 1.52255170E+01   6615.6 1.522E+04 2.945E+13 3.634E-01 7.833E-01 2.000E+05 2.573E-01 3.264E+03
 1.59924400E+01   6822.3 1.599E+04 4.360E+13 5.242E-01 1.081E+00 2.000E+05 2.897E-01 1.181E+04
 1.66721308E+01   7084.6 1.667E+04 6.887E+13 8.173E-01 1.614E+00 2.000E+05 3.243E-01 3.344E+04
 1.72427404E+01   7378.7 1.724E+04 1.100E+14 1.317E+00 2.447E+00 2.000E+05 3.625E-01 7.051E+04
 1.77082176E+01   7702.6 1.770E+04 1.760E+14 2.187E+00 3.835E+00 2.000E+05 4.002E-01 1.242E+05
 1.80724854E+01   8072.8 1.806E+04 2.856E+14 3.821E+00 6.350E+00 2.000E+05 4.375E-01 2.256E+05
 1.83392328E+01   8483.5 1.833E+04 4.616E+14 6.900E+00 9.073E+00 2.000E+05 5.531E-01 4.063E+05
 1.85607144E+01   8756.4 1.855E+04 6.182E+14 1.005E+01 7.765E+00 2.000E+05 7.265E-01 4.325E+05
 1.87761493E+01   8961.6 1.876E+04 7.603E+14 1.318E+01 6.702E+00 2.000E+05 8.208E-01 4.422E+05
 1.89990416E+01   9149.2 1.898E+04 9.098E+14 1.674E+01 5.965E+00 2.000E+05 8.760E-01 4.456E+05
 1.92380885E+01   9312.2 1.922E+04 1.057E+15 2.047E+01 5.384E+00 2.000E+05 9.085E-01 4.461E+05
 1.95001110E+01   9477.5 1.948E+04 1.221E+15 2.480E+01 4.982E+00 2.000E+05 9.306E-01 4.459E+05
 1.97919762E+01   9629.8 1.977E+04 1.389E+15 2.939E+01 4.585E+00 2.000E+05 9.459E-01 4.450E+05
 2.01196820E+01   9792.5 2.010E+04 1.584E+15 3.497E+01 4.332E+00 2.000E+05 9.571E-01 4.445E+05
 2.04904478E+01   9945.3 2.047E+04 1.783E+15 4.089E+01 4.034E+00 2.000E+05 9.658E-01 4.438E+05
 2.09118395E+01  10114.9 2.089E+04 2.021E+15 4.812E+01 3.856E+00 2.000E+05 9.723E-01 4.435E+05
 2.13939099E+01  10274.9 2.137E+04 2.266E+15 5.564E+01 3.825E+00 2.000E+05 9.763E-01 4.432E+05
PRADK 2.0251E+00
BEGIN                    ITERATION  15 COMPLETED
