EFF  11500.  GRAVITY 4.00000 LTE 
ITLE SDSC GRID  [-2.0]   VTURB 2.0 KM/S                                        
OPACITY IFOP 1 1 1 1 1 1 1 1 1 1 1 1 1 0 1 0 0 0 0 0
CONVECTION OFF  1.00 TURBULENCE OFF  0.00  0.00  0.00  0.00
BUNDANCE SCALE   0.01000 ABUNDANCE CHANGE 1 0.91100 2 0.08900
ABUNDANCE CHANGE  3 -10.88  4 -10.89  5  -9.44  6  -3.48  7  -3.99  8  -3.11
ABUNDANCE CHANGE  9  -7.48 10  -3.95 11  -5.71 12  -4.46 13  -5.57 14  -4.49
ABUNDANCE CHANGE 15  -6.59 16  -4.83 17  -6.54 18  -5.48 19  -6.82 20  -5.68
ABUNDANCE CHANGE 21  -8.94 22  -7.05 23  -8.04 24  -6.37 25  -6.65 26  -4.37
ABUNDANCE CHANGE 27  -7.12 28  -5.79 29  -7.83 30  -7.44 31  -9.16 32  -8.63
ABUNDANCE CHANGE 33  -9.67 34  -8.69 35  -9.41 36  -8.81 37  -9.44 38  -9.14
ABUNDANCE CHANGE 39  -9.80 40  -9.54 41 -10.62 42 -10.12 43 -20.00 44 -10.20
ABUNDANCE CHANGE 45 -10.92 46 -10.35 47 -11.10 48 -10.18 49 -10.58 50 -10.04
ABUNDANCE CHANGE 51 -11.04 52  -9.80 53 -10.53 54  -9.81 55 -10.92 56  -9.91
ABUNDANCE CHANGE 57 -10.82 58 -10.49 59 -11.33 60 -10.54 61 -20.00 62 -11.04
ABUNDANCE CHANGE 63 -11.53 64 -10.92 65 -11.94 66 -10.94 67 -11.78 68 -11.11
ABUNDANCE CHANGE 69 -12.04 70 -10.96 71 -11.28 72 -11.16 73 -11.91 74 -10.93
ABUNDANCE CHANGE 75 -11.77 76 -10.59 77 -10.69 78 -10.24 79 -11.03 80 -10.95
ABUNDANCE CHANGE 81 -11.14 82 -10.19 83 -11.33 84 -20.00 85 -20.00 86 -20.00
ABUNDANCE CHANGE 87 -20.00 88 -20.00 89 -20.00 90 -11.92 91 -20.00 92 -12.51
ABUNDANCE CHANGE 93 -20.00 94 -20.00 95 -20.00 96 -20.00 97 -20.00 98 -20.00
ABUNDANCE CHANGE 99 -20.00
EAD DECK6 64 RHOX,T,P,XNE,ABROSS,ACCRAD,VTURB
5.51728297E-06   7636.3 5.510E-02 2.472E+10 3.055E-01 1.356E+01 2.000E+05
5.83126664E-06   7724.5 5.823E-02 2.586E+10 3.055E-01 1.330E+01 2.000E+05
7.75087857E-06   7725.5 7.740E-02 3.431E+10 3.097E-01 1.401E+01 2.000E+05
1.02831880E-05   7731.4 1.027E-01 4.537E+10 3.150E-01 1.479E+01 2.000E+05
1.35988178E-05   7749.9 1.358E-01 5.969E+10 3.211E-01 1.542E+01 2.000E+05
1.79271880E-05   7773.3 1.790E-01 7.822E+10 3.286E-01 1.609E+01 2.000E+05
2.35558577E-05   7799.3 2.352E-01 1.021E+11 3.376E-01 1.683E+01 2.000E+05
3.08456538E-05   7825.7 3.080E-01 1.327E+11 3.484E-01 1.771E+01 2.000E+05
4.02481713E-05   7852.0 4.018E-01 1.717E+11 3.609E-01 1.860E+01 2.000E+05
5.23253796E-05   7876.7 5.224E-01 2.213E+11 3.754E-01 1.970E+01 2.000E+05
6.77683520E-05   7902.0 6.765E-01 2.838E+11 3.924E-01 2.107E+01 2.000E+05
8.74235467E-05   7930.6 8.726E-01 3.622E+11 4.121E-01 2.270E+01 2.000E+05
1.12316335E-04   7967.7 1.121E+00 4.599E+11 4.350E-01 2.440E+01 2.000E+05
1.43669594E-04   8015.6 1.434E+00 5.812E+11 4.619E-01 2.606E+01 2.000E+05
1.82927663E-04   8069.3 1.825E+00 7.310E+11 4.933E-01 2.782E+01 2.000E+05
2.31796475E-04   8127.1 2.312E+00 9.151E+11 5.299E-01 2.973E+01 2.000E+05
2.92278687E-04   8195.2 2.915E+00 1.140E+12 5.725E-01 3.136E+01 2.000E+05
3.66792045E-04   8257.0 3.658E+00 1.414E+12 6.206E-01 3.307E+01 2.000E+05
4.58287887E-04   8308.8 4.570E+00 1.744E+12 6.750E-01 3.520E+01 2.000E+05
5.70333178E-04   8346.2 5.686E+00 2.140E+12 7.358E-01 3.809E+01 2.000E+05
7.07265260E-04   8373.6 7.050E+00 2.611E+12 8.036E-01 4.177E+01 2.000E+05
8.74358799E-04   8394.7 8.714E+00 3.170E+12 8.787E-01 4.619E+01 2.000E+05
1.07794617E-03   8417.2 1.074E+01 3.833E+12 9.628E-01 5.107E+01 2.000E+05
1.32527829E-03   8447.5 1.320E+01 4.621E+12 1.059E+00 5.611E+01 2.000E+05
1.62506802E-03   8476.0 1.618E+01 5.549E+12 1.165E+00 6.166E+01 2.000E+05
1.98784431E-03   8506.2 1.978E+01 6.641E+12 1.285E+00 6.779E+01 2.000E+05
2.42586449E-03   8538.3 2.413E+01 7.925E+12 1.421E+00 7.454E+01 2.000E+05
2.95401235E-03   8570.2 2.937E+01 9.427E+12 1.573E+00 8.198E+01 2.000E+05
3.58919976E-03   8609.5 3.567E+01 1.120E+13 1.747E+00 8.989E+01 2.000E+05
4.35106782E-03   8651.2 4.322E+01 1.328E+13 1.943E+00 9.841E+01 2.000E+05
5.26371304E-03   8693.9 5.225E+01 1.572E+13 2.165E+00 1.080E+02 2.000E+05
6.35477262E-03   8741.5 6.304E+01 1.858E+13 2.418E+00 1.185E+02 2.000E+05
7.65557014E-03   8794.0 7.588E+01 2.195E+13 2.708E+00 1.303E+02 2.000E+05
9.20167621E-03   8851.8 9.113E+01 2.591E+13 3.045E+00 1.439E+02 2.000E+05
1.10300031E-02   8920.4 1.091E+02 3.064E+13 3.443E+00 1.594E+02 2.000E+05
1.31789557E-02   9002.2 1.303E+02 3.629E+13 3.919E+00 1.771E+02 2.000E+05
1.56886025E-02   9096.6 1.549E+02 4.301E+13 4.489E+00 1.978E+02 2.000E+05
1.86003049E-02   9207.8 1.834E+02 5.106E+13 5.176E+00 2.222E+02 2.000E+05
2.19564464E-02   9338.8 2.162E+02 6.066E+13 6.000E+00 2.509E+02 2.000E+05
2.58205236E-02   9495.0 2.538E+02 7.214E+13 6.943E+00 2.811E+02 2.000E+05
3.02795112E-02   9676.2 2.970E+02 8.572E+13 8.010E+00 3.147E+02 2.000E+05
3.54539565E-02   9890.4 3.471E+02 1.017E+14 9.159E+00 3.496E+02 2.000E+05
4.15485942E-02  10141.0 4.058E+02 1.204E+14 1.026E+01 3.802E+02 2.000E+05
4.89034876E-02  10431.4 4.764E+02 1.422E+14 1.119E+01 4.039E+02 2.000E+05
5.80254256E-02  10769.6 5.639E+02 1.679E+14 1.187E+01 4.205E+02 2.000E+05
6.96719423E-02  11164.6 6.754E+02 1.985E+14 1.221E+01 4.281E+02 2.000E+05
8.50752650E-02  11624.6 8.229E+02 2.363E+14 1.210E+01 4.212E+02 2.000E+05
1.06109239E-01  12157.4 1.025E+03 2.847E+14 1.168E+01 4.068E+02 2.000E+05
1.35449233E-01  12773.2 1.306E+03 3.482E+14 1.106E+01 3.873E+02 2.000E+05
1.77065453E-01  13480.7 1.707E+03 4.334E+14 1.035E+01 3.643E+02 2.000E+05
2.36326748E-01  14278.2 2.279E+03 5.489E+14 9.720E+00 3.421E+02 2.000E+05
3.19870960E-01  15165.9 3.086E+03 7.043E+14 9.271E+00 3.236E+02 2.000E+05
4.35080727E-01  16132.5 4.202E+03 9.097E+14 9.078E+00 3.116E+02 2.000E+05
5.90140047E-01  17175.9 5.705E+03 1.173E+15 9.066E+00 3.063E+02 2.000E+05
7.97044297E-01  18306.3 7.711E+03 1.502E+15 9.064E+00 3.026E+02 2.000E+05
1.07345698E+00  19533.6 1.039E+04 1.909E+15 9.033E+00 2.993E+02 2.000E+05
1.44276264E+00  20868.3 1.397E+04 2.411E+15 9.037E+00 2.977E+02 2.000E+05
1.93335127E+00  22320.6 1.873E+04 3.027E+15 9.103E+00 2.985E+02 2.000E+05
2.57940189E+00  23896.8 2.500E+04 3.776E+15 9.267E+00 3.023E+02 2.000E+05
3.42074633E+00  25608.0 3.316E+04 4.675E+15 9.541E+00 3.094E+02 2.000E+05
4.50327669E+00  27458.5 4.364E+04 5.740E+15 9.949E+00 3.195E+02 2.000E+05
5.87932194E+00  29460.0 5.695E+04 6.983E+15 1.049E+01 3.328E+02 2.000E+05
7.61139028E+00  31622.4 7.369E+04 8.418E+15 1.116E+01 3.471E+02 2.000E+05
9.76987747E+00  33952.0 9.453E+04 1.006E+16 1.202E+01 3.415E+02 2.000E+05
RADK 3.0985E+01
EGIN                    ITERATION   6 COMPLETED
