TEFF   4000.  GRAVITY 2.00000 LTE
TITLE SDSC GRID  [+0.5]   VTURB 2.0 KM/S    L/H 1.25
 OPACITY IFOP 1 1 1 1 1 1 1 1 1 1 1 1 1 0 1 0 0 0 0 0
 CONVECTION ON   1.25 TURBULENCE OFF  0.00  0.00  0.00  0.00
ABUNDANCE SCALE   3.16200 ABUNDANCE CHANGE 1 0.91100 2 0.08900
 ABUNDANCE CHANGE  3 -10.88  4 -10.89  5  -9.44  6  -3.48  7  -3.99  8  -3.11
 ABUNDANCE CHANGE  9  -7.48 10  -3.95 11  -5.71 12  -4.46 13  -5.57 14  -4.49
 ABUNDANCE CHANGE 15  -6.59 16  -4.83 17  -6.54 18  -5.48 19  -6.82 20  -5.68
 ABUNDANCE CHANGE 21  -8.94 22  -7.05 23  -8.04 24  -6.37 25  -6.65 26  -4.37
 ABUNDANCE CHANGE 27  -7.12 28  -5.79 29  -7.83 30  -7.44 31  -9.16 32  -8.63
 ABUNDANCE CHANGE 33  -9.67 34  -8.69 35  -9.41 36  -8.81 37  -9.44 38  -9.14
 ABUNDANCE CHANGE 39  -9.80 40  -9.54 41 -10.62 42 -10.12 43 -20.00 44 -10.20
 ABUNDANCE CHANGE 45 -10.92 46 -10.35 47 -11.10 48 -10.18 49 -10.58 50 -10.04
 ABUNDANCE CHANGE 51 -11.04 52  -9.80 53 -10.53 54  -9.81 55 -10.92 56  -9.91
 ABUNDANCE CHANGE 57 -10.82 58 -10.49 59 -11.33 60 -10.54 61 -20.00 62 -11.04
 ABUNDANCE CHANGE 63 -11.53 64 -10.92 65 -11.94 66 -10.94 67 -11.78 68 -11.11
 ABUNDANCE CHANGE 69 -12.04 70 -10.96 71 -11.28 72 -11.16 73 -11.91 74 -10.93
 ABUNDANCE CHANGE 75 -11.77 76 -10.59 77 -10.69 78 -10.24 79 -11.03 80 -10.95
 ABUNDANCE CHANGE 81 -11.14 82 -10.19 83 -11.33 84 -20.00 85 -20.00 86 -20.00
 ABUNDANCE CHANGE 87 -20.00 88 -20.00 89 -20.00 90 -11.92 91 -20.00 92 -12.51
 ABUNDANCE CHANGE 93 -20.00 94 -20.00 95 -20.00 96 -20.00 97 -20.00 98 -20.00
 ABUNDANCE CHANGE 99 -20.00
READ DECK6 72 RHOX,T,P,XNE,ABROSS,ACCRAD,VTURB
 4.94451891E-03   2476.1 4.944E-01 2.956E+07 2.697E-05 1.214E-02 2.000E+05 0.000E+00 0.000E+00
 6.54582306E-03   2504.5 6.545E-01 3.935E+07 2.858E-05 1.124E-02 2.000E+05 0.000E+00 0.000E+00
 8.55837146E-03   2530.9 8.557E-01 5.165E+07 3.036E-05 1.036E-02 2.000E+05 0.000E+00 0.000E+00
 1.10833915E-02   2556.1 1.108E+00 6.710E+07 3.229E-05 9.503E-03 2.000E+05 0.000E+00 0.000E+00
 1.42429194E-02   2580.9 1.424E+00 8.651E+07 3.445E-05 8.728E-03 2.000E+05 0.000E+00 0.000E+00
 1.81804113E-02   2606.1 1.818E+00 1.110E+08 3.696E-05 8.096E-03 2.000E+05 0.000E+00 0.000E+00
 2.30594103E-02   2631.6 2.306E+00 1.417E+08 3.989E-05 7.573E-03 2.000E+05 0.000E+00 0.000E+00
 2.90699020E-02   2656.0 2.907E+00 1.796E+08 4.329E-05 7.055E-03 2.000E+05 0.000E+00 0.000E+00
 3.64472141E-02   2679.1 3.644E+00 2.260E+08 4.708E-05 6.586E-03 2.000E+05 0.000E+00 0.000E+00
 4.54763125E-02   2701.9 4.547E+00 2.830E+08 5.140E-05 6.189E-03 2.000E+05 0.000E+00 0.000E+00
 5.64781144E-02   2724.7 5.647E+00 3.529E+08 5.638E-05 5.866E-03 2.000E+05 0.000E+00 0.000E+00
 6.98235436E-02   2747.7 6.982E+00 4.386E+08 6.213E-05 5.596E-03 2.000E+05 0.000E+00 0.000E+00
 8.59087311E-02   2770.6 8.590E+00 5.425E+08 6.898E-05 5.346E-03 2.000E+05 0.000E+00 0.000E+00
 1.05189556E-01   2792.6 1.052E+01 6.672E+08 7.686E-05 5.103E-03 2.000E+05 0.000E+00 0.000E+00
 1.28227917E-01   2813.9 1.282E+01 8.161E+08 8.591E-05 4.871E-03 2.000E+05 0.000E+00 0.000E+00
 1.55663713E-01   2835.3 1.557E+01 9.949E+08 9.636E-05 4.671E-03 2.000E+05 0.000E+00 0.000E+00
 1.88225934E-01   2856.9 1.882E+01 1.209E+09 1.084E-04 4.490E-03 2.000E+05 0.000E+00 0.000E+00
 2.26754793E-01   2878.7 2.267E+01 1.465E+09 1.224E-04 4.322E-03 2.000E+05 0.000E+00 0.000E+00
 2.72110067E-01   2900.5 2.721E+01 1.770E+09 1.391E-04 4.167E-03 2.000E+05 0.000E+00 0.000E+00
 3.25277679E-01   2921.8 3.253E+01 2.129E+09 1.584E-04 4.012E-03 2.000E+05 0.000E+00 0.000E+00
 3.87498621E-01   2942.5 3.875E+01 2.549E+09 1.806E-04 3.866E-03 2.000E+05 0.000E+00 0.000E+00
 4.60213651E-01   2963.2 4.602E+01 3.043E+09 2.062E-04 3.739E-03 2.000E+05 0.000E+00 0.000E+00
 5.45105841E-01   2983.8 5.451E+01 3.624E+09 2.356E-04 3.626E-03 2.000E+05 0.000E+00 0.000E+00
 6.44128444E-01   3004.5 6.441E+01 4.307E+09 2.695E-04 3.527E-03 2.000E+05 0.000E+00 0.000E+00
 7.59420431E-01   3025.5 7.594E+01 5.112E+09 3.091E-04 3.450E-03 2.000E+05 0.000E+00 0.000E+00
 8.93231254E-01   3046.5 8.932E+01 6.056E+09 3.557E-04 3.403E-03 2.000E+05 0.000E+00 0.000E+00
 1.04832163E+00   3067.1 1.048E+02 7.151E+09 4.091E-04 3.356E-03 2.000E+05 0.000E+00 0.000E+00
 1.22810968E+00   3087.4 1.228E+02 8.423E+09 4.707E-04 3.323E-03 2.000E+05 0.000E+00 0.000E+00
 1.43647789E+00   3107.8 1.436E+02 9.908E+09 5.416E-04 3.300E-03 2.000E+05 0.000E+00 0.000E+00
 1.67796454E+00   3128.4 1.678E+02 1.164E+10 6.232E-04 3.286E-03 2.000E+05 0.000E+00 0.000E+00
 1.95780046E+00   3149.1 1.958E+02 1.367E+10 7.173E-04 3.280E-03 2.000E+05 0.000E+00 0.000E+00
 2.28176900E+00   3170.2 2.282E+02 1.605E+10 8.269E-04 3.299E-03 2.000E+05 0.000E+00 0.000E+00
 2.65620831E+00   3191.4 2.656E+02 1.881E+10 9.546E-04 3.348E-03 2.000E+05 0.000E+00 0.000E+00
 3.08894936E+00   3212.6 3.089E+02 2.203E+10 1.101E-03 3.399E-03 2.000E+05 0.000E+00 0.000E+00
 3.58917478E+00   3233.8 3.589E+02 2.577E+10 1.270E-03 3.470E-03 2.000E+05 0.000E+00 0.000E+00
 4.16713208E+00   3255.5 4.167E+02 3.015E+10 1.467E-03 3.557E-03 2.000E+05 0.000E+00 0.000E+00
 4.83454866E+00   3277.8 4.834E+02 3.528E+10 1.694E-03 3.657E-03 2.000E+05 0.000E+00 0.000E+00
 5.60482124E+00   3300.8 5.605E+02 4.133E+10 1.958E-03 3.774E-03 2.000E+05 0.000E+00 0.000E+00
 6.49204555E+00   3325.1 6.492E+02 4.850E+10 2.271E-03 3.947E-03 2.000E+05 0.000E+00 0.000E+00
 7.51094379E+00   3350.3 7.511E+02 5.698E+10 2.640E-03 4.165E-03 2.000E+05 0.000E+00 0.000E+00
 8.67923325E+00   3376.9 8.679E+02 6.706E+10 3.072E-03 4.399E-03 2.000E+05 0.000E+00 0.000E+00
 1.00170668E+01   3405.1 1.002E+03 7.912E+10 3.581E-03 4.656E-03 2.000E+05 0.000E+00 0.000E+00
 1.15440487E+01   3435.6 1.154E+03 9.372E+10 4.193E-03 4.980E-03 2.000E+05 0.000E+00 0.000E+00
 1.32792767E+01   3468.9 1.328E+03 1.116E+11 4.932E-03 5.368E-03 2.000E+05 0.000E+00 0.000E+00
 1.52350560E+01   3506.6 1.523E+03 1.339E+11 5.870E-03 5.936E-03 2.000E+05 0.000E+00 0.000E+00
 1.74199910E+01   3548.6 1.742E+03 1.619E+11 7.025E-03 6.589E-03 2.000E+05 0.000E+00 0.000E+00
 1.98454434E+01   3596.0 1.984E+03 1.976E+11 8.473E-03 7.365E-03 2.000E+05 0.000E+00 0.000E+00
 2.25126559E+01   3650.0 2.251E+03 2.439E+11 1.034E-02 8.366E-03 2.000E+05 0.000E+00 0.000E+00
 2.54053862E+01   3712.2 2.540E+03 3.051E+11 1.280E-02 9.712E-03 2.000E+05 0.000E+00 0.000E+00
 2.85044831E+01   3782.8 2.850E+03 3.863E+11 1.601E-02 1.137E-02 2.000E+05 7.623E-13 0.000E+00
 3.17859488E+01   3864.2 3.178E+03 4.958E+11 2.031E-02 1.357E-02 2.000E+05 5.415E-11 0.000E+00
 3.52180119E+01   3957.3 3.522E+03 6.430E+11 2.600E-02 1.641E-02 2.000E+05 5.702E-10 0.000E+00
 3.87845507E+01   4063.8 3.878E+03 8.396E+11 3.340E-02 1.993E-02 2.000E+05 1.510E-09 0.000E+00
 4.24899305E+01   4185.3 4.249E+03 1.096E+12 4.274E-02 2.423E-02 2.000E+05 2.324E-09 0.000E+00
 4.63765740E+01   4323.4 4.637E+03 1.420E+12 5.377E-02 2.903E-02 2.000E+05 3.211E-09 2.019E+02
 5.05655270E+01   4480.5 5.056E+03 1.807E+12 6.564E-02 3.392E-02 2.000E+05 4.763E-09 5.876E+02
 5.52314701E+01   4656.9 5.522E+03 2.243E+12 7.691E-02 3.845E-02 2.000E+05 1.039E-08 9.218E+02
 6.06650370E+01   4861.9 6.065E+03 2.721E+12 8.619E-02 4.179E-02 2.000E+05 9.547E-08 8.792E+02
 6.72783934E+01   5085.2 6.727E+03 3.238E+12 9.311E-02 4.470E-02 2.000E+05 6.400E-06 8.354E+02
 7.54116892E+01   5358.3 7.539E+03 3.991E+12 1.014E-01 4.845E-02 2.000E+05 7.415E-04 1.177E+03
 8.48394534E+01   5660.4 8.482E+03 5.585E+12 1.257E-01 5.578E-02 2.000E+05 6.597E-02 1.876E+03
 9.43085828E+01   5948.8 9.428E+03 8.760E+12 1.777E-01 7.075E-02 2.000E+05 1.593E-01 5.435E+03
 1.02789595E+02   6256.8 1.028E+04 1.504E+13 2.775E-01 1.058E-01 2.000E+05 2.010E-01 2.145E+04
 1.09618108E+02   6615.0 1.096E+04 2.821E+13 4.818E-01 1.730E-01 2.000E+05 2.525E-01 6.090E+04
 1.14856428E+02   6968.7 1.148E+04 5.091E+13 8.368E-01 2.752E-01 2.000E+05 3.158E-01 9.931E+04
 1.18774336E+02   7358.3 1.187E+04 9.245E+13 1.517E+00 4.450E-01 2.000E+05 3.880E-01 1.995E+05
 1.21702209E+02   7714.6 1.216E+04 1.522E+14 2.585E+00 5.137E-01 2.000E+05 5.826E-01 2.726E+05
 1.24234963E+02   7955.1 1.241E+04 2.086E+14 3.691E+00 4.563E-01 2.000E+05 7.440E-01 2.855E+05
 1.26674275E+02   8158.5 1.266E+04 2.687E+14 4.963E+00 4.105E-01 2.000E+05 8.281E-01 2.868E+05
 1.29175369E+02   8322.7 1.291E+04 3.273E+14 6.291E+00 3.701E-01 2.000E+05 8.787E-01 2.862E+05
 1.31813907E+02   8485.7 1.317E+04 3.951E+14 7.926E+00 3.408E-01 2.000E+05 9.106E-01 2.828E+05
 1.34666641E+02   8623.6 1.345E+04 4.616E+14 9.608E+00 3.316E-01 2.000E+05 9.284E-01 2.801E+05
PRADK 3.4099E-01
BEGIN                    ITERATION  15 COMPLETED
