EFF  22000.  GRAVITY 4.50000 LTE 
ITLE SDSC GRID  [-5.0]   VTURB 2.0 KM/S                                        
OPACITY IFOP 1 1 1 1 1 1 1 1 1 1 1 1 1 0 1 0 0 0 0 0
CONVECTION OFF  1.00 TURBULENCE OFF  0.00  0.00  0.00  0.00
BUNDANCE SCALE   0.00001 ABUNDANCE CHANGE 1 0.91100 2 0.08900
ABUNDANCE CHANGE  3 -10.88  4 -10.89  5  -9.44  6  -3.48  7  -3.99  8  -3.11
ABUNDANCE CHANGE  9  -7.48 10  -3.95 11  -5.71 12  -4.46 13  -5.57 14  -4.49
ABUNDANCE CHANGE 15  -6.59 16  -4.83 17  -6.54 18  -5.48 19  -6.82 20  -5.68
ABUNDANCE CHANGE 21  -8.94 22  -7.05 23  -8.04 24  -6.37 25  -6.65 26  -4.37
ABUNDANCE CHANGE 27  -7.12 28  -5.79 29  -7.83 30  -7.44 31  -9.16 32  -8.63
ABUNDANCE CHANGE 33  -9.67 34  -8.69 35  -9.41 36  -8.81 37  -9.44 38  -9.14
ABUNDANCE CHANGE 39  -9.80 40  -9.54 41 -10.62 42 -10.12 43 -20.00 44 -10.20
ABUNDANCE CHANGE 45 -10.92 46 -10.35 47 -11.10 48 -10.18 49 -10.58 50 -10.04
ABUNDANCE CHANGE 51 -11.04 52  -9.80 53 -10.53 54  -9.81 55 -10.92 56  -9.91
ABUNDANCE CHANGE 57 -10.82 58 -10.49 59 -11.33 60 -10.54 61 -20.00 62 -11.04
ABUNDANCE CHANGE 63 -11.53 64 -10.92 65 -11.94 66 -10.94 67 -11.78 68 -11.11
ABUNDANCE CHANGE 69 -12.04 70 -10.96 71 -11.28 72 -11.16 73 -11.91 74 -10.93
ABUNDANCE CHANGE 75 -11.77 76 -10.59 77 -10.69 78 -10.24 79 -11.03 80 -10.95
ABUNDANCE CHANGE 81 -11.14 82 -10.19 83 -11.33 84 -20.00 85 -20.00 86 -20.00
ABUNDANCE CHANGE 87 -20.00 88 -20.00 89 -20.00 90 -11.92 91 -20.00 92 -12.51
ABUNDANCE CHANGE 93 -20.00 94 -20.00 95 -20.00 96 -20.00 97 -20.00 98 -20.00
ABUNDANCE CHANGE 99 -20.00
EAD DECK6 64 RHOX,T,P,XNE,ABROSS,ACCRAD,VTURB
4.82655900E-06  12279.1 1.521E-01 4.476E+10 3.186E-01 1.426E+02 2.000E+05
5.54581715E-06  12328.4 1.747E-01 5.122E+10 3.186E-01 1.425E+02 2.000E+05
7.39502291E-06  12329.4 2.330E-01 6.825E+10 3.195E-01 1.435E+02 2.000E+05
9.86113423E-06  12330.4 3.106E-01 9.092E+10 3.206E-01 1.448E+02 2.000E+05
1.31421581E-05  12331.8 4.139E-01 1.210E+11 3.221E-01 1.465E+02 2.000E+05
1.74924699E-05  12341.2 5.508E-01 1.607E+11 3.241E-01 1.487E+02 2.000E+05
2.32559545E-05  12348.8 7.322E-01 2.132E+11 3.268E-01 1.516E+02 2.000E+05
3.08740587E-05  12361.0 9.719E-01 2.823E+11 3.302E-01 1.554E+02 2.000E+05
4.09095885E-05  12371.7 1.288E+00 3.730E+11 3.347E-01 1.603E+02 2.000E+05
5.40848316E-05  12386.7 1.702E+00 4.914E+11 3.405E-01 1.666E+02 2.000E+05
7.13172011E-05  12406.5 2.244E+00 6.454E+11 3.479E-01 1.746E+02 2.000E+05
9.37449273E-05  12434.5 2.949E+00 8.443E+11 3.574E-01 1.843E+02 2.000E+05
1.22778044E-04  12471.2 3.862E+00 1.100E+12 3.691E-01 1.959E+02 2.000E+05
1.60146578E-04  12519.0 5.036E+00 1.426E+12 3.835E-01 2.093E+02 2.000E+05
2.07963169E-04  12577.4 6.538E+00 1.839E+12 4.008E-01 2.244E+02 2.000E+05
2.68795306E-04  12648.7 8.447E+00 2.360E+12 4.213E-01 2.410E+02 2.000E+05
3.45773224E-04  12732.4 1.086E+01 3.011E+12 4.450E-01 2.587E+02 2.000E+05
4.42719687E-04  12829.7 1.390E+01 3.822E+12 4.722E-01 2.769E+02 2.000E+05
5.64295565E-04  12938.2 1.771E+01 4.827E+12 5.031E-01 2.956E+02 2.000E+05
7.16171193E-04  13056.4 2.247E+01 6.066E+12 5.380E-01 3.151E+02 2.000E+05
9.05242352E-04  13182.7 2.839E+01 7.589E+12 5.772E-01 3.359E+02 2.000E+05
1.13990267E-03  13317.1 3.572E+01 9.456E+12 6.210E-01 3.577E+02 2.000E+05
1.43038867E-03  13459.5 4.480E+01 1.174E+13 6.697E-01 3.804E+02 2.000E+05
1.78912871E-03  13607.7 5.601E+01 1.452E+13 7.240E-01 4.041E+02 2.000E+05
2.23111611E-03  13759.4 6.980E+01 1.790E+13 7.845E-01 4.292E+02 2.000E+05
2.77428773E-03  13911.7 8.674E+01 2.201E+13 8.524E-01 4.570E+02 2.000E+05
3.43996641E-03  14062.9 1.075E+02 2.699E+13 9.288E-01 4.885E+02 2.000E+05
4.25340905E-03  14212.1 1.328E+02 3.300E+13 1.015E+00 5.247E+02 2.000E+05
5.24434564E-03  14357.3 1.636E+02 4.025E+13 1.113E+00 5.676E+02 2.000E+05
6.44776101E-03  14498.7 2.009E+02 4.896E+13 1.224E+00 6.190E+02 2.000E+05
7.90521384E-03  14638.1 2.461E+02 5.939E+13 1.349E+00 6.812E+02 2.000E+05
9.66714729E-03  14781.0 3.005E+02 7.183E+13 1.488E+00 7.565E+02 2.000E+05
1.17972903E-02  14938.0 3.662E+02 8.663E+13 1.640E+00 8.428E+02 2.000E+05
1.43774868E-02  15115.2 4.455E+02 1.042E+14 1.803E+00 9.385E+02 2.000E+05
1.75136143E-02  15320.1 5.415E+02 1.251E+14 1.974E+00 1.042E+03 2.000E+05
2.13444321E-02  15560.4 6.585E+02 1.500E+14 2.149E+00 1.152E+03 2.000E+05
2.60524634E-02  15842.5 8.016E+02 1.797E+14 2.325E+00 1.264E+03 2.000E+05
3.18800291E-02  16176.2 9.782E+02 2.153E+14 2.495E+00 1.376E+03 2.000E+05
3.91537894E-02  16570.8 1.198E+03 2.580E+14 2.654E+00 1.482E+03 2.000E+05
4.83108529E-02  17029.3 1.473E+03 3.097E+14 2.800E+00 1.579E+03 2.000E+05
5.99425879E-02  17563.0 1.822E+03 3.724E+14 2.927E+00 1.664E+03 2.000E+05
7.48509779E-02  18181.1 2.268E+03 4.487E+14 3.033E+00 1.732E+03 2.000E+05
9.41006582E-02  18889.2 2.843E+03 5.423E+14 3.124E+00 1.782E+03 2.000E+05
1.19076086E-01  19689.7 3.588E+03 6.573E+14 3.207E+00 1.815E+03 2.000E+05
1.51508376E-01  20582.8 4.554E+03 7.987E+14 3.296E+00 1.836E+03 2.000E+05
1.93514000E-01  21564.2 5.805E+03 9.723E+14 3.400E+00 1.851E+03 2.000E+05
2.47662218E-01  22631.5 7.417E+03 1.184E+15 3.527E+00 1.865E+03 2.000E+05
3.16997469E-01  23783.7 9.479E+03 1.440E+15 3.686E+00 1.889E+03 2.000E+05
4.05198622E-01  25027.5 1.210E+04 1.747E+15 3.875E+00 1.922E+03 2.000E+05
5.16669563E-01  26369.7 1.541E+04 2.112E+15 4.102E+00 1.978E+03 2.000E+05
6.56824355E-01  27834.6 1.956E+04 2.539E+15 4.358E+00 2.049E+03 2.000E+05
8.32255133E-01  29429.4 2.474E+04 3.038E+15 4.655E+00 2.147E+03 2.000E+05
1.05099249E+00  31186.3 3.117E+04 3.613E+15 4.986E+00 2.264E+03 2.000E+05
1.32228665E+00  33108.7 3.912E+04 4.273E+15 5.380E+00 2.414E+03 2.000E+05
1.65658715E+00  35226.7 4.885E+04 5.023E+15 5.841E+00 2.602E+03 2.000E+05
2.06441331E+00  37549.4 6.064E+04 5.871E+15 6.424E+00 2.840E+03 2.000E+05
2.55780335E+00  40091.6 7.477E+04 6.828E+15 7.080E+00 3.113E+03 2.000E+05
3.16528600E+00  42892.4 9.203E+04 7.934E+15 7.480E+00 3.267E+03 2.000E+05
3.97326276E+00  45933.2 1.150E+05 9.336E+15 7.147E+00 3.142E+03 2.000E+05
5.14952822E+00  49250.0 1.487E+05 1.132E+16 6.304E+00 2.787E+03 2.000E+05
6.93321106E+00  52762.1 2.004E+05 1.428E+16 5.578E+00 2.457E+03 2.000E+05
9.60873095E+00  56603.2 2.789E+05 1.854E+16 5.006E+00 2.193E+03 2.000E+05
1.35193252E+01  60685.4 3.944E+05 2.448E+16 4.610E+00 1.995E+03 2.000E+05
1.91157336E+01  65088.4 5.604E+05 3.243E+16 4.304E+00 1.936E+03 2.000E+05
RADK 4.2327E+02
EGIN                    ITERATION   9 COMPLETED
