TEFF   5250.  GRAVITY 2.50000 LTE 
TITLE SDSC GRID  [+0.3]   VTURB 2.0 KM/S    L/H 1.25                            
 OPACITY IFOP 1 1 1 1 1 1 1 1 1 1 1 1 1 0 1 0 0 0 0 0
 CONVECTION ON   1.25 TURBULENCE OFF  0.00  0.00  0.00  0.00
ABUNDANCE SCALE   1.99526 ABUNDANCE CHANGE 1 0.91100 2 0.08900
 ABUNDANCE CHANGE  3 -10.88  4 -10.89  5  -9.44  6  -3.48  7  -3.99  8  -3.11
 ABUNDANCE CHANGE  9  -7.48 10  -3.95 11  -5.71 12  -4.46 13  -5.57 14  -4.49
 ABUNDANCE CHANGE 15  -6.59 16  -4.83 17  -6.54 18  -5.48 19  -6.82 20  -5.68
 ABUNDANCE CHANGE 21  -8.94 22  -7.05 23  -8.04 24  -6.37 25  -6.65 26  -4.37
 ABUNDANCE CHANGE 27  -7.12 28  -5.79 29  -7.83 30  -7.44 31  -9.16 32  -8.63
 ABUNDANCE CHANGE 33  -9.67 34  -8.69 35  -9.41 36  -8.81 37  -9.44 38  -9.14
 ABUNDANCE CHANGE 39  -9.80 40  -9.54 41 -10.62 42 -10.12 43 -20.00 44 -10.20
 ABUNDANCE CHANGE 45 -10.92 46 -10.35 47 -11.10 48 -10.18 49 -10.58 50 -10.04
 ABUNDANCE CHANGE 51 -11.04 52  -9.80 53 -10.53 54  -9.81 55 -10.92 56  -9.91
 ABUNDANCE CHANGE 57 -10.82 58 -10.49 59 -11.33 60 -10.54 61 -20.00 62 -11.04
 ABUNDANCE CHANGE 63 -11.53 64 -10.92 65 -11.94 66 -10.94 67 -11.78 68 -11.11
 ABUNDANCE CHANGE 69 -12.04 70 -10.96 71 -11.28 72 -11.16 73 -11.91 74 -10.93
 ABUNDANCE CHANGE 75 -11.77 76 -10.59 77 -10.69 78 -10.24 79 -11.03 80 -10.95
 ABUNDANCE CHANGE 81 -11.14 82 -10.19 83 -11.33 84 -20.00 85 -20.00 86 -20.00
 ABUNDANCE CHANGE 87 -20.00 88 -20.00 89 -20.00 90 -11.92 91 -20.00 92 -12.51
 ABUNDANCE CHANGE 93 -20.00 94 -20.00 95 -20.00 96 -20.00 97 -20.00 98 -20.00
 ABUNDANCE CHANGE 99 -20.00
READ DECK6 72 RHOX,T,P,XNE,ABROSS,ACCRAD,VTURB
 1.78469137E-03   2976.3 5.643E-01 1.198E+08 7.472E-05 3.075E-02 2.000E+05 0.000E+00 0.000E+00
 2.34745035E-03   3018.7 7.423E-01 1.645E+08 8.334E-05 3.109E-02 2.000E+05 0.000E+00 0.000E+00
 3.02180940E-03   3057.8 9.555E-01 2.195E+08 9.256E-05 3.051E-02 2.000E+05 0.000E+00 0.000E+00
 3.82999596E-03   3096.8 1.211E+00 2.886E+08 1.032E-04 2.989E-02 2.000E+05 0.000E+00 0.000E+00
 4.79518102E-03   3136.0 1.516E+00 3.748E+08 1.153E-04 2.934E-02 2.000E+05 0.000E+00 0.000E+00
 5.94651942E-03   3175.0 1.880E+00 4.813E+08 1.289E-04 2.864E-02 2.000E+05 0.000E+00 0.000E+00
 7.32018247E-03   3213.0 2.315E+00 6.112E+08 1.440E-04 2.766E-02 2.000E+05 0.000E+00 0.000E+00
 8.95843618E-03   3250.5 2.833E+00 7.694E+08 1.612E-04 2.707E-02 2.000E+05 0.000E+00 0.000E+00
 1.09093905E-02   3287.6 3.449E+00 9.614E+08 1.805E-04 2.657E-02 2.000E+05 0.000E+00 0.000E+00
 1.32321435E-02   3324.3 4.184E+00 1.193E+09 2.022E-04 2.565E-02 2.000E+05 0.000E+00 0.000E+00
 1.60000875E-02   3360.1 5.059E+00 1.472E+09 2.261E-04 2.443E-02 2.000E+05 0.000E+00 0.000E+00
 1.92997278E-02   3394.7 6.102E+00 1.804E+09 2.531E-04 2.363E-02 2.000E+05 0.000E+00 0.000E+00
 2.32274514E-02   3428.6 7.344E+00 2.202E+09 2.838E-04 2.315E-02 2.000E+05 0.000E+00 0.000E+00
 2.78914612E-02   3462.2 8.819E+00 2.676E+09 3.190E-04 2.297E-02 2.000E+05 0.000E+00 0.000E+00
 3.34257960E-02   3496.2 1.057E+01 3.244E+09 3.583E-04 2.218E-02 2.000E+05 0.000E+00 0.000E+00
 3.99986266E-02   3529.0 1.265E+01 3.916E+09 4.024E-04 2.130E-02 2.000E+05 0.000E+00 0.000E+00
 4.77980163E-02   3560.8 1.511E+01 4.710E+09 4.526E-04 2.075E-02 2.000E+05 0.000E+00 0.000E+00
 5.70318046E-02   3592.1 1.803E+01 5.648E+09 5.105E-04 2.045E-02 2.000E+05 0.000E+00 0.000E+00
 6.79339954E-02   3623.1 2.148E+01 6.755E+09 5.772E-04 2.041E-02 2.000E+05 0.000E+00 0.000E+00
 8.07987901E-02   3654.8 2.555E+01 8.068E+09 6.519E-04 2.009E-02 2.000E+05 0.000E+00 0.000E+00
 9.59762820E-02   3686.0 3.035E+01 9.614E+09 7.375E-04 1.984E-02 2.000E+05 0.000E+00 0.000E+00
 1.13859166E-01   3717.1 3.600E+01 1.143E+10 8.351E-04 1.953E-02 2.000E+05 0.000E+00 0.000E+00
 1.34901088E-01   3748.1 4.266E+01 1.357E+10 9.473E-04 1.935E-02 2.000E+05 0.000E+00 0.000E+00
 1.59607005E-01   3778.9 5.047E+01 1.608E+10 1.077E-03 1.935E-02 2.000E+05 0.000E+00 0.000E+00
 1.88571567E-01   3810.1 5.963E+01 1.901E+10 1.225E-03 1.941E-02 2.000E+05 0.000E+00 0.000E+00
 2.22574513E-01   3841.8 7.038E+01 2.247E+10 1.390E-03 1.924E-02 2.000E+05 0.000E+00 0.000E+00
 2.62478819E-01   3873.2 8.300E+01 2.651E+10 1.582E-03 1.923E-02 2.000E+05 0.000E+00 0.000E+00
 3.09190527E-01   3904.6 9.777E+01 3.122E+10 1.804E-03 1.942E-02 2.000E+05 0.000E+00 0.000E+00
 3.63828872E-01   3936.6 1.150E+02 3.674E+10 2.056E-03 1.952E-02 2.000E+05 0.000E+00 0.000E+00
 4.27724002E-01   3968.4 1.352E+02 4.317E+10 2.345E-03 1.976E-02 2.000E+05 0.000E+00 0.000E+00
 5.02495945E-01   4000.7 1.589E+02 5.069E+10 2.669E-03 1.993E-02 2.000E+05 0.000E+00 0.000E+00
 5.90148243E-01   4033.1 1.866E+02 5.948E+10 3.036E-03 2.009E-02 2.000E+05 0.000E+00 0.000E+00
 6.92804185E-01   4065.5 2.191E+02 6.972E+10 3.461E-03 2.043E-02 2.000E+05 0.000E+00 0.000E+00
 8.12803170E-01   4098.1 2.570E+02 8.167E+10 3.951E-03 2.095E-02 2.000E+05 0.000E+00 0.000E+00
 9.52840996E-01   4130.8 3.013E+02 9.556E+10 4.518E-03 2.167E-02 2.000E+05 0.000E+00 0.000E+00
 1.11619231E+00   4164.2 3.529E+02 1.117E+11 5.161E-03 2.243E-02 2.000E+05 0.000E+00 0.000E+00
 1.30736435E+00   4198.1 4.134E+02 1.306E+11 5.869E-03 2.302E-02 2.000E+05 0.000E+00 0.000E+00
 1.53145936E+00   4232.2 4.843E+02 1.527E+11 6.681E-03 2.381E-02 2.000E+05 0.000E+00 0.000E+00
 1.79374413E+00   4266.8 5.672E+02 1.784E+11 7.618E-03 2.485E-02 2.000E+05 0.000E+00 0.000E+00
 2.10024627E+00   4302.1 6.641E+02 2.085E+11 8.700E-03 2.616E-02 2.000E+05 0.000E+00 0.000E+00
 2.45791606E+00   4338.5 7.772E+02 2.435E+11 9.947E-03 2.777E-02 2.000E+05 0.000E+00 0.000E+00
 2.87504490E+00   4376.8 9.091E+02 2.844E+11 1.137E-02 2.961E-02 2.000E+05 0.000E+00 0.000E+00
 3.36253537E+00   4417.2 1.063E+03 3.324E+11 1.295E-02 3.144E-02 2.000E+05 0.000E+00 0.000E+00
 3.93330080E+00   4460.1 1.244E+03 3.888E+11 1.476E-02 3.355E-02 2.000E+05 0.000E+00 0.000E+00
 4.60100241E+00   4506.2 1.455E+03 4.553E+11 1.683E-02 3.610E-02 2.000E+05 0.000E+00 0.000E+00
 5.38104190E+00   4557.0 1.701E+03 5.337E+11 1.922E-02 3.914E-02 2.000E+05 0.000E+00 0.000E+00
 6.29279957E+00   4613.6 1.990E+03 6.265E+11 2.190E-02 4.246E-02 2.000E+05 0.000E+00 0.000E+00
 7.36035159E+00   4677.6 2.327E+03 7.370E+11 2.494E-02 4.617E-02 2.000E+05 0.000E+00 0.000E+00
 8.61108640E+00   4750.7 2.723E+03 8.691E+11 2.838E-02 5.040E-02 2.000E+05 0.000E+00 0.000E+00
 1.00777731E+01   4834.9 3.186E+03 1.028E+12 3.225E-02 5.512E-02 2.000E+05 0.000E+00 0.000E+00
 1.18001900E+01   4932.9 3.731E+03 1.224E+12 3.662E-02 6.043E-02 2.000E+05 0.000E+00 0.000E+00
 1.38176760E+01   5047.5 4.369E+03 1.473E+12 4.180E-02 6.698E-02 2.000E+05 1.877E-13 0.000E+00
 1.61588514E+01   5183.2 5.109E+03 1.813E+12 4.846E-02 7.597E-02 2.000E+05 9.509E-12 0.000E+00
 1.88163633E+01   5344.0 5.949E+03 2.332E+12 5.789E-02 8.855E-02 2.000E+05 8.569E-10 0.000E+00
 2.16833420E+01   5537.4 6.856E+03 3.240E+12 7.448E-02 1.128E-01 2.000E+05 4.289E-06 0.000E+00
 2.45167251E+01   5777.7 7.751E+03 5.066E+12 1.057E-01 1.541E-01 2.000E+05 7.565E-03 2.727E+02
 2.69601155E+01   6061.2 8.523E+03 8.806E+12 1.674E-01 2.105E-01 2.000E+05 1.051E-01 3.398E+02
 2.92602430E+01   6212.0 9.250E+03 1.210E+13 2.195E-01 2.442E-01 2.000E+05 1.906E-01 6.496E+02
 3.14776638E+01   6449.0 9.951E+03 1.921E+13 3.294E-01 3.601E-01 2.000E+05 2.262E-01 6.465E+03
 3.33499522E+01   6747.6 1.054E+04 3.308E+13 5.399E-01 5.633E-01 2.000E+05 2.671E-01 2.176E+04
 3.48745307E+01   7054.5 1.102E+04 5.553E+13 8.845E-01 8.682E-01 2.000E+05 3.130E-01 5.698E+04
 3.60704109E+01   7414.9 1.140E+04 9.663E+13 1.552E+00 1.424E+00 2.000E+05 3.616E-01 1.127E+05
 3.69851397E+01   7778.2 1.169E+04 1.603E+14 2.693E+00 2.260E+00 2.000E+05 4.147E-01 1.855E+05
 3.76624163E+01   8181.6 1.190E+04 2.655E+14 4.872E+00 3.250E+00 2.000E+05 5.075E-01 3.511E+05
 3.82090857E+01   8472.6 1.207E+04 3.704E+14 7.379E+00 2.968E+00 2.000E+05 7.297E-01 3.963E+05
 3.87242202E+01   8685.4 1.223E+04 4.656E+14 9.908E+00 2.515E+00 2.000E+05 8.241E-01 3.984E+05
 3.92513608E+01   8864.9 1.240E+04 5.595E+14 1.261E+01 2.222E+00 2.000E+05 8.763E-01 3.975E+05
 3.98129718E+01   9026.8 1.257E+04 6.558E+14 1.557E+01 2.037E+00 2.000E+05 9.102E-01 4.004E+05
 4.04227228E+01   9184.9 1.277E+04 7.611E+14 1.902E+01 1.859E+00 2.000E+05 9.314E-01 3.964E+05
 4.10973570E+01   9329.2 1.298E+04 8.680E+14 2.268E+01 1.720E+00 2.000E+05 9.475E-01 3.966E+05
 4.18493891E+01   9484.6 1.321E+04 9.937E+14 2.719E+01 1.615E+00 2.000E+05 9.586E-01 3.947E+05
 4.26962415E+01   9626.0 1.348E+04 1.120E+15 3.187E+01 1.579E+00 2.000E+05 9.654E-01 3.931E+05
PRADK 1.0120E+00
BEGIN                    ITERATION  15 COMPLETED
