TEFF   9500.  GRAVITY 4.00000 LTE
TITLE SDSC GRID  [-4.0]   VTURB 2.0 KM/S
 OPACITY IFOP 1 1 1 1 1 1 1 1 1 1 1 1 1 0 1 0 0 0 0 0
 CONVECTION OFF  1.00 TURBULENCE OFF  0.00  0.00  0.00  0.00
ABUNDANCE SCALE   0.00010 ABUNDANCE CHANGE 1 0.91100 2 0.08900
 ABUNDANCE CHANGE  3 -10.88  4 -10.89  5  -9.44  6  -3.48  7  -3.99  8  -3.11
 ABUNDANCE CHANGE  9  -7.48 10  -3.95 11  -5.71 12  -4.46 13  -5.57 14  -4.49
 ABUNDANCE CHANGE 15  -6.59 16  -4.83 17  -6.54 18  -5.48 19  -6.82 20  -5.68
 ABUNDANCE CHANGE 21  -8.94 22  -7.05 23  -8.04 24  -6.37 25  -6.65 26  -4.37
 ABUNDANCE CHANGE 27  -7.12 28  -5.79 29  -7.83 30  -7.44 31  -9.16 32  -8.63
 ABUNDANCE CHANGE 33  -9.67 34  -8.69 35  -9.41 36  -8.81 37  -9.44 38  -9.14
 ABUNDANCE CHANGE 39  -9.80 40  -9.54 41 -10.62 42 -10.12 43 -20.00 44 -10.20
 ABUNDANCE CHANGE 45 -10.92 46 -10.35 47 -11.10 48 -10.18 49 -10.58 50 -10.04
 ABUNDANCE CHANGE 51 -11.04 52  -9.80 53 -10.53 54  -9.81 55 -10.92 56  -9.91
 ABUNDANCE CHANGE 57 -10.82 58 -10.49 59 -11.33 60 -10.54 61 -20.00 62 -11.04
 ABUNDANCE CHANGE 63 -11.53 64 -10.92 65 -11.94 66 -10.94 67 -11.78 68 -11.11
 ABUNDANCE CHANGE 69 -12.04 70 -10.96 71 -11.28 72 -11.16 73 -11.91 74 -10.93
 ABUNDANCE CHANGE 75 -11.77 76 -10.59 77 -10.69 78 -10.24 79 -11.03 80 -10.95
 ABUNDANCE CHANGE 81 -11.14 82 -10.19 83 -11.33 84 -20.00 85 -20.00 86 -20.00
 ABUNDANCE CHANGE 87 -20.00 88 -20.00 89 -20.00 90 -11.92 91 -20.00 92 -12.51
 ABUNDANCE CHANGE 93 -20.00 94 -20.00 95 -20.00 96 -20.00 97 -20.00 98 -20.00
 ABUNDANCE CHANGE 99 -20.00
READ DECK6 64 RHOX,T,P,XNE,ABROSS,ACCRAD,VTURB
 4.60361572E-06   6433.7 4.649E-02 1.850E+10 2.447E-01 4.635E+00 2.000E+05
 6.12458435E-06   6738.1 6.186E-02 2.737E+10 2.463E-01 4.417E+00 2.000E+05
 8.34640224E-06   6739.1 8.426E-02 3.579E+10 2.363E-01 4.343E+00 2.000E+05
 1.17645228E-05   6740.1 1.185E-01 4.767E+10 2.237E-01 4.289E+00 2.000E+05
 1.65354677E-05   6750.0 1.663E-01 6.306E+10 2.124E-01 4.263E+00 2.000E+05
 2.33999451E-05   6758.7 2.349E-01 8.306E+10 1.999E-01 4.255E+00 2.000E+05
 3.31389120E-05   6763.4 3.323E-01 1.081E+11 1.863E-01 4.265E+00 2.000E+05
 4.69820199E-05   6781.1 4.708E-01 1.413E+11 1.764E-01 4.302E+00 2.000E+05
 6.64356888E-05   6798.8 6.653E-01 1.830E+11 1.673E-01 4.371E+00 2.000E+05
 9.36877844E-05   6820.1 9.377E-01 2.361E+11 1.602E-01 4.495E+00 2.000E+05
 1.30977932E-04   6856.0 1.310E+00 3.065E+11 1.585E-01 4.680E+00 2.000E+05
 1.80666534E-04   6898.4 1.807E+00 3.963E+11 1.603E-01 4.919E+00 2.000E+05
 2.45309581E-04   6948.9 2.453E+00 5.111E+11 1.665E-01 5.239E+00 2.000E+05
 3.27263465E-04   7006.2 3.272E+00 6.559E+11 1.771E-01 5.625E+00 2.000E+05
 4.28677315E-04   7070.6 4.286E+00 8.380E+11 1.928E-01 6.030E+00 2.000E+05
 5.52322439E-04   7134.7 5.521E+00 1.058E+12 2.116E-01 6.397E+00 2.000E+05
 7.03819586E-04   7184.3 7.035E+00 1.302E+12 2.275E-01 6.699E+00 2.000E+05
 8.94062811E-04   7217.9 8.936E+00 1.569E+12 2.389E-01 6.954E+00 2.000E+05
 1.13851164E-03   7238.0 1.138E+01 1.861E+12 2.456E-01 7.166E+00 2.000E+05
 1.45764153E-03   7250.2 1.457E+01 2.190E+12 2.497E-01 7.367E+00 2.000E+05
 1.87699440E-03   7258.6 1.876E+01 2.568E+12 2.533E-01 7.580E+00 2.000E+05
 2.42682702E-03   7267.7 2.425E+01 3.015E+12 2.584E-01 7.826E+00 2.000E+05
 3.14265949E-03   7278.0 3.140E+01 3.541E+12 2.658E-01 8.103E+00 2.000E+05
 4.06104823E-03   7295.8 4.058E+01 4.190E+12 2.789E-01 8.466E+00 2.000E+05
 5.22372124E-03   7314.8 5.220E+01 4.944E+12 2.947E-01 8.853E+00 2.000E+05
 6.68402815E-03   7336.0 6.679E+01 5.829E+12 3.143E-01 9.293E+00 2.000E+05
 8.50307012E-03   7359.0 8.496E+01 6.860E+12 3.376E-01 9.787E+00 2.000E+05
 1.07527254E-02   7384.3 1.074E+02 8.066E+12 3.655E-01 1.035E+01 2.000E+05
 1.35090179E-02   7413.8 1.350E+02 9.497E+12 3.998E-01 1.103E+01 2.000E+05
 1.68626098E-02   7444.1 1.685E+02 1.115E+13 4.387E-01 1.179E+01 2.000E+05
 2.09267249E-02   7476.7 2.091E+02 1.307E+13 4.842E-01 1.266E+01 2.000E+05
 2.58185018E-02   7512.7 2.579E+02 1.535E+13 5.383E-01 1.370E+01 2.000E+05
 3.16676793E-02   7551.8 3.163E+02 1.802E+13 6.021E-01 1.492E+01 2.000E+05
 3.85816067E-02   7600.7 3.853E+02 2.134E+13 6.854E-01 1.653E+01 2.000E+05
 4.66381992E-02   7656.0 4.658E+02 2.535E+13 7.881E-01 1.850E+01 2.000E+05
 5.59221246E-02   7719.5 5.584E+02 3.028E+13 9.181E-01 2.098E+01 2.000E+05
 6.64666645E-02   7793.5 6.636E+02 3.640E+13 1.087E+00 2.417E+01 2.000E+05
 7.82364860E-02   7880.3 7.810E+02 4.415E+13 1.311E+00 2.837E+01 2.000E+05
 9.11110157E-02   7982.5 9.094E+02 5.407E+13 1.615E+00 3.401E+01 2.000E+05
 1.04869533E-01   8103.3 1.046E+03 6.697E+13 2.042E+00 4.180E+01 2.000E+05
 1.19169217E-01   8248.7 1.189E+03 8.417E+13 2.659E+00 5.280E+01 2.000E+05
 1.33624613E-01   8417.7 1.332E+03 1.068E+14 3.552E+00 6.835E+01 2.000E+05
 1.47851845E-01   8615.2 1.474E+03 1.369E+14 4.879E+00 9.096E+01 2.000E+05
 1.61489078E-01   8846.5 1.609E+03 1.768E+14 6.866E+00 1.237E+02 2.000E+05
 1.74297004E-01   9114.7 1.735E+03 2.291E+14 9.814E+00 1.708E+02 2.000E+05
 1.86214239E-01   9424.1 1.852E+03 2.952E+14 1.404E+01 2.365E+02 2.000E+05
 1.97424890E-01   9780.1 1.961E+03 3.746E+14 1.958E+01 3.200E+02 2.000E+05
 2.08472122E-01  10187.1 2.067E+03 4.617E+14 2.571E+01 4.107E+02 2.000E+05
 2.20246700E-01  10655.9 2.179E+03 5.469E+14 3.056E+01 4.804E+02 2.000E+05
 2.34282607E-01  11187.1 2.313E+03 6.190E+14 3.220E+01 5.053E+02 2.000E+05
 2.53496269E-01  11802.0 2.496E+03 6.786E+14 2.947E+01 4.632E+02 2.000E+05
 2.82586712E-01  12493.5 2.774E+03 7.388E+14 2.491E+01 3.945E+02 2.000E+05
 3.29587793E-01  13279.9 3.227E+03 8.232E+14 2.038E+01 3.240E+02 2.000E+05
 4.05479060E-01  14147.8 3.964E+03 9.578E+14 1.708E+01 2.702E+02 2.000E+05
 5.23222125E-01  15096.9 5.112E+03 1.165E+15 1.505E+01 2.362E+02 2.000E+05
 6.96363106E-01  16122.4 6.804E+03 1.465E+15 1.401E+01 2.177E+02 2.000E+05
 9.38458464E-01  17232.1 9.173E+03 1.870E+15 1.361E+01 2.102E+02 2.000E+05
 1.26720302E+00  18435.4 1.239E+04 2.388E+15 1.347E+01 2.068E+02 2.000E+05
 1.70949189E+00  19739.0 1.672E+04 3.034E+15 1.336E+01 2.045E+02 2.000E+05
 2.30322990E+00  21154.0 2.254E+04 3.832E+15 1.330E+01 2.032E+02 2.000E+05
 3.09428174E+00  22683.2 3.029E+04 4.813E+15 1.338E+01 2.037E+02 2.000E+05
 4.13588935E+00  24336.9 4.049E+04 6.002E+15 1.365E+01 2.068E+02 2.000E+05
 5.48770948E+00  26121.3 5.373E+04 7.424E+15 1.411E+01 2.120E+02 2.000E+05
 7.22030179E+00  28042.8 7.069E+04 9.101E+15 1.477E+01 2.085E+02 2.000E+05
PRADK 1.0987E+01
BEGIN                    ITERATION  15 COMPLETED
