TEFF  17000.  GRAVITY 4.00000 LTE
TITLE SDSC GRID  [+0.0]   VTURB 2.0 KM/S    L/H 1.25
 OPACITY IFOP 1 1 1 1 1 1 1 1 1 1 1 1 1 0 1 0 0 0 0 0
 CONVECTION OFF  1.00 TURBULENCE OFF  0.00  0.00  0.00  0.00
ABUNDANCE SCALE   1.00000 ABUNDANCE CHANGE 1 0.91100 2 0.08900
 ABUNDANCE CHANGE  3 -10.88  4 -10.89  5  -9.44  6  -3.48  7  -3.99  8  -3.11
 ABUNDANCE CHANGE  9  -7.48 10  -3.95 11  -5.71 12  -4.46 13  -5.57 14  -4.49
 ABUNDANCE CHANGE 15  -6.59 16  -4.83 17  -6.54 18  -5.48 19  -6.82 20  -5.68
 ABUNDANCE CHANGE 21  -8.94 22  -7.05 23  -8.04 24  -6.37 25  -6.65 26  -4.37
 ABUNDANCE CHANGE 27  -7.12 28  -5.79 29  -7.83 30  -7.44 31  -9.16 32  -8.63
 ABUNDANCE CHANGE 33  -9.67 34  -8.69 35  -9.41 36  -8.81 37  -9.44 38  -9.14
 ABUNDANCE CHANGE 39  -9.80 40  -9.54 41 -10.62 42 -10.12 43 -20.00 44 -10.20
 ABUNDANCE CHANGE 45 -10.92 46 -10.35 47 -11.10 48 -10.18 49 -10.58 50 -10.04
 ABUNDANCE CHANGE 51 -11.04 52  -9.80 53 -10.53 54  -9.81 55 -10.92 56  -9.91
 ABUNDANCE CHANGE 57 -10.82 58 -10.49 59 -11.33 60 -10.54 61 -20.00 62 -11.04
 ABUNDANCE CHANGE 63 -11.53 64 -10.92 65 -11.94 66 -10.94 67 -11.78 68 -11.11
 ABUNDANCE CHANGE 69 -12.04 70 -10.96 71 -11.28 72 -11.16 73 -11.91 74 -10.93
 ABUNDANCE CHANGE 75 -11.77 76 -10.59 77 -10.69 78 -10.24 79 -11.03 80 -10.95
 ABUNDANCE CHANGE 81 -11.14 82 -10.19 83 -11.33 84 -20.00 85 -20.00 86 -20.00
 ABUNDANCE CHANGE 87 -20.00 88 -20.00 89 -20.00 90 -11.92 91 -20.00 92 -12.51
 ABUNDANCE CHANGE 93 -20.00 94 -20.00 95 -20.00 96 -20.00 97 -20.00 98 -20.00
 ABUNDANCE CHANGE 99 -20.00
READ DECK6 64 RHOX,T,P,XNE,ABROSS,ACCRAD,VTURB
 5.78983904E-06   8898.8 5.684E-02 2.206E+10 3.064E-01 1.826E+02 2.000E+05
 5.81211765E-06   9306.2 5.706E-02 2.119E+10 3.064E-01 1.716E+02 2.000E+05
 7.72967918E-06   9395.1 7.591E-02 2.792E+10 3.092E-01 1.733E+02 2.000E+05
 1.02746761E-05   9498.7 1.009E-01 3.672E+10 3.123E-01 1.732E+02 2.000E+05
 1.36320963E-05   9615.0 1.339E-01 4.814E+10 3.159E-01 1.711E+02 2.000E+05
 1.80567287E-05   9738.9 1.774E-01 6.297E+10 3.198E-01 1.671E+02 2.000E+05
 2.38812417E-05   9869.4 2.347E-01 8.222E+10 3.241E-01 1.614E+02 2.000E+05
 3.15394600E-05  10004.1 3.101E-01 1.072E+11 3.290E-01 1.542E+02 2.000E+05
 4.15780773E-05  10144.3 4.089E-01 1.394E+11 3.354E-01 1.477E+02 2.000E+05
 5.46905287E-05  10276.0 5.382E-01 1.812E+11 3.428E-01 1.411E+02 2.000E+05
 7.17726423E-05  10394.4 7.066E-01 2.352E+11 3.515E-01 1.355E+02 2.000E+05
 9.39455549E-05  10494.4 9.254E-01 3.051E+11 3.618E-01 1.323E+02 2.000E+05
 1.22587311E-04  10575.5 1.208E+00 3.952E+11 3.745E-01 1.334E+02 2.000E+05
 1.59372325E-04  10641.8 1.571E+00 5.106E+11 3.900E-01 1.388E+02 2.000E+05
 2.06331673E-04  10699.8 2.034E+00 6.572E+11 4.086E-01 1.479E+02 2.000E+05
 2.65945149E-04  10760.7 2.621E+00 8.419E+11 4.302E-01 1.590E+02 2.000E+05
 3.41277224E-04  10832.7 3.362E+00 1.073E+12 4.548E-01 1.697E+02 2.000E+05
 4.36111288E-04  10919.2 4.293E+00 1.359E+12 4.826E-01 1.790E+02 2.000E+05
 5.55080162E-04  11015.3 5.461E+00 1.713E+12 5.139E-01 1.865E+02 2.000E+05
 7.03818983E-04  11118.6 6.921E+00 2.151E+12 5.490E-01 1.928E+02 2.000E+05
 8.89135327E-04  11226.2 8.737E+00 2.689E+12 5.888E-01 1.986E+02 2.000E+05
 1.11888332E-03  11337.8 1.099E+01 3.349E+12 6.350E-01 2.067E+02 2.000E+05
 1.40232730E-03  11450.3 1.376E+01 4.153E+12 6.876E-01 2.151E+02 2.000E+05
 1.75072646E-03  11561.4 1.717E+01 5.132E+12 7.473E-01 2.242E+02 2.000E+05
 2.17746968E-03  11671.1 2.134E+01 6.318E+12 8.149E-01 2.341E+02 2.000E+05
 2.69848660E-03  11779.2 2.643E+01 7.752E+12 8.914E-01 2.449E+02 2.000E+05
 3.33270119E-03  11886.0 3.261E+01 9.479E+12 9.779E-01 2.570E+02 2.000E+05
 4.10234681E-03  11992.6 4.010E+01 1.155E+13 1.076E+00 2.712E+02 2.000E+05
 5.03361668E-03  12097.3 4.915E+01 1.404E+13 1.188E+00 2.874E+02 2.000E+05
 6.15766643E-03  12200.6 6.006E+01 1.701E+13 1.313E+00 3.061E+02 2.000E+05
 7.51157655E-03  12303.0 7.317E+01 2.054E+13 1.455E+00 3.276E+02 2.000E+05
 9.13995730E-03  12406.2 8.890E+01 2.475E+13 1.614E+00 3.522E+02 2.000E+05
 1.10970968E-02  12513.4 1.078E+02 2.974E+13 1.792E+00 3.805E+02 2.000E+05
 1.34483402E-02  12628.5 1.303E+02 3.564E+13 1.989E+00 4.135E+02 2.000E+05
 1.62729941E-02  12753.6 1.574E+02 4.262E+13 2.207E+00 4.512E+02 2.000E+05
 1.96744982E-02  12892.7 1.898E+02 5.084E+13 2.438E+00 4.911E+02 2.000E+05
 2.37909249E-02  13051.1 2.288E+02 6.058E+13 2.679E+00 5.321E+02 2.000E+05
 2.88040210E-02  13234.1 2.762E+02 7.215E+13 2.924E+00 5.730E+02 2.000E+05
 3.49560451E-02  13448.9 3.341E+02 8.594E+13 3.164E+00 6.127E+02 2.000E+05
 4.25719439E-02  13705.1 4.054E+02 1.025E+14 3.393E+00 6.496E+02 2.000E+05
 5.20890697E-02  14005.0 4.942E+02 1.225E+14 3.606E+00 6.830E+02 2.000E+05
 6.40713227E-02  14364.5 6.057E+02 1.468E+14 3.808E+00 7.158E+02 2.000E+05
 7.92635067E-02  14788.9 7.465E+02 1.764E+14 3.988E+00 7.440E+02 2.000E+05
 9.87250188E-02  15284.7 9.264E+02 2.130E+14 4.128E+00 7.633E+02 2.000E+05
 1.23942249E-01  15861.3 1.159E+03 2.585E+14 4.234E+00 7.749E+02 2.000E+05
 1.56653614E-01  16531.6 1.461E+03 3.147E+14 4.362E+00 7.906E+02 2.000E+05
 1.99299988E-01  17289.9 1.853E+03 3.839E+14 4.425E+00 7.933E+02 2.000E+05
 2.55632664E-01  18147.5 2.372E+03 4.700E+14 4.455E+00 7.890E+02 2.000E+05
 3.30141255E-01  19104.9 3.058E+03 5.771E+14 4.498E+00 7.865E+02 2.000E+05
 4.28472423E-01  20168.9 3.965E+03 7.097E+14 4.547E+00 7.840E+02 2.000E+05
 5.58020498E-01  21335.7 5.159E+03 8.736E+14 4.609E+00 7.798E+02 2.000E+05
 7.28079230E-01  22613.6 6.726E+03 1.075E+15 4.693E+00 7.831E+02 2.000E+05
 9.51441349E-01  24005.4 8.786E+03 1.323E+15 4.751E+00 7.768E+02 2.000E+05
 1.24349748E+00  25518.8 1.148E+04 1.626E+15 4.885E+00 7.884E+02 2.000E+05
 1.61976525E+00  27167.2 1.494E+04 1.989E+15 5.087E+00 8.085E+02 2.000E+05
 2.09824221E+00  28960.2 1.933E+04 2.414E+15 5.370E+00 8.473E+02 2.000E+05
 2.69844783E+00  30920.5 2.481E+04 2.902E+15 5.746E+00 9.019E+02 2.000E+05
 3.44171157E+00  33057.6 3.154E+04 3.454E+15 6.226E+00 9.752E+02 2.000E+05
 4.34731095E+00  35387.5 3.967E+04 4.066E+15 6.872E+00 1.074E+03 2.000E+05
 5.44341066E+00  37913.0 4.940E+04 4.750E+15 7.539E+00 1.175E+03 2.000E+05
 6.78031537E+00  40664.7 6.112E+04 5.531E+15 8.198E+00 1.275E+03 2.000E+05
 8.46488861E+00  43643.8 7.578E+04 6.455E+15 8.419E+00 1.314E+03 2.000E+05
 1.07314039E+01  46895.6 9.551E+04 7.627E+15 8.119E+00 1.270E+03 2.000E+05
 1.39069178E+01  50341.7 1.234E+05 9.214E+15 7.634E+00 1.169E+03 2.000E+05
PRADK 1.4949E+02
BEGIN                    ITERATION  10 COMPLETED
