TEFF  17000.  GRAVITY 5.00000 LTE
TITLE SDSC GRID  [+0.5]   VTURB 2.0 KM/S
 OPACITY IFOP 1 1 1 1 1 1 1 1 1 1 1 1 1 0 1 0 0 0 0 0
 CONVECTION OFF  1.00 TURBULENCE OFF  0.00  0.00  0.00  0.00
ABUNDANCE SCALE   3.16200 ABUNDANCE CHANGE 1 0.91100 2 0.08900
 ABUNDANCE CHANGE  3 -10.88  4 -10.89  5  -9.44  6  -3.48  7  -3.99  8  -3.11
 ABUNDANCE CHANGE  9  -7.48 10  -3.95 11  -5.71 12  -4.46 13  -5.57 14  -4.49
 ABUNDANCE CHANGE 15  -6.59 16  -4.83 17  -6.54 18  -5.48 19  -6.82 20  -5.68
 ABUNDANCE CHANGE 21  -8.94 22  -7.05 23  -8.04 24  -6.37 25  -6.65 26  -4.37
 ABUNDANCE CHANGE 27  -7.12 28  -5.79 29  -7.83 30  -7.44 31  -9.16 32  -8.63
 ABUNDANCE CHANGE 33  -9.67 34  -8.69 35  -9.41 36  -8.81 37  -9.44 38  -9.14
 ABUNDANCE CHANGE 39  -9.80 40  -9.54 41 -10.62 42 -10.12 43 -20.00 44 -10.20
 ABUNDANCE CHANGE 45 -10.92 46 -10.35 47 -11.10 48 -10.18 49 -10.58 50 -10.04
 ABUNDANCE CHANGE 51 -11.04 52  -9.80 53 -10.53 54  -9.81 55 -10.92 56  -9.91
 ABUNDANCE CHANGE 57 -10.82 58 -10.49 59 -11.33 60 -10.54 61 -20.00 62 -11.04
 ABUNDANCE CHANGE 63 -11.53 64 -10.92 65 -11.94 66 -10.94 67 -11.78 68 -11.11
 ABUNDANCE CHANGE 69 -12.04 70 -10.96 71 -11.28 72 -11.16 73 -11.91 74 -10.93
 ABUNDANCE CHANGE 75 -11.77 76 -10.59 77 -10.69 78 -10.24 79 -11.03 80 -10.95
 ABUNDANCE CHANGE 81 -11.14 82 -10.19 83 -11.33 84 -20.00 85 -20.00 86 -20.00
 ABUNDANCE CHANGE 87 -20.00 88 -20.00 89 -20.00 90 -11.92 91 -20.00 92 -12.51
 ABUNDANCE CHANGE 93 -20.00 94 -20.00 95 -20.00 96 -20.00 97 -20.00 98 -20.00
 ABUNDANCE CHANGE 99 -20.00
READ DECK6 64 RHOX,T,P,XNE,ABROSS,ACCRAD,VTURB
 5.04413579E-06   9043.8 5.012E-01 1.911E+11 3.619E-01 6.278E+02 2.000E+05
 5.09588979E-06   9645.1 5.064E-01 1.814E+11 3.619E-01 5.279E+02 2.000E+05
 6.52728970E-06   9727.5 6.487E-01 2.304E+11 3.733E-01 5.291E+02 2.000E+05
 8.60529654E-06   9828.8 8.554E-01 3.006E+11 3.877E-01 5.251E+02 2.000E+05
 1.12667381E-05   9927.9 1.120E+00 3.897E+11 4.043E-01 5.208E+02 2.000E+05
 1.46608494E-05  10024.9 1.458E+00 5.022E+11 4.239E-01 5.196E+02 2.000E+05
 1.89636071E-05  10115.9 1.886E+00 6.438E+11 4.473E-01 5.275E+02 2.000E+05
 2.43855177E-05  10198.0 2.425E+00 8.211E+11 4.746E-01 5.437E+02 2.000E+05
 3.11783257E-05  10272.1 3.101E+00 1.042E+12 5.066E-01 5.704E+02 2.000E+05
 3.96443959E-05  10345.4 3.942E+00 1.315E+12 5.432E-01 6.015E+02 2.000E+05
 5.01483812E-05  10420.8 4.986E+00 1.651E+12 5.851E-01 6.348E+02 2.000E+05
 6.31273622E-05  10500.3 6.275E+00 2.062E+12 6.326E-01 6.673E+02 2.000E+05
 7.91116042E-05  10586.3 7.863E+00 2.562E+12 6.859E-01 6.953E+02 2.000E+05
 9.87411414E-05  10678.2 9.812E+00 3.170E+12 7.458E-01 7.184E+02 2.000E+05
 1.22797739E-04  10778.8 1.220E+01 3.904E+12 8.122E-01 7.286E+02 2.000E+05
 1.52209163E-04  10882.4 1.512E+01 4.791E+12 8.874E-01 7.377E+02 2.000E+05
 1.88049085E-04  10988.7 1.868E+01 5.861E+12 9.725E-01 7.475E+02 2.000E+05
 2.31590658E-04  11097.1 2.300E+01 7.146E+12 1.069E+00 7.585E+02 2.000E+05
 2.84338204E-04  11206.3 2.823E+01 8.686E+12 1.178E+00 7.729E+02 2.000E+05
 3.48069533E-04  11319.1 3.456E+01 1.052E+13 1.302E+00 7.850E+02 2.000E+05
 4.24897990E-04  11430.9 4.218E+01 1.272E+13 1.442E+00 7.972E+02 2.000E+05
 5.17307052E-04  11540.8 5.134E+01 1.533E+13 1.600E+00 8.132E+02 2.000E+05
 6.28229366E-04  11649.3 6.235E+01 1.844E+13 1.779E+00 8.330E+02 2.000E+05
 7.61157833E-04  11756.8 7.553E+01 2.214E+13 1.981E+00 8.564E+02 2.000E+05
 9.20253671E-04  11863.3 9.130E+01 2.652E+13 2.209E+00 8.841E+02 2.000E+05
 1.11049804E-03  11970.2 1.102E+02 3.170E+13 2.464E+00 9.144E+02 2.000E+05
 1.33777399E-03  12077.0 1.327E+02 3.784E+13 2.752E+00 9.496E+02 2.000E+05
 1.60894502E-03  12183.2 1.595E+02 4.509E+13 3.078E+00 9.924E+02 2.000E+05
 1.93213560E-03  12289.1 1.915E+02 5.366E+13 3.446E+00 1.043E+03 2.000E+05
 2.31698148E-03  12395.1 2.296E+02 6.377E+13 3.860E+00 1.104E+03 2.000E+05
 2.77503013E-03  12502.1 2.749E+02 7.568E+13 4.325E+00 1.175E+03 2.000E+05
 3.32012744E-03  12612.0 3.287E+02 8.970E+13 4.846E+00 1.259E+03 2.000E+05
 3.96934983E-03  12729.0 3.928E+02 1.062E+14 5.422E+00 1.351E+03 2.000E+05
 4.74384292E-03  12851.9 4.691E+02 1.256E+14 6.055E+00 1.452E+03 2.000E+05
 5.67018391E-03  12984.9 5.604E+02 1.485E+14 6.739E+00 1.563E+03 2.000E+05
 6.78251913E-03  13132.1 6.698E+02 1.755E+14 7.467E+00 1.680E+03 2.000E+05
 8.12511081E-03  13297.9 8.017E+02 2.074E+14 8.225E+00 1.800E+03 2.000E+05
 9.75580768E-03  13486.7 9.618E+02 2.454E+14 9.001E+00 1.922E+03 2.000E+05
 1.17511799E-02  13707.5 1.157E+03 2.907E+14 9.771E+00 2.040E+03 2.000E+05
 1.42118585E-02  13963.8 1.398E+03 3.451E+14 1.053E+01 2.155E+03 2.000E+05
 1.72683019E-02  14265.7 1.697E+03 4.105E+14 1.126E+01 2.268E+03 2.000E+05
 2.10950087E-02  14621.3 2.071E+03 4.896E+14 1.194E+01 2.367E+03 2.000E+05
 2.59392046E-02  15037.2 2.544E+03 5.862E+14 1.250E+01 2.438E+03 2.000E+05
 3.21520380E-02  15520.7 3.150E+03 7.059E+14 1.294E+01 2.481E+03 2.000E+05
 4.01574348E-02  16085.8 3.930E+03 8.544E+14 1.340E+01 2.525E+03 2.000E+05
 5.04590580E-02  16735.7 4.934E+03 1.038E+15 1.388E+01 2.570E+03 2.000E+05
 6.38091293E-02  17472.3 6.235E+03 1.265E+15 1.420E+01 2.575E+03 2.000E+05
 8.12045820E-02  18302.3 7.929E+03 1.546E+15 1.454E+01 2.583E+03 2.000E+05
 1.03908712E-01  19229.7 1.014E+04 1.892E+15 1.482E+01 2.583E+03 2.000E+05
 1.33624439E-01  20259.5 1.304E+04 2.316E+15 1.511E+01 2.588E+03 2.000E+05
 1.72382720E-01  21402.9 1.681E+04 2.833E+15 1.549E+01 2.613E+03 2.000E+05
 2.22856408E-01  22659.1 2.173E+04 3.463E+15 1.583E+01 2.637E+03 2.000E+05
 2.88756256E-01  24044.5 2.814E+04 4.230E+15 1.618E+01 2.659E+03 2.000E+05
 3.74337125E-01  25560.8 3.647E+04 5.159E+15 1.669E+01 2.713E+03 2.000E+05
 4.84868349E-01  27210.3 4.722E+04 6.276E+15 1.725E+01 2.759E+03 2.000E+05
 6.26213162E-01  29007.0 6.096E+04 7.601E+15 1.814E+01 2.876E+03 2.000E+05
 8.04600191E-01  30961.6 7.827E+04 9.145E+15 1.925E+01 3.029E+03 2.000E+05
 1.02658710E+00  33094.4 9.977E+04 1.091E+16 2.083E+01 3.264E+03 2.000E+05
 1.29842667E+00  35416.2 1.260E+05 1.289E+16 2.280E+01 3.563E+03 2.000E+05
 1.62855848E+00  37940.6 1.578E+05 1.510E+16 2.507E+01 3.912E+03 2.000E+05
 2.03165090E+00  40679.0 1.965E+05 1.761E+16 2.711E+01 4.230E+03 2.000E+05
 2.53538569E+00  43645.2 2.446E+05 2.061E+16 2.852E+01 4.454E+03 2.000E+05
 3.19259470E+00  46886.9 3.074E+05 2.434E+16 2.836E+01 4.423E+03 2.000E+05
 4.09879587E+00  50349.1 3.942E+05 2.928E+16 2.685E+01 4.088E+03 2.000E+05
PRADK 1.4944E+02
BEGIN                    ITERATION   6 COMPLETED
