TEFF  28000.  GRAVITY 3.50000 LTE 
TITLE SDSC GRID  [-3.0]   VTURB 2.0 KM/S                                        
 OPACITY IFOP 1 1 1 1 1 1 1 1 1 1 1 1 1 0 1 0 0 0 0 0
 CONVECTION OFF  1.00 TURBULENCE OFF  0.00  0.00  0.00  0.00
ABUNDANCE SCALE   0.00100 ABUNDANCE CHANGE 1 0.91100 2 0.08900
 ABUNDANCE CHANGE  3 -10.88  4 -10.89  5  -9.44  6  -3.48  7  -3.99  8  -3.11
 ABUNDANCE CHANGE  9  -7.48 10  -3.95 11  -5.71 12  -4.46 13  -5.57 14  -4.49
 ABUNDANCE CHANGE 15  -6.59 16  -4.83 17  -6.54 18  -5.48 19  -6.82 20  -5.68
 ABUNDANCE CHANGE 21  -8.94 22  -7.05 23  -8.04 24  -6.37 25  -6.65 26  -4.37
 ABUNDANCE CHANGE 27  -7.12 28  -5.79 29  -7.83 30  -7.44 31  -9.16 32  -8.63
 ABUNDANCE CHANGE 33  -9.67 34  -8.69 35  -9.41 36  -8.81 37  -9.44 38  -9.14
 ABUNDANCE CHANGE 39  -9.80 40  -9.54 41 -10.62 42 -10.12 43 -20.00 44 -10.20
 ABUNDANCE CHANGE 45 -10.92 46 -10.35 47 -11.10 48 -10.18 49 -10.58 50 -10.04
 ABUNDANCE CHANGE 51 -11.04 52  -9.80 53 -10.53 54  -9.81 55 -10.92 56  -9.91
 ABUNDANCE CHANGE 57 -10.82 58 -10.49 59 -11.33 60 -10.54 61 -20.00 62 -11.04
 ABUNDANCE CHANGE 63 -11.53 64 -10.92 65 -11.94 66 -10.94 67 -11.78 68 -11.11
 ABUNDANCE CHANGE 69 -12.04 70 -10.96 71 -11.28 72 -11.16 73 -11.91 74 -10.93
 ABUNDANCE CHANGE 75 -11.77 76 -10.59 77 -10.69 78 -10.24 79 -11.03 80 -10.95
 ABUNDANCE CHANGE 81 -11.14 82 -10.19 83 -11.33 84 -20.00 85 -20.00 86 -20.00
 ABUNDANCE CHANGE 87 -20.00 88 -20.00 89 -20.00 90 -11.92 91 -20.00 92 -12.51
 ABUNDANCE CHANGE 93 -20.00 94 -20.00 95 -20.00 96 -20.00 97 -20.00 98 -20.00
 ABUNDANCE CHANGE 99 -20.00
READ DECK6 64 RHOX,T,P,XNE,ABROSS,ACCRAD,VTURB
 5.07181226E-06  16444.2 1.416E-02 3.119E+09 3.160E-01 3.698E+02 2.000E+05
 5.62656436E-06  16461.4 1.571E-02 3.457E+09 3.160E-01 3.698E+02 2.000E+05
 7.50261600E-06  16462.4 2.095E-02 4.609E+09 3.163E-01 3.702E+02 2.000E+05
 1.00022305E-05  16463.4 2.793E-02 6.143E+09 3.166E-01 3.706E+02 2.000E+05
 1.33314665E-05  16485.3 3.722E-02 8.177E+09 3.170E-01 3.710E+02 2.000E+05
 1.77648136E-05  16527.2 4.960E-02 1.087E+10 3.175E-01 3.715E+02 2.000E+05
 2.36666553E-05  16537.9 6.607E-02 1.447E+10 3.181E-01 3.721E+02 2.000E+05
 3.15207587E-05  16578.1 8.798E-02 1.922E+10 3.188E-01 3.728E+02 2.000E+05
 4.19697529E-05  16623.2 1.171E-01 2.551E+10 3.196E-01 3.736E+02 2.000E+05
 5.58656172E-05  16670.3 1.559E-01 3.386E+10 3.205E-01 3.745E+02 2.000E+05
 7.43384521E-05  16720.6 2.074E-01 4.490E+10 3.216E-01 3.757E+02 2.000E+05
 9.88863410E-05  16769.1 2.757E-01 5.954E+10 3.228E-01 3.772E+02 2.000E+05
 1.31494644E-04  16813.5 3.665E-01 7.893E+10 3.241E-01 3.792E+02 2.000E+05
 1.74794726E-04  16855.3 4.870E-01 1.046E+11 3.255E-01 3.817E+02 2.000E+05
 2.32268718E-04  16898.8 6.467E-01 1.386E+11 3.271E-01 3.849E+02 2.000E+05
 3.08524890E-04  16942.7 8.583E-01 1.834E+11 3.288E-01 3.890E+02 2.000E+05
 4.09656437E-04  16994.5 1.139E+00 2.426E+11 3.307E-01 3.939E+02 2.000E+05
 5.43695936E-04  17055.2 1.509E+00 3.204E+11 3.328E-01 3.997E+02 2.000E+05
 7.21223700E-04  17122.3 1.999E+00 4.227E+11 3.353E-01 4.068E+02 2.000E+05
 9.56120487E-04  17202.7 2.645E+00 5.567E+11 3.381E-01 4.151E+02 2.000E+05
 1.26654134E-03  17297.7 3.497E+00 7.318E+11 3.414E-01 4.244E+02 2.000E+05
 1.67615946E-03  17410.5 4.616E+00 9.598E+11 3.453E-01 4.345E+02 2.000E+05
 2.21572838E-03  17539.4 6.085E+00 1.256E+12 3.498E-01 4.451E+02 2.000E+05
 2.92502900E-03  17681.9 8.008E+00 1.639E+12 3.553E-01 4.560E+02 2.000E+05
 3.85527701E-03  17826.5 1.052E+01 2.136E+12 3.617E-01 4.677E+02 2.000E+05
 5.07206203E-03  17960.6 1.379E+01 2.779E+12 3.692E-01 4.817E+02 2.000E+05
 6.65861798E-03  18080.0 1.803E+01 3.609E+12 3.783E-01 5.009E+02 2.000E+05
 8.71974580E-03  18194.7 2.349E+01 4.672E+12 3.890E-01 5.260E+02 2.000E+05
 1.13872996E-02  18320.0 3.048E+01 6.021E+12 4.015E-01 5.566E+02 2.000E+05
 1.48276179E-02  18472.3 3.938E+01 7.716E+12 4.158E-01 5.904E+02 2.000E+05
 1.92511384E-02  18658.7 5.068E+01 9.829E+12 4.318E-01 6.259E+02 2.000E+05
 2.49247642E-02  18885.5 6.496E+01 1.245E+13 4.494E-01 6.612E+02 2.000E+05
 3.21874683E-02  19152.1 8.300E+01 1.568E+13 4.685E-01 6.957E+02 2.000E+05
 4.14695410E-02  19459.8 1.057E+02 1.966E+13 4.892E-01 7.288E+02 2.000E+05
 5.33161962E-02  19806.8 1.344E+02 2.455E+13 5.115E-01 7.611E+02 2.000E+05
 6.84185469E-02  20192.2 1.704E+02 3.053E+13 5.353E-01 7.934E+02 2.000E+05
 8.76542539E-02  20617.4 2.156E+02 3.784E+13 5.606E-01 8.275E+02 2.000E+05
 1.12138920E-01  21088.9 2.723E+02 4.672E+13 5.874E-01 8.647E+02 2.000E+05
 1.43295006E-01  21615.4 3.432E+02 5.745E+13 6.156E-01 9.055E+02 2.000E+05
 1.82940754E-01  22208.7 4.318E+02 7.035E+13 6.451E-01 9.499E+02 2.000E+05
 2.33401310E-01  22881.8 5.422E+02 8.573E+13 6.758E-01 9.976E+02 2.000E+05
 2.97662335E-01  23648.5 6.797E+02 1.040E+14 7.074E-01 1.046E+03 2.000E+05
 3.79550968E-01  24519.5 8.509E+02 1.256E+14 7.401E-01 1.094E+03 2.000E+05
 4.83889490E-01  25503.2 1.064E+03 1.510E+14 7.750E-01 1.139E+03 2.000E+05
 6.16614387E-01  26602.8 1.330E+03 1.809E+14 8.134E-01 1.182E+03 2.000E+05
 7.85074489E-01  27819.7 1.660E+03 2.159E+14 8.555E-01 1.223E+03 2.000E+05
 9.98163484E-01  29153.7 2.069E+03 2.569E+14 9.039E-01 1.264E+03 2.000E+05
 1.26639397E+00  30611.7 2.571E+03 3.045E+14 9.603E-01 1.312E+03 2.000E+05
 1.60173454E+00  32204.1 3.183E+03 3.593E+14 1.029E+00 1.364E+03 2.000E+05
 2.01686833E+00  33914.2 3.916E+03 4.219E+14 1.114E+00 1.431E+03 2.000E+05
 2.52725483E+00  35774.7 4.781E+03 4.924E+14 1.207E+00 1.500E+03 2.000E+05
 3.16222204E+00  37778.7 5.825E+03 5.731E+14 1.276E+00 1.528E+03 2.000E+05
 3.98075277E+00  39912.0 7.169E+03 6.721E+14 1.294E+00 1.509E+03 2.000E+05
 5.07690014E+00  42228.7 9.007E+03 8.013E+14 1.271E+00 1.462E+03 2.000E+05
 6.57725347E+00  44801.3 1.160E+04 9.744E+14 1.230E+00 1.413E+03 2.000E+05
 8.65421489E+00  47682.1 1.529E+04 1.208E+15 1.180E+00 1.359E+03 2.000E+05
 1.15445151E+01  50875.3 2.058E+04 1.526E+15 1.130E+00 1.302E+03 2.000E+05
 1.55757114E+01  54399.1 2.821E+04 1.956E+15 1.080E+00 1.242E+03 2.000E+05
 2.11922505E+01  58231.3 3.917E+04 2.537E+15 1.035E+00 1.184E+03 2.000E+05
 2.89884857E+01  62406.6 5.481E+04 3.313E+15 9.967E-01 1.129E+03 2.000E+05
 3.97397232E+01  66903.6 7.695E+04 4.339E+15 9.676E-01 1.080E+03 2.000E+05
 5.44609072E+01  71785.9 1.079E+05 5.672E+15 9.462E-01 1.036E+03 2.000E+05
 7.44078640E+01  77034.6 1.508E+05 7.384E+15 9.356E-01 9.964E+02 2.000E+05
 1.01160982E+02  82689.8 2.089E+05 9.529E+15 9.347E-01 9.842E+02 2.000E+05
PRADK 1.1279E+03
BEGIN                    ITERATION   9 COMPLETED
