TEFF   3500.  GRAVITY 0.50000 LTE 
TITLE SDSC GRID  [-0.2]   VTURB 2.0 KM/S    L/H 1.25                            
 OPACITY IFOP 1 1 1 1 1 1 1 1 1 1 1 1 1 0 1 0 0 0 0 0
 CONVECTION ON   1.25 TURBULENCE OFF  0.00  0.00  0.00  0.00
ABUNDANCE SCALE   0.63100 ABUNDANCE CHANGE 1 0.91100 2 0.08900
 ABUNDANCE CHANGE  3 -10.88  4 -10.89  5  -9.44  6  -3.48  7  -3.99  8  -3.11
 ABUNDANCE CHANGE  9  -7.48 10  -3.95 11  -5.71 12  -4.46 13  -5.57 14  -4.49
 ABUNDANCE CHANGE 15  -6.59 16  -4.83 17  -6.54 18  -5.48 19  -6.82 20  -5.68
 ABUNDANCE CHANGE 21  -8.94 22  -7.05 23  -8.04 24  -6.37 25  -6.65 26  -4.37
 ABUNDANCE CHANGE 27  -7.12 28  -5.79 29  -7.83 30  -7.44 31  -9.16 32  -8.63
 ABUNDANCE CHANGE 33  -9.67 34  -8.69 35  -9.41 36  -8.81 37  -9.44 38  -9.14
 ABUNDANCE CHANGE 39  -9.80 40  -9.54 41 -10.62 42 -10.12 43 -20.00 44 -10.20
 ABUNDANCE CHANGE 45 -10.92 46 -10.35 47 -11.10 48 -10.18 49 -10.58 50 -10.04
 ABUNDANCE CHANGE 51 -11.04 52  -9.80 53 -10.53 54  -9.81 55 -10.92 56  -9.91
 ABUNDANCE CHANGE 57 -10.82 58 -10.49 59 -11.33 60 -10.54 61 -20.00 62 -11.04
 ABUNDANCE CHANGE 63 -11.53 64 -10.92 65 -11.94 66 -10.94 67 -11.78 68 -11.11
 ABUNDANCE CHANGE 69 -12.04 70 -10.96 71 -11.28 72 -11.16 73 -11.91 74 -10.93
 ABUNDANCE CHANGE 75 -11.77 76 -10.59 77 -10.69 78 -10.24 79 -11.03 80 -10.95
 ABUNDANCE CHANGE 81 -11.14 82 -10.19 83 -11.33 84 -20.00 85 -20.00 86 -20.00
 ABUNDANCE CHANGE 87 -20.00 88 -20.00 89 -20.00 90 -11.92 91 -20.00 92 -12.51
 ABUNDANCE CHANGE 93 -20.00 94 -20.00 95 -20.00 96 -20.00 97 -20.00 98 -20.00
 ABUNDANCE CHANGE 99 -20.00
READ DECK6 72 RHOX,T,P,XNE,ABROSS,ACCRAD,VTURB
 2.36798858E-02   2189.1 7.484E-02 9.050E+05 5.631E-06 1.674E-03 2.000E+05 0.000E+00 0.000E+00
 3.14583661E-02   2210.7 9.943E-02 1.202E+06 5.804E-06 1.515E-03 2.000E+05 0.000E+00 0.000E+00
 4.15354019E-02   2230.9 1.313E-01 1.582E+06 5.967E-06 1.362E-03 2.000E+05 0.000E+00 0.000E+00
 5.45741784E-02   2252.7 1.725E-01 2.078E+06 6.165E-06 1.232E-03 2.000E+05 0.000E+00 0.000E+00
 7.13551099E-02   2276.2 2.255E-01 2.726E+06 6.402E-06 1.123E-03 2.000E+05 0.000E+00 0.000E+00
 9.28782493E-02   2299.6 2.936E-01 3.559E+06 6.658E-06 1.023E-03 2.000E+05 0.000E+00 0.000E+00
 1.20548781E-01   2319.8 3.811E-01 4.609E+06 6.891E-06 9.203E-04 2.000E+05 0.000E+00 0.000E+00
 1.56151823E-01   2340.4 4.936E-01 5.959E+06 7.154E-06 8.379E-04 2.000E+05 0.000E+00 0.000E+00
 2.01781949E-01   2361.9 6.379E-01 7.698E+06 7.460E-06 7.734E-04 2.000E+05 0.000E+00 0.000E+00
 2.59977198E-01   2384.4 8.219E-01 9.932E+06 7.818E-06 7.221E-04 2.000E+05 0.000E+00 0.000E+00
 3.33907164E-01   2406.4 1.056E+00 1.277E+07 8.215E-06 6.732E-04 2.000E+05 0.000E+00 0.000E+00
 4.27804815E-01   2425.8 1.352E+00 1.630E+07 8.623E-06 6.205E-04 2.000E+05 0.000E+00 0.000E+00
 5.46774850E-01   2446.0 1.729E+00 2.078E+07 9.101E-06 5.783E-04 2.000E+05 0.000E+00 0.000E+00
 6.96662454E-01   2467.0 2.203E+00 2.646E+07 9.659E-06 5.431E-04 2.000E+05 0.000E+00 0.000E+00
 8.84411988E-01   2488.7 2.796E+00 3.362E+07 1.031E-05 5.134E-04 2.000E+05 0.000E+00 0.000E+00
 1.11830826E+00   2510.6 3.536E+00 4.257E+07 1.106E-05 4.842E-04 2.000E+05 0.000E+00 0.000E+00
 1.40864661E+00   2530.4 4.454E+00 5.352E+07 1.190E-05 4.514E-04 2.000E+05 0.000E+00 0.000E+00
 1.76753498E+00   2550.6 5.588E+00 6.711E+07 1.287E-05 4.235E-04 2.000E+05 0.000E+00 0.000E+00
 2.20873464E+00   2571.3 6.983E+00 8.389E+07 1.400E-05 3.994E-04 2.000E+05 0.000E+00 0.000E+00
 2.74831872E+00   2592.2 8.690E+00 1.045E+08 1.530E-05 3.786E-04 2.000E+05 0.000E+00 0.000E+00
 3.40512534E+00   2613.1 1.077E+01 1.297E+08 1.680E-05 3.596E-04 2.000E+05 0.000E+00 0.000E+00
 4.20103840E+00   2633.2 1.328E+01 1.602E+08 1.853E-05 3.415E-04 2.000E+05 0.000E+00 0.000E+00
 5.16116754E+00   2652.5 1.632E+01 1.967E+08 2.053E-05 3.249E-04 2.000E+05 0.000E+00 0.000E+00
 6.31460827E+00   2671.8 1.997E+01 2.407E+08 2.283E-05 3.114E-04 2.000E+05 0.000E+00 0.000E+00
 7.69511316E+00   2691.2 2.433E+01 2.936E+08 2.548E-05 3.003E-04 2.000E+05 0.000E+00 0.000E+00
 9.34141013E+00   2710.7 2.954E+01 3.569E+08 2.854E-05 2.911E-04 2.000E+05 0.000E+00 0.000E+00
 1.12980629E+01   2729.7 3.572E+01 4.320E+08 3.207E-05 2.822E-04 2.000E+05 0.000E+00 0.000E+00
 1.36150414E+01   2748.8 4.305E+01 5.215E+08 3.619E-05 2.747E-04 2.000E+05 0.000E+00 0.000E+00
 1.63468127E+01   2767.9 5.169E+01 6.272E+08 4.102E-05 2.687E-04 2.000E+05 0.000E+00 0.000E+00
 1.95556173E+01   2787.0 6.183E+01 7.522E+08 4.664E-05 2.633E-04 2.000E+05 0.000E+00 0.000E+00
 2.33140311E+01   2806.4 7.372E+01 9.000E+08 5.316E-05 2.585E-04 2.000E+05 0.000E+00 0.000E+00
 2.77049772E+01   2826.3 8.760E+01 1.075E+09 6.075E-05 2.543E-04 2.000E+05 0.000E+00 0.000E+00
 3.28224706E+01   2846.4 1.038E+02 1.281E+09 6.959E-05 2.502E-04 2.000E+05 0.000E+00 0.000E+00
 3.87734982E+01   2866.5 1.226E+02 1.522E+09 7.989E-05 2.467E-04 2.000E+05 0.000E+00 0.000E+00
 4.56768593E+01   2887.2 1.444E+02 1.808E+09 9.197E-05 2.450E-04 2.000E+05 0.000E+00 0.000E+00
 5.36608330E+01   2908.1 1.697E+02 2.142E+09 1.062E-04 2.451E-04 2.000E+05 0.000E+00 0.000E+00
 6.28726484E+01   2929.6 1.988E+02 2.537E+09 1.228E-04 2.460E-04 2.000E+05 0.000E+00 0.000E+00
 7.34828156E+01   2951.8 2.324E+02 3.003E+09 1.423E-04 2.478E-04 2.000E+05 0.000E+00 0.000E+00
 8.56837173E+01   2974.8 2.709E+02 3.553E+09 1.652E-04 2.510E-04 2.000E+05 0.000E+00 0.000E+00
 9.96889594E+01   2998.6 3.152E+02 4.206E+09 1.921E-04 2.557E-04 2.000E+05 0.000E+00 0.000E+00
 1.15728314E+02   3023.2 3.659E+02 4.979E+09 2.240E-04 2.631E-04 2.000E+05 0.000E+00 0.000E+00
 1.34012722E+02   3049.8 4.237E+02 5.911E+09 2.629E-04 2.755E-04 2.000E+05 0.000E+00 0.000E+00
 1.54749494E+02   3078.4 4.893E+02 7.039E+09 3.097E-04 2.901E-04 2.000E+05 0.000E+00 0.000E+00
 1.78161900E+02   3109.6 5.633E+02 8.420E+09 3.667E-04 3.075E-04 2.000E+05 0.000E+00 0.000E+00
 2.04453911E+02   3143.7 6.465E+02 1.013E+10 4.368E-04 3.291E-04 2.000E+05 0.000E+00 0.000E+00
 2.33736263E+02   3182.1 7.391E+02 1.229E+10 5.260E-04 3.591E-04 2.000E+05 0.000E+00 0.000E+00
 2.65955305E+02   3225.7 8.409E+02 1.509E+10 6.415E-04 3.987E-04 2.000E+05 0.000E+00 0.000E+00
 3.00982454E+02   3274.9 9.517E+02 1.874E+10 7.916E-04 4.484E-04 2.000E+05 0.000E+00 0.000E+00
 3.38503126E+02   3331.6 1.070E+03 2.368E+10 9.948E-04 5.172E-04 2.000E+05 5.767E-14 0.000E+00
 3.77908725E+02   3397.0 1.195E+03 3.044E+10 1.275E-03 6.128E-04 2.000E+05 6.651E-12 0.000E+00
 4.18643815E+02   3470.9 1.324E+03 3.969E+10 1.655E-03 7.345E-04 2.000E+05 1.298E-10 0.000E+00
 4.60199982E+02   3555.1 1.455E+03 5.243E+10 2.177E-03 8.977E-04 2.000E+05 6.235E-10 0.000E+00
 5.02240392E+02   3649.9 1.588E+03 6.966E+10 2.871E-03 1.102E-03 2.000E+05 1.372E-09 0.000E+00
 5.44803377E+02   3756.8 1.723E+03 9.245E+10 3.768E-03 1.352E-03 2.000E+05 2.087E-09 8.937E+01
 5.88353786E+02   3877.1 1.860E+03 1.213E+11 4.862E-03 1.636E-03 2.000E+05 2.686E-09 3.061E+02
 6.34052822E+02   4011.7 2.005E+03 1.557E+11 6.084E-03 1.940E-03 2.000E+05 4.184E-09 6.008E+02
 6.83736512E+02   4165.9 2.162E+03 1.944E+11 7.316E-03 2.223E-03 2.000E+05 3.970E-08 8.565E+02
 7.40367078E+02   4336.5 2.341E+03 2.346E+11 8.332E-03 2.437E-03 2.000E+05 1.518E-06 9.793E+02
 8.08299074E+02   4534.6 2.555E+03 2.778E+11 9.130E-03 2.577E-03 2.000E+05 1.168E-04 9.691E+02
 8.90406618E+02   4753.7 2.815E+03 3.383E+11 1.016E-02 2.707E-03 2.000E+05 3.449E-02 8.825E+02
 9.84034656E+02   4981.8 3.110E+03 4.664E+11 1.274E-02 3.195E-03 2.000E+05 9.193E-02 1.721E+03
 1.07503673E+03   5236.0 3.398E+03 7.781E+11 1.913E-02 4.641E-03 2.000E+05 1.204E-01 6.198E+03
 1.14999061E+03   5520.8 3.634E+03 1.506E+12 3.289E-02 7.642E-03 2.000E+05 1.593E-01 2.119E+04
 1.20622056E+03   5826.5 3.812E+03 3.062E+12 5.984E-02 1.326E-02 2.000E+05 2.081E-01 5.648E+04
 1.24648055E+03   6161.1 3.938E+03 6.344E+12 1.131E-01 2.316E-02 2.000E+05 2.697E-01 1.001E+05
 1.27526279E+03   6496.4 4.028E+03 1.236E+13 2.086E-01 3.847E-02 2.000E+05 3.436E-01 1.684E+05
 1.29585031E+03   6846.6 4.093E+03 2.322E+13 3.856E-01 5.636E-02 2.000E+05 4.526E-01 3.089E+05
 1.31178595E+03   7120.9 4.142E+03 3.650E+13 6.160E-01 5.675E-02 2.000E+05 6.914E-01 3.608E+05
 1.32615719E+03   7315.5 4.187E+03 4.934E+13 8.561E-01 4.921E-02 2.000E+05 7.961E-01 3.592E+05
 1.34043526E+03   7475.3 4.231E+03 6.253E+13 1.119E+00 4.495E-02 2.000E+05 8.609E-01 3.615E+05
 1.35514773E+03   7623.8 4.277E+03 7.720E+13 1.431E+00 4.066E-02 2.000E+05 8.985E-01 3.529E+05
 1.37081513E+03   7749.5 4.326E+03 9.180E+13 1.761E+00 4.041E-02 2.000E+05 9.193E-01 3.518E+05
PRADK 1.9889E-01
BEGIN                    ITERATION  15 COMPLETED
