EFF   4250.  GRAVITY 3.00000 LTE 
ITLE SDSC GRID  [-1.0]   VTURB 2.0 KM/S    L/H 1.25                            
OPACITY IFOP 1 1 1 1 1 1 1 1 1 1 1 1 1 0 1 0 0 0 0 0
CONVECTION ON   1.25 TURBULENCE OFF  0.00  0.00  0.00  0.00
BUNDANCE SCALE   0.10000 ABUNDANCE CHANGE 1 0.91100 2 0.08900
ABUNDANCE CHANGE  3 -10.88  4 -10.89  5  -9.44  6  -3.48  7  -3.99  8  -3.11
ABUNDANCE CHANGE  9  -7.48 10  -3.95 11  -5.71 12  -4.46 13  -5.57 14  -4.49
ABUNDANCE CHANGE 15  -6.59 16  -4.83 17  -6.54 18  -5.48 19  -6.82 20  -5.68
ABUNDANCE CHANGE 21  -8.94 22  -7.05 23  -8.04 24  -6.37 25  -6.65 26  -4.37
ABUNDANCE CHANGE 27  -7.12 28  -5.79 29  -7.83 30  -7.44 31  -9.16 32  -8.63
ABUNDANCE CHANGE 33  -9.67 34  -8.69 35  -9.41 36  -8.81 37  -9.44 38  -9.14
ABUNDANCE CHANGE 39  -9.80 40  -9.54 41 -10.62 42 -10.12 43 -20.00 44 -10.20
ABUNDANCE CHANGE 45 -10.92 46 -10.35 47 -11.10 48 -10.18 49 -10.58 50 -10.04
ABUNDANCE CHANGE 51 -11.04 52  -9.80 53 -10.53 54  -9.81 55 -10.92 56  -9.91
ABUNDANCE CHANGE 57 -10.82 58 -10.49 59 -11.33 60 -10.54 61 -20.00 62 -11.04
ABUNDANCE CHANGE 63 -11.53 64 -10.92 65 -11.94 66 -10.94 67 -11.78 68 -11.11
ABUNDANCE CHANGE 69 -12.04 70 -10.96 71 -11.28 72 -11.16 73 -11.91 74 -10.93
ABUNDANCE CHANGE 75 -11.77 76 -10.59 77 -10.69 78 -10.24 79 -11.03 80 -10.95
ABUNDANCE CHANGE 81 -11.14 82 -10.19 83 -11.33 84 -20.00 85 -20.00 86 -20.00
ABUNDANCE CHANGE 87 -20.00 88 -20.00 89 -20.00 90 -11.92 91 -20.00 92 -12.51
ABUNDANCE CHANGE 93 -20.00 94 -20.00 95 -20.00 96 -20.00 97 -20.00 98 -20.00
ABUNDANCE CHANGE 99 -20.00
EAD DECK6 72 RHOX,T,P,XNE,ABROSS,ACCRAD,VTURB
2.12918680E-02   2522.6 2.129E+01 4.254E+07 6.263E-06 1.130E-03 2.000E+05 0.000E+00 0.000E+00
2.79341040E-02   2552.7 2.793E+01 5.637E+07 7.129E-06 1.095E-03 2.000E+05 0.000E+00 0.000E+00
3.57365312E-02   2580.2 3.574E+01 7.288E+07 8.074E-06 1.061E-03 2.000E+05 0.000E+00 0.000E+00
4.49165884E-02   2608.1 4.492E+01 9.294E+07 9.157E-06 1.028E-03 2.000E+05 0.000E+00 0.000E+00
5.56873427E-02   2637.6 5.569E+01 1.176E+08 1.043E-05 9.970E-04 2.000E+05 0.000E+00 0.000E+00
6.82855097E-02   2667.0 6.829E+01 1.476E+08 1.190E-05 9.643E-04 2.000E+05 0.000E+00 0.000E+00
8.29756415E-02   2697.3 8.298E+01 1.845E+08 1.364E-05 9.363E-04 2.000E+05 0.000E+00 0.000E+00
1.00027648E-01   2728.6 1.000E+02 2.301E+08 1.570E-05 9.131E-04 2.000E+05 0.000E+00 0.000E+00
1.19725782E-01   2760.1 1.197E+02 2.859E+08 1.817E-05 8.919E-04 2.000E+05 0.000E+00 0.000E+00
1.42361540E-01   2792.1 1.424E+02 3.544E+08 2.114E-05 8.728E-04 2.000E+05 0.000E+00 0.000E+00
1.68256826E-01   2824.2 1.683E+02 4.382E+08 2.469E-05 8.583E-04 2.000E+05 0.000E+00 0.000E+00
1.97778618E-01   2856.3 1.978E+02 5.404E+08 2.893E-05 8.478E-04 2.000E+05 0.000E+00 0.000E+00
2.31328355E-01   2888.3 2.313E+02 6.646E+08 3.399E-05 8.408E-04 2.000E+05 0.000E+00 0.000E+00
2.69330330E-01   2920.2 2.693E+02 8.148E+08 4.007E-05 8.344E-04 2.000E+05 0.000E+00 0.000E+00
3.12314068E-01   2951.2 3.123E+02 9.942E+08 4.724E-05 8.301E-04 2.000E+05 0.000E+00 0.000E+00
3.60925004E-01   2981.7 3.609E+02 1.208E+09 5.572E-05 8.281E-04 2.000E+05 0.000E+00 0.000E+00
4.15903043E-01   3011.5 4.159E+02 1.461E+09 6.568E-05 8.292E-04 2.000E+05 0.000E+00 0.000E+00
4.78085304E-01   3040.9 4.781E+02 1.761E+09 7.744E-05 8.345E-04 2.000E+05 0.000E+00 0.000E+00
5.48465714E-01   3069.6 5.485E+02 2.113E+09 9.116E-05 8.426E-04 2.000E+05 0.000E+00 0.000E+00
6.28265641E-01   3097.6 6.283E+02 2.526E+09 1.071E-04 8.531E-04 2.000E+05 0.000E+00 0.000E+00
7.18924617E-01   3124.8 7.189E+02 3.007E+09 1.256E-04 8.662E-04 2.000E+05 0.000E+00 0.000E+00
8.22141802E-01   3151.4 8.222E+02 3.566E+09 1.470E-04 8.828E-04 2.000E+05 0.000E+00 0.000E+00
9.39830583E-01   3177.5 9.398E+02 4.219E+09 1.718E-04 9.027E-04 2.000E+05 0.000E+00 0.000E+00
1.07421449E+00   3202.9 1.074E+03 4.974E+09 2.004E-04 9.272E-04 2.000E+05 0.000E+00 0.000E+00
1.22799440E+00   3227.5 1.228E+03 5.845E+09 2.333E-04 9.570E-04 2.000E+05 0.000E+00 0.000E+00
1.40438943E+00   3251.4 1.404E+03 6.848E+09 2.709E-04 9.914E-04 2.000E+05 0.000E+00 0.000E+00
1.60719074E+00   3274.5 1.607E+03 8.001E+09 3.139E-04 1.031E-03 2.000E+05 0.000E+00 0.000E+00
1.84083814E+00   3296.9 1.841E+03 9.327E+09 3.630E-04 1.077E-03 2.000E+05 0.000E+00 0.000E+00
2.11050647E+00   3318.7 2.111E+03 1.085E+10 4.191E-04 1.130E-03 2.000E+05 0.000E+00 0.000E+00
2.42223909E+00   3339.9 2.422E+03 1.260E+10 4.831E-04 1.190E-03 2.000E+05 0.000E+00 0.000E+00
2.78327138E+00   3360.3 2.783E+03 1.460E+10 5.556E-04 1.259E-03 2.000E+05 0.000E+00 0.000E+00
3.20217883E+00   3380.0 3.202E+03 1.689E+10 6.382E-04 1.339E-03 2.000E+05 0.000E+00 0.000E+00
3.68872737E+00   3399.3 3.689E+03 1.951E+10 7.325E-04 1.433E-03 2.000E+05 0.000E+00 0.000E+00
4.25444178E+00   3417.9 4.254E+03 2.251E+10 8.395E-04 1.539E-03 2.000E+05 0.000E+00 0.000E+00
4.91276163E+00   3436.4 4.913E+03 2.597E+10 9.619E-04 1.660E-03 2.000E+05 0.000E+00 0.000E+00
5.67937685E+00   3454.5 5.679E+03 2.993E+10 1.101E-03 1.798E-03 2.000E+05 0.000E+00 0.000E+00
6.57205593E+00   3472.8 6.572E+03 3.453E+10 1.262E-03 1.957E-03 2.000E+05 0.000E+00 0.000E+00
7.61068520E+00   3491.5 7.611E+03 3.987E+10 1.447E-03 2.140E-03 2.000E+05 0.000E+00 0.000E+00
8.81740421E+00   3510.9 8.817E+03 4.610E+10 1.662E-03 2.350E-03 2.000E+05 0.000E+00 0.000E+00
1.02166217E+01   3531.4 1.022E+04 5.346E+10 1.914E-03 2.595E-03 2.000E+05 0.000E+00 0.000E+00
1.18329484E+01   3554.2 1.183E+04 6.227E+10 2.215E-03 2.881E-03 2.000E+05 0.000E+00 0.000E+00
1.36912089E+01   3579.3 1.369E+04 7.285E+10 2.575E-03 3.215E-03 2.000E+05 0.000E+00 0.000E+00
1.58173528E+01   3607.3 1.582E+04 8.565E+10 3.009E-03 3.607E-03 2.000E+05 0.000E+00 0.000E+00
1.82349764E+01   3639.2 1.823E+04 1.014E+11 3.541E-03 4.072E-03 2.000E+05 0.000E+00 0.000E+00
2.09635183E+01   3675.7 2.096E+04 1.209E+11 4.201E-03 4.626E-03 2.000E+05 0.000E+00 0.000E+00
2.40180244E+01   3717.8 2.402E+04 1.454E+11 5.025E-03 5.290E-03 2.000E+05 0.000E+00 0.000E+00
2.74079567E+01   3766.5 2.741E+04 1.765E+11 6.064E-03 6.091E-03 2.000E+05 0.000E+00 0.000E+00
3.11371961E+01   3823.0 3.114E+04 2.162E+11 7.381E-03 7.056E-03 2.000E+05 0.000E+00 0.000E+00
3.52087737E+01   3888.4 3.521E+04 2.672E+11 9.044E-03 8.218E-03 2.000E+05 0.000E+00 0.000E+00
3.96250832E+01   3964.4 3.962E+04 3.330E+11 1.115E-02 9.614E-03 2.000E+05 0.000E+00 0.000E+00
4.44051766E+01   4051.3 4.440E+04 4.167E+11 1.372E-02 1.123E-02 2.000E+05 0.000E+00 0.000E+00
4.95832174E+01   4152.6 4.958E+04 5.232E+11 1.686E-02 1.309E-02 2.000E+05 0.000E+00 0.000E+00
5.52300948E+01   4268.4 5.523E+04 6.552E+11 2.049E-02 1.507E-02 2.000E+05 1.364E-08 0.000E+00
6.14941299E+01   4387.8 6.149E+04 8.078E+11 2.440E-02 1.736E-02 2.000E+05 9.795E-06 0.000E+00
6.84585030E+01   4568.3 6.846E+04 1.042E+12 2.962E-02 2.006E-02 2.000E+05 1.224E-03 0.000E+00
7.60618588E+01   4757.6 7.606E+04 1.380E+12 3.648E-02 2.263E-02 2.000E+05 3.193E-02 0.000E+00
8.40888202E+01   4938.5 8.409E+04 1.932E+12 4.735E-02 2.604E-02 2.000E+05 1.068E-01 0.000E+00
9.21786801E+01   5104.5 9.218E+04 2.812E+12 6.389E-02 3.100E-02 2.000E+05 1.924E-01 3.333E+03
9.99490201E+01   5285.1 9.995E+04 4.377E+12 9.108E-02 3.912E-02 2.000E+05 2.755E-01 2.163E+04
1.07140401E+02   5471.4 1.071E+05 7.005E+12 1.328E-01 5.212E-02 2.000E+05 3.463E-01 6.904E+04
1.13474794E+02   5699.8 1.135E+05 1.227E+13 2.078E-01 7.452E-02 2.000E+05 4.052E-01 1.288E+05
1.18870977E+02   5931.6 1.189E+05 2.114E+13 3.212E-01 9.338E-02 2.000E+05 5.238E-01 1.564E+05
1.23700466E+02   6135.5 1.237E+05 3.335E+13 4.632E-01 1.019E-01 2.000E+05 6.382E-01 1.659E+05
1.28238278E+02   6330.0 1.282E+05 5.036E+13 6.477E-01 1.100E-01 2.000E+05 7.252E-01 1.727E+05
1.32638124E+02   6513.7 1.326E+05 7.293E+13 8.776E-01 1.154E-01 2.000E+05 7.854E-01 1.756E+05
1.37013783E+02   6691.5 1.370E+05 1.026E+14 1.166E+00 1.217E-01 2.000E+05 8.317E-01 1.782E+05
1.41435666E+02   6866.1 1.414E+05 1.413E+14 1.528E+00 1.257E-01 2.000E+05 8.660E-01 1.783E+05
1.45975877E+02   7034.6 1.460E+05 1.899E+14 1.969E+00 1.286E-01 2.000E+05 8.947E-01 1.789E+05
1.50683842E+02   7204.3 1.507E+05 2.524E+14 2.527E+00 1.307E-01 2.000E+05 9.158E-01 1.774E+05
1.55615975E+02   7366.9 1.556E+05 3.281E+14 3.193E+00 1.313E-01 2.000E+05 9.337E-01 1.766E+05
1.60813319E+02   7534.3 1.608E+05 4.252E+14 4.040E+00 1.314E-01 2.000E+05 9.470E-01 1.734E+05
1.66332938E+02   7691.3 1.663E+05 5.379E+14 5.022E+00 1.406E-01 2.000E+05 9.550E-01 1.722E+05
RADK 4.3366E-01
EGIN                    ITERATION  15 COMPLETED
