TEFF   9500.  GRAVITY 2.00000 LTE
TITLE SDSC GRID  [+1.0]   VTURB 2.0 KM/S
 OPACITY IFOP 1 1 1 1 1 1 1 1 1 1 1 1 1 0 1 0 0 0 0 0
 CONVECTION OFF  1.00 TURBULENCE OFF  0.00  0.00  0.00  0.00
ABUNDANCE SCALE  10.00000 ABUNDANCE CHANGE 1 0.91100 2 0.08900
 ABUNDANCE CHANGE  3 -10.88  4 -10.89  5  -9.44  6  -3.48  7  -3.99  8  -3.11
 ABUNDANCE CHANGE  9  -7.48 10  -3.95 11  -5.71 12  -4.46 13  -5.57 14  -4.49
 ABUNDANCE CHANGE 15  -6.59 16  -4.83 17  -6.54 18  -5.48 19  -6.82 20  -5.68
 ABUNDANCE CHANGE 21  -8.94 22  -7.05 23  -8.04 24  -6.37 25  -6.65 26  -4.37
 ABUNDANCE CHANGE 27  -7.12 28  -5.79 29  -7.83 30  -7.44 31  -9.16 32  -8.63
 ABUNDANCE CHANGE 33  -9.67 34  -8.69 35  -9.41 36  -8.81 37  -9.44 38  -9.14
 ABUNDANCE CHANGE 39  -9.80 40  -9.54 41 -10.62 42 -10.12 43 -20.00 44 -10.20
 ABUNDANCE CHANGE 45 -10.92 46 -10.35 47 -11.10 48 -10.18 49 -10.58 50 -10.04
 ABUNDANCE CHANGE 51 -11.04 52  -9.80 53 -10.53 54  -9.81 55 -10.92 56  -9.91
 ABUNDANCE CHANGE 57 -10.82 58 -10.49 59 -11.33 60 -10.54 61 -20.00 62 -11.04
 ABUNDANCE CHANGE 63 -11.53 64 -10.92 65 -11.94 66 -10.94 67 -11.78 68 -11.11
 ABUNDANCE CHANGE 69 -12.04 70 -10.96 71 -11.28 72 -11.16 73 -11.91 74 -10.93
 ABUNDANCE CHANGE 75 -11.77 76 -10.59 77 -10.69 78 -10.24 79 -11.03 80 -10.95
 ABUNDANCE CHANGE 81 -11.14 82 -10.19 83 -11.33 84 -20.00 85 -20.00 86 -20.00
 ABUNDANCE CHANGE 87 -20.00 88 -20.00 89 -20.00 90 -11.92 91 -20.00 92 -12.51
 ABUNDANCE CHANGE 93 -20.00 94 -20.00 95 -20.00 96 -20.00 97 -20.00 98 -20.00
 ABUNDANCE CHANGE 99 -20.00
READ DECK6 64 RHOX,T,P,XNE,ABROSS,ACCRAD,VTURB
 8.63416347E-06   4760.9 5.430E-04 4.797E+07 1.087E-01 3.712E+01 2.000E+05
 1.11185537E-05   5397.8 7.131E-04 2.672E+08 1.129E-01 2.597E+01 2.000E+05
 1.44176820E-05   5446.3 9.619E-04 3.555E+08 1.126E-01 2.327E+01 2.000E+05
 1.89300313E-05   5494.5 1.312E-03 4.758E+08 1.116E-01 2.163E+01 2.000E+05
 2.58045610E-05   5546.5 1.857E-03 6.562E+08 1.098E-01 2.004E+01 2.000E+05
 3.77724911E-05   5607.0 2.825E-03 9.621E+08 1.068E-01 1.843E+01 2.000E+05
 5.55918537E-05   5665.8 4.291E-03 1.402E+09 1.034E-01 1.715E+01 2.000E+05
 7.98203824E-05   5720.9 6.312E-03 1.982E+09 1.003E-01 1.622E+01 2.000E+05
 1.12849846E-04   5776.1 9.093E-03 2.758E+09 9.800E-02 1.547E+01 2.000E+05
 1.57642997E-04   5833.7 1.290E-02 3.803E+09 9.693E-02 1.489E+01 2.000E+05
 2.17913418E-04   5893.8 1.804E-02 5.206E+09 9.691E-02 1.442E+01 2.000E+05
 2.98195154E-04   5956.5 2.493E-02 7.083E+09 9.786E-02 1.402E+01 2.000E+05
 4.03915094E-04   6021.4 3.405E-02 9.571E+09 9.970E-02 1.364E+01 2.000E+05
 5.41568407E-04   6087.7 4.597E-02 1.283E+10 1.023E-01 1.324E+01 2.000E+05
 7.20868646E-04   6155.3 6.156E-02 1.711E+10 1.055E-01 1.289E+01 2.000E+05
 9.52056340E-04   6223.7 8.175E-02 2.267E+10 1.093E-01 1.251E+01 2.000E+05
 1.24957738E-03   6292.7 1.078E-01 2.986E+10 1.136E-01 1.218E+01 2.000E+05
 1.63006268E-03   6362.4 1.413E-01 3.911E+10 1.187E-01 1.191E+01 2.000E+05
 2.11583467E-03   6433.3 1.842E-01 5.100E+10 1.246E-01 1.172E+01 2.000E+05
 2.73118619E-03   6505.7 2.385E-01 6.622E+10 1.316E-01 1.161E+01 2.000E+05
 3.50625901E-03   6580.2 3.071E-01 8.565E+10 1.400E-01 1.156E+01 2.000E+05
 4.47443400E-03   6657.0 3.927E-01 1.103E+11 1.499E-01 1.145E+01 2.000E+05
 5.67738962E-03   6734.9 4.993E-01 1.414E+11 1.613E-01 1.134E+01 2.000E+05
 7.16490226E-03   6813.3 6.313E-01 1.802E+11 1.744E-01 1.130E+01 2.000E+05
 8.99536036E-03   6892.5 7.936E-01 2.284E+11 1.896E-01 1.134E+01 2.000E+05
 1.12362342E-02   6972.4 9.922E-01 2.880E+11 2.070E-01 1.145E+01 2.000E+05
 1.39661188E-02   7053.4 1.234E+00 3.613E+11 2.272E-01 1.159E+01 2.000E+05
 1.72781353E-02   7135.1 1.526E+00 4.510E+11 2.500E-01 1.172E+01 2.000E+05
 2.12867746E-02   7216.6 1.880E+00 5.599E+11 2.759E-01 1.191E+01 2.000E+05
 2.61251637E-02   7297.7 2.305E+00 6.914E+11 3.052E-01 1.219E+01 2.000E+05
 3.19480572E-02   7378.8 2.816E+00 8.497E+11 3.388E-01 1.260E+01 2.000E+05
 3.89308425E-02   7460.8 3.424E+00 1.040E+12 3.774E-01 1.313E+01 2.000E+05
 4.72727274E-02   7544.6 4.146E+00 1.268E+12 4.222E-01 1.380E+01 2.000E+05
 5.71981894E-02   7630.8 4.998E+00 1.540E+12 4.739E-01 1.457E+01 2.000E+05
 6.89672764E-02   7720.4 5.997E+00 1.865E+12 5.342E-01 1.551E+01 2.000E+05
 8.28517822E-02   7814.5 7.162E+00 2.250E+12 6.054E-01 1.671E+01 2.000E+05
 9.91315362E-02   7916.1 8.506E+00 2.708E+12 6.910E-01 1.824E+01 2.000E+05
 1.18079022E-01   8028.2 1.004E+01 3.248E+12 7.944E-01 2.016E+01 2.000E+05
 1.39991024E-01   8155.4 1.176E+01 3.882E+12 9.181E-01 2.237E+01 2.000E+05
 1.65274284E-01   8299.7 1.370E+01 4.618E+12 1.061E+00 2.469E+01 2.000E+05
 1.94474519E-01   8463.1 1.586E+01 5.456E+12 1.223E+00 2.733E+01 2.000E+05
 2.28307089E-01   8651.3 1.826E+01 6.394E+12 1.403E+00 3.021E+01 2.000E+05
 2.67984715E-01   8867.4 2.098E+01 7.427E+12 1.580E+00 3.257E+01 2.000E+05
 3.15408046E-01   9114.4 2.413E+01 8.560E+12 1.747E+00 3.461E+01 2.000E+05
 3.73190792E-01   9398.1 2.786E+01 9.808E+12 1.895E+00 3.623E+01 2.000E+05
 4.45226825E-01   9719.3 3.243E+01 1.122E+13 2.002E+00 3.664E+01 2.000E+05
 5.36925769E-01  10081.1 3.824E+01 1.290E+13 2.081E+00 3.671E+01 2.000E+05
 6.56020778E-01  10485.5 4.584E+01 1.497E+13 2.117E+00 3.558E+01 2.000E+05
 8.12373846E-01  10936.2 5.596E+01 1.759E+13 2.144E+00 3.501E+01 2.000E+05
 1.01914750E+00  11448.6 6.947E+01 2.092E+13 2.154E+00 3.435E+01 2.000E+05
 1.29572818E+00  12021.6 8.775E+01 2.523E+13 2.137E+00 3.340E+01 2.000E+05
 1.66836579E+00  12672.1 1.128E+02 3.085E+13 2.105E+00 3.248E+01 2.000E+05
 2.16752340E+00  13398.1 1.464E+02 3.812E+13 2.117E+00 3.268E+01 2.000E+05
 2.83093946E+00  14218.3 1.912E+02 4.742E+13 2.115E+00 3.244E+01 2.000E+05
 3.70477145E+00  15126.0 2.498E+02 5.899E+13 2.173E+00 3.344E+01 2.000E+05
 4.85116679E+00  16135.4 3.260E+02 7.283E+13 2.189E+00 3.361E+01 2.000E+05
 6.35234957E+00  17239.3 4.248E+02 8.924E+13 2.249E+00 3.470E+01 2.000E+05
 8.31827123E+00  18444.6 5.529E+02 1.088E+14 2.279E+00 3.495E+01 2.000E+05
 1.08893270E+01  19749.8 7.189E+02 1.322E+14 2.327E+00 3.598E+01 2.000E+05
 1.43261373E+01  21164.8 9.411E+02 1.616E+14 2.270E+00 3.467E+01 2.000E+05
 1.89992578E+01  22698.3 1.247E+03 1.997E+14 2.246E+00 3.435E+01 2.000E+05
 2.52885593E+01  24348.9 1.662E+03 2.481E+14 2.233E+00 3.373E+01 2.000E+05
 3.35617241E+01  26138.7 2.207E+03 3.069E+14 2.305E+00 3.462E+01 2.000E+05
 4.41634841E+01  28061.1 2.904E+03 3.763E+14 2.415E+00 3.388E+01 2.000E+05
PRADK 1.0915E+01
BEGIN                    ITERATION  15 COMPLETED
