TEFF  16000.  GRAVITY 2.50000 LTE
TITLE SDSC GRID  [-4.0]   VTURB 2.0 KM/S
 OPACITY IFOP 1 1 1 1 1 1 1 1 1 1 1 1 1 0 1 0 0 0 0 0
 CONVECTION OFF  1.00 TURBULENCE OFF  0.00  0.00  0.00  0.00
ABUNDANCE SCALE   0.00010 ABUNDANCE CHANGE 1 0.91100 2 0.08900
 ABUNDANCE CHANGE  3 -10.88  4 -10.89  5  -9.44  6  -3.48  7  -3.99  8  -3.11
 ABUNDANCE CHANGE  9  -7.48 10  -3.95 11  -5.71 12  -4.46 13  -5.57 14  -4.49
 ABUNDANCE CHANGE 15  -6.59 16  -4.83 17  -6.54 18  -5.48 19  -6.82 20  -5.68
 ABUNDANCE CHANGE 21  -8.94 22  -7.05 23  -8.04 24  -6.37 25  -6.65 26  -4.37
 ABUNDANCE CHANGE 27  -7.12 28  -5.79 29  -7.83 30  -7.44 31  -9.16 32  -8.63
 ABUNDANCE CHANGE 33  -9.67 34  -8.69 35  -9.41 36  -8.81 37  -9.44 38  -9.14
 ABUNDANCE CHANGE 39  -9.80 40  -9.54 41 -10.62 42 -10.12 43 -20.00 44 -10.20
 ABUNDANCE CHANGE 45 -10.92 46 -10.35 47 -11.10 48 -10.18 49 -10.58 50 -10.04
 ABUNDANCE CHANGE 51 -11.04 52  -9.80 53 -10.53 54  -9.81 55 -10.92 56  -9.91
 ABUNDANCE CHANGE 57 -10.82 58 -10.49 59 -11.33 60 -10.54 61 -20.00 62 -11.04
 ABUNDANCE CHANGE 63 -11.53 64 -10.92 65 -11.94 66 -10.94 67 -11.78 68 -11.11
 ABUNDANCE CHANGE 69 -12.04 70 -10.96 71 -11.28 72 -11.16 73 -11.91 74 -10.93
 ABUNDANCE CHANGE 75 -11.77 76 -10.59 77 -10.69 78 -10.24 79 -11.03 80 -10.95
 ABUNDANCE CHANGE 81 -11.14 82 -10.19 83 -11.33 84 -20.00 85 -20.00 86 -20.00
 ABUNDANCE CHANGE 87 -20.00 88 -20.00 89 -20.00 90 -11.92 91 -20.00 92 -12.51
 ABUNDANCE CHANGE 93 -20.00 94 -20.00 95 -20.00 96 -20.00 97 -20.00 98 -20.00
 ABUNDANCE CHANGE 99 -20.00
READ DECK6 64 RHOX,T,P,XNE,ABROSS,ACCRAD,VTURB
 5.84794236E-06   9461.3 1.628E-03 6.101E+08 3.029E-01 3.807E+01 2.000E+05
 5.85103762E-06   9484.3 1.629E-03 6.095E+08 3.029E-01 3.806E+01 2.000E+05
 7.78654585E-06   9512.6 2.168E-03 8.070E+08 3.017E-01 3.787E+01 2.000E+05
 1.04070907E-05   9513.6 2.898E-03 1.075E+09 2.997E-01 3.765E+01 2.000E+05
 1.39145713E-05   9581.8 3.876E-03 1.427E+09 2.994E-01 3.753E+01 2.000E+05
 1.85854270E-05   9582.8 5.180E-03 1.900E+09 2.976E-01 3.732E+01 2.000E+05
 2.49096047E-05   9583.8 6.944E-03 2.539E+09 2.959E-01 3.714E+01 2.000E+05
 3.33274965E-05   9672.8 9.295E-03 3.368E+09 2.961E-01 3.709E+01 2.000E+05
 4.45672460E-05   9673.8 1.243E-02 4.492E+09 2.947E-01 3.697E+01 2.000E+05
 5.96865771E-05   9712.0 1.666E-02 5.985E+09 2.942E-01 3.693E+01 2.000E+05
 7.98379812E-05   9713.0 2.229E-02 7.989E+09 2.934E-01 3.690E+01 2.000E+05
 1.06809787E-04   9756.5 2.982E-02 1.063E+10 2.934E-01 3.694E+01 2.000E+05
 1.42759275E-04   9757.9 3.986E-02 1.418E+10 2.932E-01 3.706E+01 2.000E+05
 1.90717247E-04   9782.3 5.324E-02 1.888E+10 2.936E-01 3.725E+01 2.000E+05
 2.54506012E-04   9807.9 7.103E-02 2.510E+10 2.943E-01 3.752E+01 2.000E+05
 3.39310460E-04   9844.3 9.465E-02 3.330E+10 2.955E-01 3.786E+01 2.000E+05
 4.51834651E-04   9890.9 1.260E-01 4.409E+10 2.972E-01 3.827E+01 2.000E+05
 6.00926669E-04   9951.3 1.674E-01 5.821E+10 2.994E-01 3.873E+01 2.000E+05
 7.98110851E-04  10025.9 2.220E-01 7.664E+10 3.021E-01 3.924E+01 2.000E+05
 1.05843102E-03  10117.1 2.941E-01 1.006E+11 3.055E-01 3.977E+01 2.000E+05
 1.40141102E-03  10223.2 3.888E-01 1.316E+11 3.095E-01 4.031E+01 2.000E+05
 1.85238130E-03  10343.8 5.131E-01 1.717E+11 3.142E-01 4.081E+01 2.000E+05
 2.44399085E-03  10472.9 6.759E-01 2.234E+11 3.198E-01 4.129E+01 2.000E+05
 3.21811981E-03  10606.2 8.885E-01 2.901E+11 3.263E-01 4.174E+01 2.000E+05
 4.22794594E-03  10734.1 1.165E+00 3.761E+11 3.342E-01 4.221E+01 2.000E+05
 5.54011665E-03  10848.6 1.525E+00 4.869E+11 3.437E-01 4.279E+01 2.000E+05
 7.23672218E-03  10942.9 1.988E+00 6.293E+11 3.554E-01 4.364E+01 2.000E+05
 9.41702539E-03  11015.5 2.581E+00 8.113E+11 3.700E-01 4.494E+01 2.000E+05
 1.21997605E-02  11073.3 3.333E+00 1.042E+12 3.879E-01 4.681E+01 2.000E+05
 1.57282576E-02  11130.3 4.280E+00 1.330E+12 4.091E-01 4.921E+01 2.000E+05
 2.01776861E-02  11192.5 5.461E+00 1.688E+12 4.336E-01 5.208E+01 2.000E+05
 2.57646081E-02  11266.9 6.928E+00 2.126E+12 4.613E-01 5.535E+01 2.000E+05
 3.27519910E-02  11345.0 8.737E+00 2.663E+12 4.928E-01 5.913E+01 2.000E+05
 4.14633319E-02  11435.6 1.096E+01 3.313E+12 5.276E-01 6.339E+01 2.000E+05
 5.23025607E-02  11535.1 1.367E+01 4.097E+12 5.660E-01 6.819E+01 2.000E+05
 6.57740952E-02  11649.1 1.698E+01 5.038E+12 6.072E-01 7.350E+01 2.000E+05
 8.25242616E-02  11780.0 2.099E+01 6.162E+12 6.508E-01 7.926E+01 2.000E+05
 1.03406279E-01  11938.6 2.588E+01 7.497E+12 6.947E-01 8.522E+01 2.000E+05
 1.29556250E-01  12126.8 3.184E+01 9.086E+12 7.379E-01 9.126E+01 2.000E+05
 1.62516346E-01  12359.2 3.915E+01 1.098E+13 7.777E-01 9.698E+01 2.000E+05
 2.04371374E-01  12636.0 4.821E+01 1.325E+13 8.139E-01 1.024E+02 2.000E+05
 2.57927242E-01  12971.2 5.952E+01 1.598E+13 8.450E-01 1.074E+02 2.000E+05
 3.26981644E-01  13371.5 7.379E+01 1.931E+13 8.710E-01 1.117E+02 2.000E+05
 4.16616287E-01  13845.7 9.194E+01 2.339E+13 8.919E-01 1.154E+02 2.000E+05
 5.33815908E-01  14402.7 1.153E+02 2.843E+13 9.062E-01 1.181E+02 2.000E+05
 6.88600742E-01  15054.3 1.459E+02 3.466E+13 9.104E-01 1.193E+02 2.000E+05
 8.94974270E-01  15788.0 1.865E+02 4.247E+13 9.068E-01 1.191E+02 2.000E+05
 1.17238953E+00  16623.5 2.413E+02 5.236E+13 8.965E-01 1.179E+02 2.000E+05
 1.54690790E+00  17562.9 3.160E+02 6.499E+13 8.847E-01 1.161E+02 2.000E+05
 2.05192365E+00  18602.8 4.175E+02 8.113E+13 8.774E-01 1.143E+02 2.000E+05
 2.72854506E+00  19742.0 5.546E+02 1.016E+14 8.766E-01 1.130E+02 2.000E+05
 3.62773584E+00  20980.9 7.376E+02 1.272E+14 8.834E-01 1.126E+02 2.000E+05
 4.81206361E+00  22321.5 9.785E+02 1.586E+14 8.983E-01 1.132E+02 2.000E+05
 6.35809515E+00  23779.0 1.291E+03 1.964E+14 9.214E-01 1.151E+02 2.000E+05
 8.36003313E+00  25360.7 1.691E+03 2.412E+14 9.523E-01 1.181E+02 2.000E+05
 1.09327598E+01  27083.9 2.195E+03 2.932E+14 9.919E-01 1.225E+02 2.000E+05
 1.42143836E+01  28957.3 2.822E+03 3.526E+14 1.041E+00 1.280E+02 2.000E+05
 1.83644429E+01  30995.1 3.588E+03 4.195E+14 1.103E+00 1.353E+02 2.000E+05
 2.35461600E+01  33204.1 4.499E+03 4.932E+14 1.187E+00 1.454E+02 2.000E+05
 2.99269931E+01  35611.0 5.550E+03 5.727E+14 1.292E+00 1.577E+02 2.000E+05
 3.78644000E+01  38220.1 6.773E+03 6.591E+14 1.353E+00 1.651E+02 2.000E+05
 4.84443637E+01  41077.7 8.389E+03 7.658E+14 1.302E+00 1.611E+02 2.000E+05
 6.33506448E+01  44122.8 1.078E+04 9.197E+14 1.213E+00 1.501E+02 2.000E+05
 8.45685850E+01  47342.0 1.440E+04 1.146E+15 1.141E+00 1.415E+02 2.000E+05
PRADK 1.1769E+02
BEGIN                    ITERATION   6 COMPLETED
