EFF  10000.  GRAVITY 3.50000 LTE 
ITLE SDSC GRID  [-5.0]   VTURB 2.0 KM/S                                        
OPACITY IFOP 1 1 1 1 1 1 1 1 1 1 1 1 1 0 1 0 0 0 0 0
CONVECTION OFF  1.00 TURBULENCE OFF  0.00  0.00  0.00  0.00
BUNDANCE SCALE   0.00001 ABUNDANCE CHANGE 1 0.91100 2 0.08900
ABUNDANCE CHANGE  3 -10.88  4 -10.89  5  -9.44  6  -3.48  7  -3.99  8  -3.11
ABUNDANCE CHANGE  9  -7.48 10  -3.95 11  -5.71 12  -4.46 13  -5.57 14  -4.49
ABUNDANCE CHANGE 15  -6.59 16  -4.83 17  -6.54 18  -5.48 19  -6.82 20  -5.68
ABUNDANCE CHANGE 21  -8.94 22  -7.05 23  -8.04 24  -6.37 25  -6.65 26  -4.37
ABUNDANCE CHANGE 27  -7.12 28  -5.79 29  -7.83 30  -7.44 31  -9.16 32  -8.63
ABUNDANCE CHANGE 33  -9.67 34  -8.69 35  -9.41 36  -8.81 37  -9.44 38  -9.14
ABUNDANCE CHANGE 39  -9.80 40  -9.54 41 -10.62 42 -10.12 43 -20.00 44 -10.20
ABUNDANCE CHANGE 45 -10.92 46 -10.35 47 -11.10 48 -10.18 49 -10.58 50 -10.04
ABUNDANCE CHANGE 51 -11.04 52  -9.80 53 -10.53 54  -9.81 55 -10.92 56  -9.91
ABUNDANCE CHANGE 57 -10.82 58 -10.49 59 -11.33 60 -10.54 61 -20.00 62 -11.04
ABUNDANCE CHANGE 63 -11.53 64 -10.92 65 -11.94 66 -10.94 67 -11.78 68 -11.11
ABUNDANCE CHANGE 69 -12.04 70 -10.96 71 -11.28 72 -11.16 73 -11.91 74 -10.93
ABUNDANCE CHANGE 75 -11.77 76 -10.59 77 -10.69 78 -10.24 79 -11.03 80 -10.95
ABUNDANCE CHANGE 81 -11.14 82 -10.19 83 -11.33 84 -20.00 85 -20.00 86 -20.00
ABUNDANCE CHANGE 87 -20.00 88 -20.00 89 -20.00 90 -11.92 91 -20.00 92 -12.51
ABUNDANCE CHANGE 93 -20.00 94 -20.00 95 -20.00 96 -20.00 97 -20.00 98 -20.00
ABUNDANCE CHANGE 99 -20.00
EAD DECK6 64 RHOX,T,P,XNE,ABROSS,ACCRAD,VTURB
6.19028914E-06   6771.9 1.954E-02 9.501E+09 2.841E-01 5.829E+00 2.000E+05
6.42025891E-06   6957.1 2.027E-02 9.804E+09 2.841E-01 5.717E+00 2.000E+05
8.34050733E-06   6958.1 2.633E-02 1.264E+10 2.832E-01 5.765E+00 2.000E+05
1.11351243E-05   6970.4 3.515E-02 1.671E+10 2.826E-01 5.827E+00 2.000E+05
1.48671879E-05   6995.6 4.693E-02 2.204E+10 2.827E-01 5.899E+00 2.000E+05
1.98418735E-05   7017.7 6.263E-02 2.901E+10 2.827E-01 5.989E+00 2.000E+05
2.64815559E-05   7034.6 8.359E-02 3.809E+10 2.823E-01 6.116E+00 2.000E+05
3.53545552E-05   7049.1 1.116E-01 4.987E+10 2.815E-01 6.278E+00 2.000E+05
4.72217351E-05   7065.4 1.490E-01 6.511E+10 2.806E-01 6.464E+00 2.000E+05
6.31055775E-05   7080.4 1.992E-01 8.469E+10 2.794E-01 6.706E+00 2.000E+05
8.43623196E-05   7101.1 2.662E-01 1.099E+11 2.789E-01 6.998E+00 2.000E+05
1.12673371E-04   7129.9 3.556E-01 1.424E+11 2.802E-01 7.320E+00 2.000E+05
1.50017150E-04   7171.3 4.734E-01 1.844E+11 2.849E-01 7.653E+00 2.000E+05
1.98760587E-04   7217.9 6.271E-01 2.378E+11 2.923E-01 8.054E+00 2.000E+05
2.61711979E-04   7272.7 8.257E-01 3.057E+11 3.038E-01 8.534E+00 2.000E+05
3.41915150E-04   7335.9 1.079E+00 3.917E+11 3.200E-01 9.056E+00 2.000E+05
4.42773712E-04   7406.3 1.397E+00 4.995E+11 3.414E-01 9.562E+00 2.000E+05
5.68816712E-04   7468.4 1.794E+00 6.300E+11 3.636E-01 1.009E+01 2.000E+05
7.26948594E-04   7519.3 2.292E+00 7.862E+11 3.854E-01 1.066E+01 2.000E+05
9.27225029E-04   7551.1 2.923E+00 9.688E+11 4.031E-01 1.129E+01 2.000E+05
1.18416842E-03   7569.5 3.733E+00 1.183E+12 4.168E-01 1.196E+01 2.000E+05
1.51714441E-03   7579.3 4.782E+00 1.436E+12 4.275E-01 1.268E+01 2.000E+05
1.95025032E-03   7588.2 6.146E+00 1.737E+12 4.385E-01 1.348E+01 2.000E+05
2.51165600E-03   7600.5 7.913E+00 2.101E+12 4.524E-01 1.434E+01 2.000E+05
3.23537082E-03   7614.8 1.019E+01 2.535E+12 4.692E-01 1.527E+01 2.000E+05
4.15741165E-03   7640.3 1.309E+01 3.072E+12 4.955E-01 1.625E+01 2.000E+05
5.32070049E-03   7664.3 1.675E+01 3.699E+12 5.239E-01 1.725E+01 2.000E+05
6.78146273E-03   7691.4 2.134E+01 4.445E+12 5.587E-01 1.839E+01 2.000E+05
8.60321657E-03   7719.8 2.707E+01 5.320E+12 5.988E-01 1.964E+01 2.000E+05
1.08621105E-02   7750.8 3.417E+01 6.354E+12 6.463E-01 2.104E+01 2.000E+05
1.36402096E-02   7786.2 4.289E+01 7.584E+12 7.038E-01 2.262E+01 2.000E+05
1.70313112E-02   7824.1 5.354E+01 9.032E+12 7.713E-01 2.444E+01 2.000E+05
2.11357109E-02   7867.3 6.641E+01 1.076E+13 8.542E-01 2.662E+01 2.000E+05
2.60466083E-02   7917.3 8.180E+01 1.284E+13 9.581E-01 2.929E+01 2.000E+05
3.18470409E-02   7975.1 9.997E+01 1.534E+13 1.089E+00 3.258E+01 2.000E+05
3.85858822E-02   8045.8 1.210E+02 1.845E+13 1.262E+00 3.680E+01 2.000E+05
4.62800390E-02   8126.9 1.451E+02 2.224E+13 1.485E+00 4.211E+01 2.000E+05
5.49156379E-02   8224.5 1.720E+02 2.698E+13 1.782E+00 4.885E+01 2.000E+05
6.44256869E-02   8337.8 2.016E+02 3.285E+13 2.176E+00 5.763E+01 2.000E+05
7.47003471E-02   8471.1 2.334E+02 4.019E+13 2.714E+00 6.927E+01 2.000E+05
8.55837727E-02   8627.1 2.670E+02 4.933E+13 3.446E+00 8.475E+01 2.000E+05
9.69353247E-02   8810.1 3.018E+02 6.065E+13 4.428E+00 1.046E+02 2.000E+05
1.08693031E-01   9022.8 3.376E+02 7.436E+13 5.702E+00 1.291E+02 2.000E+05
1.20883808E-01   9268.7 3.744E+02 9.043E+13 7.285E+00 1.587E+02 2.000E+05
1.33829981E-01   9551.9 4.131E+02 1.085E+14 9.007E+00 1.886E+02 2.000E+05
1.48111794E-01   9877.6 4.554E+02 1.278E+14 1.062E+01 2.154E+02 2.000E+05
1.64844273E-01  10252.3 5.045E+02 1.477E+14 1.166E+01 2.303E+02 2.000E+05
1.85960472E-01  10681.8 5.664E+02 1.683E+14 1.191E+01 2.311E+02 2.000E+05
2.14451519E-01  11177.9 6.501E+02 1.913E+14 1.145E+01 2.211E+02 2.000E+05
2.55012478E-01  11748.7 7.697E+02 2.201E+14 1.048E+01 2.026E+02 2.000E+05
3.14878124E-01  12403.4 9.475E+02 2.597E+14 9.398E+00 1.832E+02 2.000E+05
4.04083552E-01  13149.4 1.214E+03 3.160E+14 8.418E+00 1.651E+02 2.000E+05
5.36039263E-01  13985.6 1.611E+03 3.962E+14 7.651E+00 1.500E+02 2.000E+05
7.26686460E-01  14902.5 2.186E+03 5.078E+14 7.168E+00 1.393E+02 2.000E+05
9.93498284E-01  15898.1 2.994E+03 6.583E+14 6.931E+00 1.333E+02 2.000E+05
1.35636904E+00  16973.6 4.093E+03 8.531E+14 6.859E+00 1.304E+02 2.000E+05
1.84507309E+00  18138.1 5.576E+03 1.098E+15 6.792E+00 1.284E+02 2.000E+05
2.50419739E+00  19405.3 7.576E+03 1.403E+15 6.703E+00 1.262E+02 2.000E+05
3.39286511E+00  20774.9 1.027E+04 1.782E+15 6.656E+00 1.250E+02 2.000E+05
4.58091420E+00  22267.3 1.388E+04 2.250E+15 6.671E+00 1.249E+02 2.000E+05
6.14839563E+00  23873.0 1.864E+04 2.820E+15 6.793E+00 1.266E+02 2.000E+05
8.18971271E+00  25617.9 2.484E+04 3.502E+15 6.996E+00 1.296E+02 2.000E+05
1.08120515E+01  27493.0 3.278E+04 4.308E+15 7.305E+00 1.338E+02 2.000E+05
1.41425531E+01  29518.2 4.287E+04 5.248E+15 7.718E+00 1.318E+02 2.000E+05
RADK 1.7847E+01
EGIN                    ITERATION   6 COMPLETED
