EFF  19000.  GRAVITY 3.50000 LTE 
ITLE SDSC GRID  [-1.5]   VTURB 2.0 KM/S                                        
OPACITY IFOP 1 1 1 1 1 1 1 1 1 1 1 1 1 0 1 0 0 0 0 0
CONVECTION OFF  1.00 TURBULENCE OFF  0.00  0.00  0.00  0.00
BUNDANCE SCALE   0.03162 ABUNDANCE CHANGE 1 0.91100 2 0.08900
ABUNDANCE CHANGE  3 -10.88  4 -10.89  5  -9.44  6  -3.48  7  -3.99  8  -3.11
ABUNDANCE CHANGE  9  -7.48 10  -3.95 11  -5.71 12  -4.46 13  -5.57 14  -4.49
ABUNDANCE CHANGE 15  -6.59 16  -4.83 17  -6.54 18  -5.48 19  -6.82 20  -5.68
ABUNDANCE CHANGE 21  -8.94 22  -7.05 23  -8.04 24  -6.37 25  -6.65 26  -4.37
ABUNDANCE CHANGE 27  -7.12 28  -5.79 29  -7.83 30  -7.44 31  -9.16 32  -8.63
ABUNDANCE CHANGE 33  -9.67 34  -8.69 35  -9.41 36  -8.81 37  -9.44 38  -9.14
ABUNDANCE CHANGE 39  -9.80 40  -9.54 41 -10.62 42 -10.12 43 -20.00 44 -10.20
ABUNDANCE CHANGE 45 -10.92 46 -10.35 47 -11.10 48 -10.18 49 -10.58 50 -10.04
ABUNDANCE CHANGE 51 -11.04 52  -9.80 53 -10.53 54  -9.81 55 -10.92 56  -9.91
ABUNDANCE CHANGE 57 -10.82 58 -10.49 59 -11.33 60 -10.54 61 -20.00 62 -11.04
ABUNDANCE CHANGE 63 -11.53 64 -10.92 65 -11.94 66 -10.94 67 -11.78 68 -11.11
ABUNDANCE CHANGE 69 -12.04 70 -10.96 71 -11.28 72 -11.16 73 -11.91 74 -10.93
ABUNDANCE CHANGE 75 -11.77 76 -10.59 77 -10.69 78 -10.24 79 -11.03 80 -10.95
ABUNDANCE CHANGE 81 -11.14 82 -10.19 83 -11.33 84 -20.00 85 -20.00 86 -20.00
ABUNDANCE CHANGE 87 -20.00 88 -20.00 89 -20.00 90 -11.92 91 -20.00 92 -12.51
ABUNDANCE CHANGE 93 -20.00 94 -20.00 95 -20.00 96 -20.00 97 -20.00 98 -20.00
ABUNDANCE CHANGE 99 -20.00
EAD DECK6 64 RHOX,T,P,XNE,ABROSS,ACCRAD,VTURB
5.64498014E-06  10525.8 1.737E-02 5.907E+09 3.120E-01 8.624E+01 2.000E+05
5.69253201E-06  10581.8 1.751E-02 5.933E+09 3.120E-01 8.611E+01 2.000E+05
7.59418474E-06  10582.8 2.336E-02 7.894E+09 3.109E-01 8.688E+01 2.000E+05
1.01406268E-05  10583.8 3.119E-02 1.051E+10 3.098E-01 8.777E+01 2.000E+05
1.35438253E-05  10648.8 4.166E-02 1.393E+10 3.098E-01 8.842E+01 2.000E+05
1.80858093E-05  10671.3 5.561E-02 1.852E+10 3.092E-01 8.931E+01 2.000E+05
2.41511376E-05  10716.7 7.425E-02 2.457E+10 3.091E-01 9.034E+01 2.000E+05
3.22387722E-05  10758.0 9.909E-02 3.259E+10 3.092E-01 9.161E+01 2.000E+05
4.30117390E-05  10818.4 1.322E-01 4.316E+10 3.099E-01 9.289E+01 2.000E+05
5.73365365E-05  10879.6 1.761E-01 5.711E+10 3.109E-01 9.440E+01 2.000E+05
7.63595928E-05  10948.6 2.345E-01 7.546E+10 3.125E-01 9.611E+01 2.000E+05
1.01575733E-04  11022.9 3.118E-01 9.955E+10 3.146E-01 9.800E+01 2.000E+05
1.34928295E-04  11114.9 4.139E-01 1.310E+11 3.176E-01 9.961E+01 2.000E+05
1.78935809E-04  11211.3 5.487E-01 1.721E+11 3.213E-01 1.012E+02 2.000E+05
2.36856750E-04  11322.8 7.259E-01 2.254E+11 3.261E-01 1.023E+02 2.000E+05
3.12870655E-04  11431.6 9.585E-01 2.947E+11 3.319E-01 1.037E+02 2.000E+05
4.12316165E-04  11542.8 1.263E+00 3.844E+11 3.388E-01 1.053E+02 2.000E+05
5.41989726E-04  11652.1 1.659E+00 5.002E+11 3.471E-01 1.073E+02 2.000E+05
7.10450839E-04  11760.1 2.173E+00 6.492E+11 3.569E-01 1.098E+02 2.000E+05
9.28427813E-04  11870.5 2.838E+00 8.397E+11 3.686E-01 1.126E+02 2.000E+05
1.20926395E-03  11986.4 3.694E+00 1.082E+12 3.823E-01 1.157E+02 2.000E+05
1.56949065E-03  12107.8 4.791E+00 1.390E+12 3.984E-01 1.189E+02 2.000E+05
2.02950016E-03  12231.1 6.190E+00 1.777E+12 4.169E-01 1.222E+02 2.000E+05
2.61434038E-03  12355.5 7.967E+00 2.265E+12 4.382E-01 1.257E+02 2.000E+05
3.35453905E-03  12478.8 1.021E+01 2.874E+12 4.628E-01 1.297E+02 2.000E+05
4.28687497E-03  12600.8 1.304E+01 3.634E+12 4.911E-01 1.343E+02 2.000E+05
5.45495624E-03  12717.3 1.657E+01 4.576E+12 5.242E-01 1.402E+02 2.000E+05
6.91028524E-03  12824.4 2.097E+01 5.738E+12 5.625E-01 1.473E+02 2.000E+05
8.71351032E-03  12920.7 2.639E+01 7.166E+12 6.070E-01 1.565E+02 2.000E+05
1.09357514E-02  13008.4 3.306E+01 8.909E+12 6.584E-01 1.683E+02 2.000E+05
1.36611287E-02  13095.3 4.120E+01 1.102E+13 7.173E-01 1.831E+02 2.000E+05
1.69917314E-02  13185.3 5.109E+01 1.357E+13 7.836E-01 2.004E+02 2.000E+05
2.10544342E-02  13284.7 6.309E+01 1.662E+13 8.570E-01 2.203E+02 2.000E+05
2.60083407E-02  13397.2 7.760E+01 2.027E+13 9.370E-01 2.423E+02 2.000E+05
3.20524440E-02  13524.2 9.518E+01 2.463E+13 1.024E+00 2.668E+02 2.000E+05
3.94455507E-02  13681.3 1.165E+02 2.982E+13 1.114E+00 2.932E+02 2.000E+05
4.85272306E-02  13867.6 1.424E+02 3.600E+13 1.206E+00 3.208E+02 2.000E+05
5.97396222E-02  14088.5 1.741E+02 4.340E+13 1.299E+00 3.492E+02 2.000E+05
7.36730908E-02  14361.2 2.131E+02 5.225E+13 1.389E+00 3.779E+02 2.000E+05
9.11178187E-02  14685.5 2.614E+02 6.290E+13 1.474E+00 4.056E+02 2.000E+05
1.13150176E-01  15071.4 3.219E+02 7.577E+13 1.549E+00 4.309E+02 2.000E+05
1.41258361E-01  15532.1 3.983E+02 9.140E+13 1.611E+00 4.525E+02 2.000E+05
1.77494144E-01  16071.4 4.962E+02 1.105E+14 1.658E+00 4.695E+02 2.000E+05
2.24669611E-01  16699.5 6.229E+02 1.340E+14 1.691E+00 4.814E+02 2.000E+05
2.86685097E-01  17420.3 7.889E+02 1.631E+14 1.708E+00 4.873E+02 2.000E+05
3.68783282E-01  18239.9 1.008E+03 1.995E+14 1.718E+00 4.885E+02 2.000E+05
4.77506153E-01  19159.4 1.299E+03 2.449E+14 1.732E+00 4.880E+02 2.000E+05
6.21178527E-01  20175.7 1.684E+03 3.015E+14 1.749E+00 4.857E+02 2.000E+05
8.10574611E-01  21285.9 2.191E+03 3.720E+14 1.773E+00 4.821E+02 2.000E+05
1.05869268E+00  22492.6 2.856E+03 4.590E+14 1.812E+00 4.826E+02 2.000E+05
1.38144131E+00  23797.6 3.720E+03 5.652E+14 1.863E+00 4.849E+02 2.000E+05
1.79838312E+00  25215.1 4.835E+03 6.933E+14 1.932E+00 4.935E+02 2.000E+05
2.33177741E+00  26758.0 6.254E+03 8.452E+14 2.023E+00 5.090E+02 2.000E+05
3.00942718E+00  28442.8 8.046E+03 1.023E+15 2.128E+00 5.296E+02 2.000E+05
3.86354109E+00  30287.6 1.028E+04 1.228E+15 2.264E+00 5.591E+02 2.000E+05
4.92902185E+00  32303.6 1.304E+04 1.461E+15 2.431E+00 5.969E+02 2.000E+05
6.24313211E+00  34508.3 1.637E+04 1.723E+15 2.646E+00 6.478E+02 2.000E+05
7.84204361E+00  36913.6 2.034E+04 2.014E+15 2.916E+00 7.101E+02 2.000E+05
9.78430572E+00  39540.3 2.504E+04 2.339E+15 3.170E+00 7.695E+02 2.000E+05
1.22618052E+01  42418.7 3.096E+04 2.722E+15 3.177E+00 7.742E+02 2.000E+05
1.57118788E+01  45527.8 3.929E+04 3.238E+15 2.929E+00 7.203E+02 2.000E+05
2.07544320E+01  48837.5 5.178E+04 3.989E+15 2.655E+00 6.529E+02 2.000E+05
2.81280829E+01  52401.1 7.052E+04 5.069E+15 2.430E+00 5.948E+02 2.000E+05
3.87254252E+01  56192.8 9.789E+04 6.565E+15 2.256E+00 5.659E+02 2.000E+05
RADK 2.3474E+02
EGIN                    ITERATION   6 COMPLETED
