TEFF   4750.  GRAVITY 4.50000 LTE 
TITLE SDSC GRID  [+0.1]   VTURB 2.0 KM/S    L/H 1.25                            
 OPACITY IFOP 1 1 1 1 1 1 1 1 1 1 1 1 1 0 1 0 0 0 0 0
 CONVECTION ON   1.25 TURBULENCE OFF  0.00  0.00  0.00  0.00
ABUNDANCE SCALE   1.25890 ABUNDANCE CHANGE 1 0.91100 2 0.08900
 ABUNDANCE CHANGE  3 -10.88  4 -10.89  5  -9.44  6  -3.48  7  -3.99  8  -3.11
 ABUNDANCE CHANGE  9  -7.48 10  -3.95 11  -5.71 12  -4.46 13  -5.57 14  -4.49
 ABUNDANCE CHANGE 15  -6.59 16  -4.83 17  -6.54 18  -5.48 19  -6.82 20  -5.68
 ABUNDANCE CHANGE 21  -8.94 22  -7.05 23  -8.04 24  -6.37 25  -6.65 26  -4.37
 ABUNDANCE CHANGE 27  -7.12 28  -5.79 29  -7.83 30  -7.44 31  -9.16 32  -8.63
 ABUNDANCE CHANGE 33  -9.67 34  -8.69 35  -9.41 36  -8.81 37  -9.44 38  -9.14
 ABUNDANCE CHANGE 39  -9.80 40  -9.54 41 -10.62 42 -10.12 43 -20.00 44 -10.20
 ABUNDANCE CHANGE 45 -10.92 46 -10.35 47 -11.10 48 -10.18 49 -10.58 50 -10.04
 ABUNDANCE CHANGE 51 -11.04 52  -9.80 53 -10.53 54  -9.81 55 -10.92 56  -9.91
 ABUNDANCE CHANGE 57 -10.82 58 -10.49 59 -11.33 60 -10.54 61 -20.00 62 -11.04
 ABUNDANCE CHANGE 63 -11.53 64 -10.92 65 -11.94 66 -10.94 67 -11.78 68 -11.11
 ABUNDANCE CHANGE 69 -12.04 70 -10.96 71 -11.28 72 -11.16 73 -11.91 74 -10.93
 ABUNDANCE CHANGE 75 -11.77 76 -10.59 77 -10.69 78 -10.24 79 -11.03 80 -10.95
 ABUNDANCE CHANGE 81 -11.14 82 -10.19 83 -11.33 84 -20.00 85 -20.00 86 -20.00
 ABUNDANCE CHANGE 87 -20.00 88 -20.00 89 -20.00 90 -11.92 91 -20.00 92 -12.51
 ABUNDANCE CHANGE 93 -20.00 94 -20.00 95 -20.00 96 -20.00 97 -20.00 98 -20.00
 ABUNDANCE CHANGE 99 -20.00
READ DECK6 72 RHOX,T,P,XNE,ABROSS,ACCRAD,VTURB
 1.43530503E-03   2924.7 4.539E+01 1.395E+09 9.291E-05 2.615E-02 2.000E+05 0.000E+00 0.000E+00
 1.86707218E-03   2952.9 5.904E+01 1.818E+09 1.131E-04 2.686E-02 2.000E+05 0.000E+00 0.000E+00
 2.34391414E-03   2979.3 7.412E+01 2.299E+09 1.357E-04 2.701E-02 2.000E+05 0.000E+00 0.000E+00
 2.87692895E-03   3005.0 9.098E+01 2.852E+09 1.611E-04 2.715E-02 2.000E+05 0.000E+00 0.000E+00
 3.47677141E-03   3030.4 1.099E+02 3.495E+09 1.907E-04 2.717E-02 2.000E+05 0.000E+00 0.000E+00
 4.15331186E-03   3055.6 1.313E+02 4.242E+09 2.252E-04 2.707E-02 2.000E+05 0.000E+00 0.000E+00
 4.91871470E-03   3080.8 1.555E+02 5.114E+09 2.650E-04 2.697E-02 2.000E+05 0.000E+00 0.000E+00
 5.78771171E-03   3105.7 1.830E+02 6.132E+09 3.108E-04 2.687E-02 2.000E+05 0.000E+00 0.000E+00
 6.77683615E-03   3130.8 2.143E+02 7.324E+09 3.637E-04 2.676E-02 2.000E+05 0.000E+00 0.000E+00
 7.90498013E-03   3156.0 2.500E+02 8.721E+09 4.249E-04 2.668E-02 2.000E+05 0.000E+00 0.000E+00
 9.19188500E-03   3181.4 2.907E+02 1.037E+10 4.971E-04 2.657E-02 2.000E+05 0.000E+00 0.000E+00
 1.06596013E-02   3206.7 3.371E+02 1.229E+10 5.809E-04 2.643E-02 2.000E+05 0.000E+00 0.000E+00
 1.23348841E-02   3232.0 3.901E+02 1.453E+10 6.784E-04 2.628E-02 2.000E+05 0.000E+00 0.000E+00
 1.42498189E-02   3257.2 4.506E+02 1.715E+10 7.907E-04 2.615E-02 2.000E+05 0.000E+00 0.000E+00
 1.64422524E-02   3282.4 5.200E+02 2.021E+10 9.203E-04 2.604E-02 2.000E+05 0.000E+00 0.000E+00
 1.89564423E-02   3307.4 5.995E+02 2.377E+10 1.069E-03 2.597E-02 2.000E+05 0.000E+00 0.000E+00
 2.18391058E-02   3332.5 6.906E+02 2.793E+10 1.245E-03 2.598E-02 2.000E+05 0.000E+00 0.000E+00
 2.51448238E-02   3357.4 7.952E+02 3.277E+10 1.446E-03 2.604E-02 2.000E+05 0.000E+00 0.000E+00
 2.89419425E-02   3382.1 9.152E+02 3.838E+10 1.678E-03 2.617E-02 2.000E+05 0.000E+00 0.000E+00
 3.33084772E-02   3406.8 1.053E+03 4.492E+10 1.945E-03 2.638E-02 2.000E+05 0.000E+00 0.000E+00
 3.83307631E-02   3431.5 1.212E+03 5.253E+10 2.255E-03 2.668E-02 2.000E+05 0.000E+00 0.000E+00
 4.41111404E-02   3456.2 1.395E+03 6.137E+10 2.611E-03 2.707E-02 2.000E+05 0.000E+00 0.000E+00
 5.07659355E-02   3481.1 1.605E+03 7.169E+10 3.026E-03 2.756E-02 2.000E+05 0.000E+00 0.000E+00
 5.84232528E-02   3506.1 1.848E+03 8.370E+10 3.507E-03 2.815E-02 2.000E+05 0.000E+00 0.000E+00
 6.72404534E-02   3531.1 2.126E+03 9.762E+10 4.058E-03 2.881E-02 2.000E+05 0.000E+00 0.000E+00
 7.74042312E-02   3556.1 2.448E+03 1.138E+11 4.693E-03 2.956E-02 2.000E+05 0.000E+00 0.000E+00
 8.91317854E-02   3581.0 2.819E+03 1.326E+11 5.421E-03 3.041E-02 2.000E+05 0.000E+00 0.000E+00
 1.02673794E-01   3606.1 3.247E+03 1.544E+11 6.260E-03 3.140E-02 2.000E+05 0.000E+00 0.000E+00
 1.18311046E-01   3631.2 3.741E+03 1.797E+11 7.230E-03 3.261E-02 2.000E+05 0.000E+00 0.000E+00
 1.36353841E-01   3656.6 4.312E+03 2.091E+11 8.360E-03 3.402E-02 2.000E+05 0.000E+00 0.000E+00
 1.57181884E-01   3681.7 4.971E+03 2.431E+11 9.648E-03 3.558E-02 2.000E+05 0.000E+00 0.000E+00
 1.81261508E-01   3706.6 5.732E+03 2.823E+11 1.112E-02 3.735E-02 2.000E+05 0.000E+00 0.000E+00
 2.09136576E-01   3731.3 6.613E+03 3.275E+11 1.280E-02 3.933E-02 2.000E+05 0.000E+00 0.000E+00
 2.41443770E-01   3755.8 7.635E+03 3.797E+11 1.473E-02 4.159E-02 2.000E+05 0.000E+00 0.000E+00
 2.78923299E-01   3780.2 8.820E+03 4.399E+11 1.692E-02 4.415E-02 2.000E+05 0.000E+00 0.000E+00
 3.22434563E-01   3804.7 1.020E+04 5.096E+11 1.944E-02 4.712E-02 2.000E+05 0.000E+00 0.000E+00
 3.72878974E-01   3830.0 1.179E+04 5.912E+11 2.238E-02 5.070E-02 2.000E+05 0.000E+00 0.000E+00
 4.31303351E-01   3855.5 1.364E+04 6.857E+11 2.576E-02 5.472E-02 2.000E+05 0.000E+00 0.000E+00
 4.98987006E-01   3881.5 1.578E+04 7.958E+11 2.966E-02 5.932E-02 2.000E+05 0.000E+00 0.000E+00
 5.77350817E-01   3908.4 1.826E+04 9.246E+11 3.417E-02 6.460E-02 2.000E+05 0.000E+00 0.000E+00
 6.67994836E-01   3936.4 2.112E+04 1.076E+12 3.942E-02 7.068E-02 2.000E+05 0.000E+00 0.000E+00
 7.72664648E-01   3966.2 2.443E+04 1.256E+12 4.558E-02 7.774E-02 2.000E+05 0.000E+00 0.000E+00
 8.93189617E-01   3998.4 2.825E+04 1.471E+12 5.288E-02 8.601E-02 2.000E+05 0.000E+00 0.000E+00
 1.03142636E+00   4033.9 3.262E+04 1.731E+12 6.163E-02 9.587E-02 2.000E+05 0.000E+00 0.000E+00
 1.18915168E+00   4073.8 3.760E+04 2.050E+12 7.223E-02 1.078E-01 2.000E+05 0.000E+00 0.000E+00
 1.36804897E+00   4118.9 4.326E+04 2.445E+12 8.518E-02 1.220E-01 2.000E+05 0.000E+00 0.000E+00
 1.56964100E+00   4170.4 4.964E+04 2.941E+12 1.012E-01 1.391E-01 2.000E+05 0.000E+00 0.000E+00
 1.79513340E+00   4230.0 5.677E+04 3.572E+12 1.211E-01 1.597E-01 2.000E+05 0.000E+00 0.000E+00
 2.04542797E+00   4298.7 6.468E+04 4.382E+12 1.460E-01 1.847E-01 2.000E+05 0.000E+00 0.000E+00
 2.32123918E+00   4378.3 7.340E+04 5.429E+12 1.772E-01 2.153E-01 2.000E+05 0.000E+00 0.000E+00
 2.62341885E+00   4470.8 8.296E+04 6.791E+12 2.162E-01 2.520E-01 2.000E+05 0.000E+00 0.000E+00
 2.95312860E+00   4578.0 9.339E+04 8.559E+12 2.644E-01 2.967E-01 2.000E+05 0.000E+00 0.000E+00
 3.31310630E+00   4702.4 1.048E+05 1.084E+13 3.221E-01 3.482E-01 2.000E+05 6.638E-10 0.000E+00
 3.70877261E+00   4845.8 1.173E+05 1.371E+13 3.888E-01 4.068E-01 2.000E+05 1.885E-07 0.000E+00
 4.14935968E+00   5013.0 1.312E+05 1.730E+13 4.624E-01 4.707E-01 2.000E+05 1.057E-06 0.000E+00
 4.64974491E+00   5206.7 1.470E+05 2.172E+13 5.365E-01 5.317E-01 2.000E+05 6.697E-05 0.000E+00
 5.22747487E+00   5429.5 1.653E+05 2.738E+13 6.181E-01 6.026E-01 2.000E+05 2.148E-03 5.034E+02
 5.88976670E+00   5697.8 1.862E+05 3.621E+13 7.299E-01 6.763E-01 2.000E+05 2.726E-02 3.141E+03
 6.61348878E+00   5964.1 2.091E+05 5.108E+13 9.246E-01 7.794E-01 2.000E+05 1.047E-01 4.643E+03
 7.35164828E+00   6229.0 2.325E+05 7.685E+13 1.246E+00 9.432E-01 2.000E+05 1.992E-01 2.357E+04
 8.05691496E+00   6513.7 2.548E+05 1.232E+14 1.794E+00 1.214E+00 2.000E+05 2.898E-01 6.105E+04
 8.70137549E+00   6805.7 2.752E+05 2.008E+14 2.646E+00 1.587E+00 2.000E+05 3.708E-01 9.940E+04
 9.27639647E+00   7116.3 2.933E+05 3.313E+14 3.974E+00 1.998E+00 2.000E+05 4.631E-01 1.314E+05
 9.79711535E+00   7396.5 3.098E+05 5.098E+14 5.714E+00 2.152E+00 2.000E+05 6.135E-01 1.434E+05
 1.02931170E+01   7643.6 3.255E+05 7.331E+14 7.807E+00 2.165E+00 2.000E+05 7.134E-01 1.473E+05
 1.07853389E+01   7868.7 3.411E+05 1.006E+15 1.034E+01 2.154E+00 2.000E+05 7.844E-01 1.486E+05
 1.12881152E+01   8078.2 3.570E+05 1.335E+15 1.333E+01 2.123E+00 2.000E+05 8.344E-01 1.481E+05
 1.18126152E+01   8276.9 3.735E+05 1.729E+15 1.691E+01 2.083E+00 2.000E+05 8.734E-01 1.474E+05
 1.23671610E+01   8469.7 3.911E+05 2.201E+15 2.120E+01 2.016E+00 2.000E+05 9.000E-01 1.442E+05
 1.29618462E+01   8652.8 4.099E+05 2.751E+15 2.618E+01 1.958E+00 2.000E+05 9.237E-01 1.433E+05
 1.36030256E+01   8839.8 4.301E+05 3.425E+15 3.235E+01 1.877E+00 2.000E+05 9.391E-01 1.382E+05
 1.43025745E+01   9011.2 4.523E+05 4.171E+15 3.916E+01 1.919E+00 2.000E+05 9.491E-01 1.367E+05
PRADK 6.7894E-01
BEGIN                    ITERATION  15 COMPLETED
