TEFF   4750.  GRAVITY 2.50000 LTE 
TITLE SDSC GRID  [-0.3]   VTURB 2.0 KM/S    L/H 1.25                            
 OPACITY IFOP 1 1 1 1 1 1 1 1 1 1 1 1 1 0 1 0 0 0 0 0
 CONVECTION ON   1.25 TURBULENCE OFF  0.00  0.00  0.00  0.00
ABUNDANCE SCALE   0.50120 ABUNDANCE CHANGE 1 0.91100 2 0.08900
 ABUNDANCE CHANGE  3 -10.88  4 -10.89  5  -9.44  6  -3.48  7  -3.99  8  -3.11
 ABUNDANCE CHANGE  9  -7.48 10  -3.95 11  -5.71 12  -4.46 13  -5.57 14  -4.49
 ABUNDANCE CHANGE 15  -6.59 16  -4.83 17  -6.54 18  -5.48 19  -6.82 20  -5.68
 ABUNDANCE CHANGE 21  -8.94 22  -7.05 23  -8.04 24  -6.37 25  -6.65 26  -4.37
 ABUNDANCE CHANGE 27  -7.12 28  -5.79 29  -7.83 30  -7.44 31  -9.16 32  -8.63
 ABUNDANCE CHANGE 33  -9.67 34  -8.69 35  -9.41 36  -8.81 37  -9.44 38  -9.14
 ABUNDANCE CHANGE 39  -9.80 40  -9.54 41 -10.62 42 -10.12 43 -20.00 44 -10.20
 ABUNDANCE CHANGE 45 -10.92 46 -10.35 47 -11.10 48 -10.18 49 -10.58 50 -10.04
 ABUNDANCE CHANGE 51 -11.04 52  -9.80 53 -10.53 54  -9.81 55 -10.92 56  -9.91
 ABUNDANCE CHANGE 57 -10.82 58 -10.49 59 -11.33 60 -10.54 61 -20.00 62 -11.04
 ABUNDANCE CHANGE 63 -11.53 64 -10.92 65 -11.94 66 -10.94 67 -11.78 68 -11.11
 ABUNDANCE CHANGE 69 -12.04 70 -10.96 71 -11.28 72 -11.16 73 -11.91 74 -10.93
 ABUNDANCE CHANGE 75 -11.77 76 -10.59 77 -10.69 78 -10.24 79 -11.03 80 -10.95
 ABUNDANCE CHANGE 81 -11.14 82 -10.19 83 -11.33 84 -20.00 85 -20.00 86 -20.00
 ABUNDANCE CHANGE 87 -20.00 88 -20.00 89 -20.00 90 -11.92 91 -20.00 92 -12.51
 ABUNDANCE CHANGE 93 -20.00 94 -20.00 95 -20.00 96 -20.00 97 -20.00 98 -20.00
 ABUNDANCE CHANGE 99 -20.00
READ DECK6 72 RHOX,T,P,XNE,ABROSS,ACCRAD,VTURB
 9.13659558E-03   2705.9 2.889E+00 5.183E+07 1.460E-05 5.268E-03 2.000E+05 0.000E+00 0.000E+00
 1.19450133E-02   2754.0 3.777E+00 7.451E+07 1.708E-05 5.144E-03 2.000E+05 0.000E+00 0.000E+00
 1.51694793E-02   2794.2 4.797E+00 1.019E+08 1.971E-05 5.012E-03 2.000E+05 0.000E+00 0.000E+00
 1.88906203E-02   2833.8 5.974E+00 1.368E+08 2.280E-05 4.892E-03 2.000E+05 0.000E+00 0.000E+00
 2.31816068E-02   2872.1 7.331E+00 1.807E+08 2.636E-05 4.783E-03 2.000E+05 0.000E+00 0.000E+00
 2.81249523E-02   2909.6 8.894E+00 2.356E+08 3.056E-05 4.681E-03 2.000E+05 0.000E+00 0.000E+00
 3.38079667E-02   2946.2 1.069E+01 3.034E+08 3.546E-05 4.592E-03 2.000E+05 0.000E+00 0.000E+00
 4.03405086E-02   2981.9 1.276E+01 3.863E+08 4.112E-05 4.507E-03 2.000E+05 0.000E+00 0.000E+00
 4.78568782E-02   3016.7 1.513E+01 4.872E+08 4.763E-05 4.431E-03 2.000E+05 0.000E+00 0.000E+00
 5.65075323E-02   3050.8 1.787E+01 6.091E+08 5.520E-05 4.345E-03 2.000E+05 0.000E+00 0.000E+00
 6.64653545E-02   3084.2 2.102E+01 7.556E+08 6.392E-05 4.273E-03 2.000E+05 0.000E+00 0.000E+00
 7.79364841E-02   3116.9 2.465E+01 9.310E+08 7.397E-05 4.216E-03 2.000E+05 0.000E+00 0.000E+00
 9.11574217E-02   3149.2 2.883E+01 1.140E+09 8.558E-05 4.175E-03 2.000E+05 0.000E+00 0.000E+00
 1.06396279E-01   3181.0 3.365E+01 1.390E+09 9.901E-05 4.116E-03 2.000E+05 0.000E+00 0.000E+00
 1.23968381E-01   3212.1 3.920E+01 1.684E+09 1.144E-04 4.047E-03 2.000E+05 0.000E+00 0.000E+00
 1.44252771E-01   3242.5 4.562E+01 2.030E+09 1.321E-04 4.000E-03 2.000E+05 0.000E+00 0.000E+00
 1.67685825E-01   3272.5 5.303E+01 2.436E+09 1.525E-04 3.973E-03 2.000E+05 0.000E+00 0.000E+00
 1.94766188E-01   3302.1 6.159E+01 2.914E+09 1.760E-04 3.966E-03 2.000E+05 0.000E+00 0.000E+00
 2.26067183E-01   3331.5 7.149E+01 3.477E+09 2.030E-04 3.944E-03 2.000E+05 0.000E+00 0.000E+00
 2.62249057E-01   3360.7 8.293E+01 4.137E+09 2.342E-04 3.932E-03 2.000E+05 0.000E+00 0.000E+00
 3.04067921E-01   3389.7 9.615E+01 4.910E+09 2.702E-04 3.947E-03 2.000E+05 0.000E+00 0.000E+00
 3.52389909E-01   3418.6 1.114E+02 5.815E+09 3.119E-04 3.964E-03 2.000E+05 0.000E+00 0.000E+00
 4.08224626E-01   3447.4 1.291E+02 6.873E+09 3.599E-04 3.995E-03 2.000E+05 0.000E+00 0.000E+00
 4.72760154E-01   3476.2 1.495E+02 8.109E+09 4.152E-04 4.030E-03 2.000E+05 0.000E+00 0.000E+00
 5.47384162E-01   3505.1 1.731E+02 9.555E+09 4.786E-04 4.047E-03 2.000E+05 0.000E+00 0.000E+00
 6.33721642E-01   3533.6 2.004E+02 1.123E+10 5.516E-04 4.092E-03 2.000E+05 0.000E+00 0.000E+00
 7.33641274E-01   3561.9 2.320E+02 1.319E+10 6.355E-04 4.166E-03 2.000E+05 0.000E+00 0.000E+00
 8.49277696E-01   3590.1 2.686E+02 1.546E+10 7.323E-04 4.268E-03 2.000E+05 0.000E+00 0.000E+00
 9.83112957E-01   3618.2 3.109E+02 1.810E+10 8.436E-04 4.407E-03 2.000E+05 0.000E+00 0.000E+00
 1.13805861E+00   3647.0 3.599E+02 2.119E+10 9.715E-04 4.508E-03 2.000E+05 0.000E+00 0.000E+00
 1.31762249E+00   3675.4 4.167E+02 2.477E+10 1.117E-03 4.606E-03 2.000E+05 0.000E+00 0.000E+00
 1.52597660E+00   3703.1 4.825E+02 2.890E+10 1.283E-03 4.744E-03 2.000E+05 0.000E+00 0.000E+00
 1.76790096E+00   3730.3 5.591E+02 3.367E+10 1.473E-03 4.923E-03 2.000E+05 0.000E+00 0.000E+00
 2.04891047E+00   3757.0 6.479E+02 3.919E+10 1.691E-03 5.147E-03 2.000E+05 0.000E+00 0.000E+00
 2.37536955E+00   3783.5 7.511E+02 4.557E+10 1.941E-03 5.421E-03 2.000E+05 0.000E+00 0.000E+00
 2.75469361E+00   3810.2 8.711E+02 5.298E+10 2.228E-03 5.733E-03 2.000E+05 0.000E+00 0.000E+00
 3.19566862E+00   3837.1 1.011E+03 6.161E+10 2.555E-03 6.063E-03 2.000E+05 0.000E+00 0.000E+00
 3.70853744E+00   3864.2 1.173E+03 7.162E+10 2.929E-03 6.430E-03 2.000E+05 0.000E+00 0.000E+00
 4.30506177E+00   3891.2 1.361E+03 8.322E+10 3.358E-03 6.874E-03 2.000E+05 0.000E+00 0.000E+00
 4.99858242E+00   3918.6 1.581E+03 9.672E+10 3.854E-03 7.405E-03 2.000E+05 0.000E+00 0.000E+00
 5.80411529E+00   3947.0 1.835E+03 1.125E+11 4.427E-03 8.034E-03 2.000E+05 0.000E+00 0.000E+00
 6.73835869E+00   3977.0 2.131E+03 1.310E+11 5.094E-03 8.780E-03 2.000E+05 0.000E+00 0.000E+00
 7.82091872E+00   4009.7 2.473E+03 1.530E+11 5.863E-03 9.591E-03 2.000E+05 0.000E+00 0.000E+00
 9.07398636E+00   4045.2 2.869E+03 1.790E+11 6.763E-03 1.054E-02 2.000E+05 0.000E+00 0.000E+00
 1.05207576E+01   4084.7 3.327E+03 2.101E+11 7.821E-03 1.166E-02 2.000E+05 0.000E+00 0.000E+00
 1.21867683E+01   4129.5 3.854E+03 2.475E+11 9.068E-03 1.295E-02 2.000E+05 0.000E+00 0.000E+00
 1.41006095E+01   4180.7 4.459E+03 2.928E+11 1.053E-02 1.443E-02 2.000E+05 0.000E+00 0.000E+00
 1.62985906E+01   4239.5 5.154E+03 3.476E+11 1.223E-02 1.603E-02 2.000E+05 0.000E+00 0.000E+00
 1.88216188E+01   4307.5 5.952E+03 4.141E+11 1.422E-02 1.789E-02 2.000E+05 0.000E+00 0.000E+00
 2.17161895E+01   4386.8 6.867E+03 4.951E+11 1.652E-02 1.997E-02 2.000E+05 0.000E+00 0.000E+00
 2.50473603E+01   4478.3 7.920E+03 5.931E+11 1.908E-02 2.216E-02 2.000E+05 0.000E+00 0.000E+00
 2.88960119E+01   4585.2 9.137E+03 7.131E+11 2.200E-02 2.459E-02 2.000E+05 0.000E+00 0.000E+00
 3.33577730E+01   4708.3 1.055E+04 8.626E+11 2.527E-02 2.725E-02 2.000E+05 4.072E-14 0.000E+00
 3.85144108E+01   4855.1 1.218E+04 1.066E+12 2.936E-02 3.065E-02 2.000E+05 8.115E-10 0.000E+00
 4.43463911E+01   5020.2 1.402E+04 1.378E+12 3.533E-02 3.601E-02 2.000E+05 6.474E-06 0.000E+00
 5.04895372E+01   5239.3 1.597E+04 2.029E+12 4.741E-02 4.641E-02 2.000E+05 1.266E-03 0.000E+00
 5.62763724E+01   5471.1 1.779E+04 3.307E+12 6.969E-02 6.168E-02 2.000E+05 7.034E-02 7.527E+01
 6.15838796E+01   5665.4 1.947E+04 5.173E+12 1.002E-01 7.908E-02 2.000E+05 1.667E-01 1.323E+03
 6.64564424E+01   5873.0 2.101E+04 8.312E+12 1.479E-01 1.081E-01 2.000E+05 2.229E-01 8.804E+03
 7.07264259E+01   6122.1 2.236E+04 1.431E+13 2.323E-01 1.622E-01 2.000E+05 2.628E-01 3.153E+04
 7.42511706E+01   6410.9 2.348E+04 2.578E+13 3.838E-01 2.535E-01 2.000E+05 3.072E-01 6.768E+04
 7.70830677E+01   6719.9 2.437E+04 4.605E+13 6.394E-01 3.936E-01 2.000E+05 3.561E-01 1.045E+05
 7.93195016E+01   7059.0 2.508E+04 8.226E+13 1.091E+00 6.147E-01 2.000E+05 4.096E-01 1.790E+05
 8.10658730E+01   7403.3 2.563E+04 1.405E+14 1.838E+00 8.272E-01 2.000E+05 5.100E-01 2.784E+05
 8.25159396E+01   7686.5 2.609E+04 2.108E+14 2.790E+00 8.164E-01 2.000E+05 7.079E-01 3.090E+05
 8.38730368E+01   7896.7 2.651E+04 2.801E+14 3.785E+00 7.287E-01 2.000E+05 8.010E-01 3.091E+05
 8.52354082E+01   8083.2 2.694E+04 3.562E+14 4.938E+00 6.749E-01 2.000E+05 8.578E-01 3.072E+05
 8.66563429E+01   8246.0 2.739E+04 4.359E+14 6.211E+00 6.275E-01 2.000E+05 8.962E-01 3.061E+05
 8.81652739E+01   8407.3 2.787E+04 5.285E+14 7.768E+00 5.866E-01 2.000E+05 9.213E-01 3.007E+05
 8.97995321E+01   8550.3 2.838E+04 6.238E+14 9.445E+00 5.443E-01 2.000E+05 9.403E-01 2.973E+05
 9.15824454E+01   8703.2 2.895E+04 7.401E+14 1.159E+01 5.188E-01 2.000E+05 9.537E-01 2.930E+05
 9.35472068E+01   8839.1 2.957E+04 8.587E+14 1.387E+01 5.125E-01 2.000E+05 9.616E-01 2.882E+05
PRADK 6.7790E-01
BEGIN                    ITERATION  15 COMPLETED
