TEFF   9000.  GRAVITY 4.50000 LTE
TITLE SDSC GRID  [+0.5]   VTURB 2.0 KM/S
 OPACITY IFOP 1 1 1 1 1 1 1 1 1 1 1 1 1 0 1 0 0 0 0 0
 CONVECTION OFF  1.00 TURBULENCE OFF  0.00  0.00  0.00  0.00
ABUNDANCE SCALE   3.16200 ABUNDANCE CHANGE 1 0.91100 2 0.08900
 ABUNDANCE CHANGE  3 -10.88  4 -10.89  5  -9.44  6  -3.48  7  -3.99  8  -3.11
 ABUNDANCE CHANGE  9  -7.48 10  -3.95 11  -5.71 12  -4.46 13  -5.57 14  -4.49
 ABUNDANCE CHANGE 15  -6.59 16  -4.83 17  -6.54 18  -5.48 19  -6.82 20  -5.68
 ABUNDANCE CHANGE 21  -8.94 22  -7.05 23  -8.04 24  -6.37 25  -6.65 26  -4.37
 ABUNDANCE CHANGE 27  -7.12 28  -5.79 29  -7.83 30  -7.44 31  -9.16 32  -8.63
 ABUNDANCE CHANGE 33  -9.67 34  -8.69 35  -9.41 36  -8.81 37  -9.44 38  -9.14
 ABUNDANCE CHANGE 39  -9.80 40  -9.54 41 -10.62 42 -10.12 43 -20.00 44 -10.20
 ABUNDANCE CHANGE 45 -10.92 46 -10.35 47 -11.10 48 -10.18 49 -10.58 50 -10.04
 ABUNDANCE CHANGE 51 -11.04 52  -9.80 53 -10.53 54  -9.81 55 -10.92 56  -9.91
 ABUNDANCE CHANGE 57 -10.82 58 -10.49 59 -11.33 60 -10.54 61 -20.00 62 -11.04
 ABUNDANCE CHANGE 63 -11.53 64 -10.92 65 -11.94 66 -10.94 67 -11.78 68 -11.11
 ABUNDANCE CHANGE 69 -12.04 70 -10.96 71 -11.28 72 -11.16 73 -11.91 74 -10.93
 ABUNDANCE CHANGE 75 -11.77 76 -10.59 77 -10.69 78 -10.24 79 -11.03 80 -10.95
 ABUNDANCE CHANGE 81 -11.14 82 -10.19 83 -11.33 84 -20.00 85 -20.00 86 -20.00
 ABUNDANCE CHANGE 87 -20.00 88 -20.00 89 -20.00 90 -11.92 91 -20.00 92 -12.51
 ABUNDANCE CHANGE 93 -20.00 94 -20.00 95 -20.00 96 -20.00 97 -20.00 98 -20.00
 ABUNDANCE CHANGE 99 -20.00
READ DECK6 64 RHOX,T,P,XNE,ABROSS,ACCRAD,VTURB
 1.67651882E-04   4834.1 5.303E+00 8.836E+09 1.175E-02 1.567E+01 2.000E+05
 1.67651982E-04   5826.0 5.303E+00 1.076E+11 1.175E-02 1.021E+01 2.000E+05
 2.01230442E-04   5860.9 6.365E+00 1.280E+11 1.253E-02 9.416E+00 2.000E+05
 2.61281483E-04   5917.0 8.264E+00 1.660E+11 1.406E-02 9.154E+00 2.000E+05
 3.32198772E-04   5966.0 1.051E+01 2.092E+11 1.564E-02 8.959E+00 2.000E+05
 4.16904254E-04   6012.9 1.319E+01 2.603E+11 1.744E-02 8.859E+00 2.000E+05
 5.17794827E-04   6058.7 1.638E+01 3.209E+11 1.950E-02 8.782E+00 2.000E+05
 6.38055305E-04   6104.3 2.018E+01 3.932E+11 2.191E-02 8.723E+00 2.000E+05
 7.80583702E-04   6149.9 2.469E+01 4.793E+11 2.472E-02 8.675E+00 2.000E+05
 9.48932227E-04   6195.7 3.001E+01 5.819E+11 2.800E-02 8.646E+00 2.000E+05
 1.14683915E-03   6241.9 3.627E+01 7.037E+11 3.184E-02 8.646E+00 2.000E+05
 1.37869114E-03   6288.3 4.360E+01 8.481E+11 3.630E-02 8.660E+00 2.000E+05
 1.64961917E-03   6335.1 5.216E+01 1.019E+12 4.147E-02 8.683E+00 2.000E+05
 1.96574687E-03   6382.0 6.216E+01 1.220E+12 4.745E-02 8.714E+00 2.000E+05
 2.33393274E-03   6429.3 7.380E+01 1.458E+12 5.438E-02 8.756E+00 2.000E+05
 2.76226946E-03   6476.8 8.734E+01 1.737E+12 6.235E-02 8.806E+00 2.000E+05
 3.26012435E-03   6524.5 1.031E+02 2.065E+12 7.156E-02 8.875E+00 2.000E+05
 3.83864297E-03   6572.4 1.214E+02 2.449E+12 8.215E-02 8.976E+00 2.000E+05
 4.51067059E-03   6620.2 1.426E+02 2.899E+12 9.432E-02 9.099E+00 2.000E+05
 5.29117741E-03   6668.0 1.673E+02 3.423E+12 1.083E-01 9.262E+00 2.000E+05
 6.19779373E-03   6715.8 1.960E+02 4.034E+12 1.243E-01 9.461E+00 2.000E+05
 7.25102802E-03   6763.9 2.293E+02 4.749E+12 1.427E-01 9.696E+00 2.000E+05
 8.47418843E-03   6812.5 2.679E+02 5.585E+12 1.639E-01 9.971E+00 2.000E+05
 9.89452292E-03   6861.5 3.128E+02 6.563E+12 1.883E-01 1.029E+01 2.000E+05
 1.15425100E-02   6911.3 3.649E+02 7.708E+12 2.164E-01 1.068E+01 2.000E+05
 1.34539511E-02   6961.7 4.254E+02 9.049E+12 2.489E-01 1.112E+01 2.000E+05
 1.56700749E-02   7012.8 4.954E+02 1.062E+13 2.863E-01 1.162E+01 2.000E+05
 1.82389448E-02   7064.6 5.766E+02 1.246E+13 3.294E-01 1.219E+01 2.000E+05
 2.12147405E-02   7117.2 6.707E+02 1.461E+13 3.794E-01 1.285E+01 2.000E+05
 2.46584034E-02   7170.8 7.796E+02 1.713E+13 4.374E-01 1.363E+01 2.000E+05
 2.86402233E-02   7225.6 9.054E+02 2.008E+13 5.047E-01 1.454E+01 2.000E+05
 3.32384723E-02   7282.2 1.051E+03 2.358E+13 5.833E-01 1.563E+01 2.000E+05
 3.85353395E-02   7341.3 1.218E+03 2.773E+13 6.764E-01 1.695E+01 2.000E+05
 4.46155604E-02   7403.8 1.410E+03 3.270E+13 7.873E-01 1.855E+01 2.000E+05
 5.15623759E-02   7470.8 1.630E+03 3.871E+13 9.216E-01 2.051E+01 2.000E+05
 5.94477294E-02   7543.8 1.879E+03 4.606E+13 1.087E+00 2.296E+01 2.000E+05
 6.83190476E-02   7624.6 2.159E+03 5.518E+13 1.295E+00 2.605E+01 2.000E+05
 7.81829956E-02   7715.0 2.471E+03 6.664E+13 1.564E+00 3.006E+01 2.000E+05
 8.90007693E-02   7817.3 2.813E+03 8.124E+13 1.915E+00 3.531E+01 2.000E+05
 1.00676771E-01   7934.0 3.182E+03 1.001E+14 2.388E+00 4.237E+01 2.000E+05
 1.13035015E-01   8068.7 3.572E+03 1.250E+14 3.042E+00 5.212E+01 2.000E+05
 1.25809641E-01   8225.1 3.975E+03 1.582E+14 3.975E+00 6.579E+01 2.000E+05
 1.38667563E-01   8406.3 4.381E+03 2.030E+14 5.340E+00 8.531E+01 2.000E+05
 1.51252082E-01   8616.2 4.778E+03 2.639E+14 7.380E+00 1.138E+02 2.000E+05
 1.63216684E-01   8860.0 5.154E+03 3.473E+14 1.050E+01 1.559E+02 2.000E+05
 1.74287958E-01   9141.0 5.502E+03 4.608E+14 1.531E+01 2.185E+02 2.000E+05
 1.84325055E-01   9464.4 5.817E+03 6.130E+14 2.267E+01 3.113E+02 2.000E+05
 1.93341410E-01   9835.8 6.099E+03 8.107E+14 3.356E+01 4.450E+02 2.000E+05
 2.01573547E-01  10259.2 6.355E+03 1.052E+15 4.808E+01 6.193E+02 2.000E+05
 2.09444324E-01  10743.9 6.598E+03 1.320E+15 6.491E+01 8.211E+02 2.000E+05
 2.17617942E-01  11299.7 6.849E+03 1.576E+15 7.944E+01 1.002E+03 2.000E+05
 2.27234845E-01  11932.9 7.143E+03 1.776E+15 8.349E+01 1.049E+03 2.000E+05
 2.40288869E-01  12648.9 7.543E+03 1.910E+15 7.758E+01 9.821E+02 2.000E+05
 2.60057513E-01  13447.3 8.150E+03 2.018E+15 6.470E+01 8.150E+02 2.000E+05
 2.92257926E-01  14328.2 9.145E+03 2.164E+15 5.289E+01 6.651E+02 2.000E+05
 3.44716182E-01  15292.7 1.077E+04 2.413E+15 4.357E+01 5.437E+02 2.000E+05
 4.27164634E-01  16339.9 1.334E+04 2.822E+15 3.808E+01 4.728E+02 2.000E+05
 5.49421535E-01  17478.1 1.715E+04 3.430E+15 3.514E+01 4.347E+02 2.000E+05
 7.21304230E-01  18713.6 2.251E+04 4.258E+15 3.401E+01 4.197E+02 2.000E+05
 9.57133894E-01  20052.9 2.987E+04 5.324E+15 3.320E+01 4.093E+02 2.000E+05
 1.27396204E+00  21502.9 3.976E+04 6.645E+15 3.338E+01 4.106E+02 2.000E+05
 1.69376909E+00  23068.0 5.286E+04 8.260E+15 3.364E+01 4.126E+02 2.000E+05
 2.24566718E+00  24760.9 7.009E+04 1.022E+16 3.432E+01 4.193E+02 2.000E+05
 2.96574354E+00  26580.1 9.256E+04 1.258E+16 3.515E+01 4.061E+02 2.000E+05
PRADK 1.2027E+01
BEGIN                    ITERATION   9 COMPLETED
