EFF  26000.  GRAVITY 3.00000 LTE
ITLE SDSC GRID  [-3.5]   VTURB 2.0 KM/S
OPACITY IFOP 1 1 1 1 1 1 1 1 1 1 1 1 1 0 1 0 0 0 0 0
CONVECTION OFF  1.00 TURBULENCE OFF  0.00  0.00  0.00  0.00
BUNDANCE SCALE  .0003162 ABUNDANCE CHANGE 1 0.91100 2 0.08900
ABUNDANCE CHANGE  3 -10.88  4 -10.89  5  -9.44  6  -3.48  7  -3.99  8  -3.11
ABUNDANCE CHANGE  9  -7.48 10  -3.95 11  -5.71 12  -4.46 13  -5.57 14  -4.49
ABUNDANCE CHANGE 15  -6.59 16  -4.83 17  -6.54 18  -5.48 19  -6.82 20  -5.68
ABUNDANCE CHANGE 21  -8.94 22  -7.05 23  -8.04 24  -6.37 25  -6.65 26  -4.37
ABUNDANCE CHANGE 27  -7.12 28  -5.79 29  -7.83 30  -7.44 31  -9.16 32  -8.63
ABUNDANCE CHANGE 33  -9.67 34  -8.69 35  -9.41 36  -8.81 37  -9.44 38  -9.14
ABUNDANCE CHANGE 39  -9.80 40  -9.54 41 -10.62 42 -10.12 43 -20.00 44 -10.20
ABUNDANCE CHANGE 45 -10.92 46 -10.35 47 -11.10 48 -10.18 49 -10.58 50 -10.04
ABUNDANCE CHANGE 51 -11.04 52  -9.80 53 -10.53 54  -9.81 55 -10.92 56  -9.91
ABUNDANCE CHANGE 57 -10.82 58 -10.49 59 -11.33 60 -10.54 61 -20.00 62 -11.04
ABUNDANCE CHANGE 63 -11.53 64 -10.92 65 -11.94 66 -10.94 67 -11.78 68 -11.11
ABUNDANCE CHANGE 69 -12.04 70 -10.96 71 -11.28 72 -11.16 73 -11.91 74 -10.93
ABUNDANCE CHANGE 75 -11.77 76 -10.59 77 -10.69 78 -10.24 79 -11.03 80 -10.95
ABUNDANCE CHANGE 81 -11.14 82 -10.19 83 -11.33 84 -20.00 85 -20.00 86 -20.00
ABUNDANCE CHANGE 87 -20.00 88 -20.00 89 -20.00 90 -11.92 91 -20.00 92 -12.51
ABUNDANCE CHANGE 93 -20.00 94 -20.00 95 -20.00 96 -20.00 97 -20.00 98 -20.00
ABUNDANCE CHANGE 99 -20.00
EAD DECK6 64 RHOX,T,P,XNE,ABROSS,ACCRAD,VTURB
5.13269060E-06  15898.9 3.733E-03 8.504E+08 3.152E-01 2.727E+02 2.000E+05
5.63301758E-06  15899.9 4.097E-03 9.332E+08 3.152E-01 2.727E+02 2.000E+05
7.51210913E-06  15900.9 5.464E-03 1.244E+09 3.152E-01 2.728E+02 2.000E+05
1.00181776E-05  15901.9 7.286E-03 1.659E+09 3.153E-01 2.728E+02 2.000E+05
1.33603854E-05  15902.9 9.717E-03 2.213E+09 3.155E-01 2.728E+02 2.000E+05
1.78182793E-05  15903.9 1.296E-02 2.951E+09 3.157E-01 2.729E+02 2.000E+05
2.37616600E-05  15904.9 1.728E-02 3.934E+09 3.159E-01 2.731E+02 2.000E+05
3.16782972E-05  15905.9 2.303E-02 5.244E+09 3.162E-01 2.733E+02 2.000E+05
4.22214692E-05  15906.9 3.069E-02 6.987E+09 3.166E-01 2.735E+02 2.000E+05
5.62559134E-05  15915.2 4.089E-02 9.303E+09 3.171E-01 2.738E+02 2.000E+05
7.49408622E-05  15921.8 5.445E-02 1.238E+10 3.176E-01 2.742E+02 2.000E+05
9.98143486E-05  15941.8 7.250E-02 1.647E+10 3.183E-01 2.746E+02 2.000E+05
1.32912276E-04  15942.8 9.650E-02 2.192E+10 3.190E-01 2.753E+02 2.000E+05
1.76942521E-04  15992.3 1.284E-01 2.907E+10 3.199E-01 2.759E+02 2.000E+05
2.35491482E-04  15993.3 1.708E-01 3.866E+10 3.208E-01 2.769E+02 2.000E+05
3.13326332E-04  16033.5 2.270E-01 5.127E+10 3.218E-01 2.779E+02 2.000E+05
4.16777672E-04  16053.2 3.016E-01 6.803E+10 3.229E-01 2.794E+02 2.000E+05
5.54248498E-04  16085.2 4.006E-01 9.017E+10 3.241E-01 2.812E+02 2.000E+05
7.36877111E-04  16115.0 5.316E-01 1.194E+11 3.254E-01 2.835E+02 2.000E+05
9.79398033E-04  16157.1 7.050E-01 1.580E+11 3.268E-01 2.863E+02 2.000E+05
1.30129319E-03  16209.5 9.342E-01 2.087E+11 3.284E-01 2.897E+02 2.000E+05
1.72826631E-03  16281.3 1.237E+00 2.750E+11 3.303E-01 2.934E+02 2.000E+05
2.29416910E-03  16368.8 1.635E+00 3.617E+11 3.325E-01 2.976E+02 2.000E+05
3.04346776E-03  16476.0 2.160E+00 4.746E+11 3.350E-01 3.019E+02 2.000E+05
4.03438905E-03  16595.9 2.849E+00 6.215E+11 3.380E-01 3.065E+02 2.000E+05
5.34293753E-03  16725.7 3.754E+00 8.124E+11 3.416E-01 3.113E+02 2.000E+05
7.06801699E-03  16852.2 4.937E+00 1.060E+12 3.459E-01 3.169E+02 2.000E+05
9.33761864E-03  16969.9 6.479E+00 1.382E+12 3.510E-01 3.241E+02 2.000E+05
1.23164232E-02  17080.9 8.478E+00 1.797E+12 3.571E-01 3.337E+02 2.000E+05
1.62155255E-02  17199.5 1.105E+01 2.326E+12 3.642E-01 3.457E+02 2.000E+05
2.13054127E-02  17342.6 1.435E+01 2.994E+12 3.726E-01 3.592E+02 2.000E+05
2.79331813E-02  17522.6 1.855E+01 3.831E+12 3.820E-01 3.731E+02 2.000E+05
3.65440525E-02  17740.8 2.388E+01 4.872E+12 3.924E-01 3.867E+02 2.000E+05
4.77109474E-02  17997.8 3.065E+01 6.164E+12 4.038E-01 3.998E+02 2.000E+05
6.21704983E-02  18293.5 3.924E+01 7.763E+12 4.162E-01 4.122E+02 2.000E+05
8.08657283E-02  18626.7 5.011E+01 9.736E+12 4.295E-01 4.243E+02 2.000E+05
1.05004969E-01  18997.4 6.385E+01 1.216E+13 4.439E-01 4.368E+02 2.000E+05
1.36137967E-01  19407.2 8.117E+01 1.514E+13 4.592E-01 4.504E+02 2.000E+05
1.76259242E-01  19862.7 1.029E+02 1.875E+13 4.753E-01 4.657E+02 2.000E+05
2.27949465E-01  20374.9 1.301E+02 2.310E+13 4.919E-01 4.830E+02 2.000E+05
2.94564732E-01  20958.4 1.638E+02 2.829E+13 5.088E-01 5.021E+02 2.000E+05
3.80485316E-01  21629.7 2.057E+02 3.442E+13 5.258E-01 5.224E+02 2.000E+05
4.91420515E-01  22403.7 2.575E+02 4.159E+13 5.429E-01 5.429E+02 2.000E+05
6.34723334E-01  23291.6 3.215E+02 4.995E+13 5.605E-01 5.629E+02 2.000E+05
8.19757206E-01  24298.0 4.006E+02 5.966E+13 5.791E-01 5.811E+02 2.000E+05
1.05837593E+00  25423.8 4.985E+02 7.096E+13 5.994E-01 5.977E+02 2.000E+05
1.36530123E+00  26665.7 6.194E+02 8.408E+13 6.222E-01 6.140E+02 2.000E+05
1.75898823E+00  28032.0 7.682E+02 9.924E+13 6.475E-01 6.296E+02 2.000E+05
2.26217052E+00  29530.7 9.504E+02 1.167E+14 6.774E-01 6.467E+02 2.000E+05
2.90126975E+00  31147.1 1.170E+03 1.367E+14 7.138E-01 6.665E+02 2.000E+05
3.70709264E+00  32908.5 1.429E+03 1.592E+14 7.573E-01 6.904E+02 2.000E+05
4.72224392E+00  34813.2 1.733E+03 1.843E+14 7.975E-01 7.087E+02 2.000E+05
6.02889349E+00  36854.9 2.114E+03 2.142E+14 8.123E-01 7.059E+02 2.000E+05
7.76958962E+00  39048.1 2.640E+03 2.539E+14 8.025E-01 6.890E+02 2.000E+05
1.01339823E+01  41462.7 3.398E+03 3.085E+14 7.836E-01 6.713E+02 2.000E+05
1.33718099E+01  44160.0 4.491E+03 3.834E+14 7.620E-01 6.538E+02 2.000E+05
1.78161749E+01  47142.7 6.072E+03 4.858E+14 7.399E-01 6.355E+02 2.000E+05
2.39223608E+01  50422.6 8.358E+03 6.253E+14 7.181E-01 6.167E+02 2.000E+05
3.23071807E+01  53999.2 1.166E+04 8.144E+14 6.979E-01 5.974E+02 2.000E+05
4.37940587E+01  57878.5 1.639E+04 1.069E+15 6.804E-01 5.789E+02 2.000E+05
5.94714159E+01  62073.2 2.314E+04 1.407E+15 6.663E-01 5.615E+02 2.000E+05
8.07679030E+01  66613.0 3.266E+04 1.850E+15 6.559E-01 5.453E+02 2.000E+05
1.09497732E+02  71502.9 4.597E+04 2.425E+15 6.507E-01 5.300E+02 2.000E+05
1.47942256E+02  76758.5 6.413E+04 3.152E+15 6.505E-01 5.251E+02 2.000E+05
RADK 8.3541E+02
EGIN                    ITERATION   9 COMPLETED
