EFF   4250.  GRAVITY 5.00000 LTE 
ITLE SDSC GRID  [-1.0]   VTURB 2.0 KM/S    L/H 1.25                            
OPACITY IFOP 1 1 1 1 1 1 1 1 1 1 1 1 1 0 1 0 0 0 0 0
CONVECTION ON   1.25 TURBULENCE OFF  0.00  0.00  0.00  0.00
BUNDANCE SCALE   0.10000 ABUNDANCE CHANGE 1 0.91100 2 0.08900
ABUNDANCE CHANGE  3 -10.88  4 -10.89  5  -9.44  6  -3.48  7  -3.99  8  -3.11
ABUNDANCE CHANGE  9  -7.48 10  -3.95 11  -5.71 12  -4.46 13  -5.57 14  -4.49
ABUNDANCE CHANGE 15  -6.59 16  -4.83 17  -6.54 18  -5.48 19  -6.82 20  -5.68
ABUNDANCE CHANGE 21  -8.94 22  -7.05 23  -8.04 24  -6.37 25  -6.65 26  -4.37
ABUNDANCE CHANGE 27  -7.12 28  -5.79 29  -7.83 30  -7.44 31  -9.16 32  -8.63
ABUNDANCE CHANGE 33  -9.67 34  -8.69 35  -9.41 36  -8.81 37  -9.44 38  -9.14
ABUNDANCE CHANGE 39  -9.80 40  -9.54 41 -10.62 42 -10.12 43 -20.00 44 -10.20
ABUNDANCE CHANGE 45 -10.92 46 -10.35 47 -11.10 48 -10.18 49 -10.58 50 -10.04
ABUNDANCE CHANGE 51 -11.04 52  -9.80 53 -10.53 54  -9.81 55 -10.92 56  -9.91
ABUNDANCE CHANGE 57 -10.82 58 -10.49 59 -11.33 60 -10.54 61 -20.00 62 -11.04
ABUNDANCE CHANGE 63 -11.53 64 -10.92 65 -11.94 66 -10.94 67 -11.78 68 -11.11
ABUNDANCE CHANGE 69 -12.04 70 -10.96 71 -11.28 72 -11.16 73 -11.91 74 -10.93
ABUNDANCE CHANGE 75 -11.77 76 -10.59 77 -10.69 78 -10.24 79 -11.03 80 -10.95
ABUNDANCE CHANGE 81 -11.14 82 -10.19 83 -11.33 84 -20.00 85 -20.00 86 -20.00
ABUNDANCE CHANGE 87 -20.00 88 -20.00 89 -20.00 90 -11.92 91 -20.00 92 -12.51
ABUNDANCE CHANGE 93 -20.00 94 -20.00 95 -20.00 96 -20.00 97 -20.00 98 -20.00
ABUNDANCE CHANGE 99 -20.00
EAD DECK6 72 RHOX,T,P,XNE,ABROSS,ACCRAD,VTURB
3.53105966E-03   2850.1 3.531E+02 8.239E+08 3.777E-05 2.520E-03 2.000E+05 0.000E+00 0.000E+00
4.60328587E-03   2866.4 4.603E+02 1.045E+09 4.519E-05 2.648E-03 2.000E+05 0.000E+00 0.000E+00
5.80185379E-03   2884.1 5.802E+02 1.302E+09 5.377E-05 2.727E-03 2.000E+05 0.000E+00 0.000E+00
7.15079167E-03   2902.1 7.151E+02 1.594E+09 6.349E-05 2.778E-03 2.000E+05 0.000E+00 0.000E+00
8.67882427E-03   2920.4 8.679E+02 1.930E+09 7.457E-05 2.825E-03 2.000E+05 0.000E+00 0.000E+00
1.04174751E-02   2938.9 1.042E+03 2.317E+09 8.723E-05 2.868E-03 2.000E+05 0.000E+00 0.000E+00
1.24022428E-02   2957.4 1.240E+03 2.762E+09 1.018E-04 2.908E-03 2.000E+05 0.000E+00 0.000E+00
1.46724474E-02   2976.3 1.467E+03 3.279E+09 1.186E-04 2.955E-03 2.000E+05 0.000E+00 0.000E+00
1.72716152E-02   2995.7 1.727E+03 3.880E+09 1.381E-04 3.008E-03 2.000E+05 0.000E+00 0.000E+00
2.02485605E-02   3015.6 2.025E+03 4.581E+09 1.608E-04 3.066E-03 2.000E+05 0.000E+00 0.000E+00
2.36585912E-02   3035.9 2.366E+03 5.398E+09 1.871E-04 3.123E-03 2.000E+05 0.000E+00 0.000E+00
2.75652877E-02   3056.5 2.757E+03 6.349E+09 2.178E-04 3.183E-03 2.000E+05 0.000E+00 0.000E+00
3.20415183E-02   3077.5 3.204E+03 7.459E+09 2.535E-04 3.246E-03 2.000E+05 0.000E+00 0.000E+00
3.71699793E-02   3098.8 3.717E+03 8.753E+09 2.951E-04 3.312E-03 2.000E+05 0.000E+00 0.000E+00
4.30439741E-02   3120.6 4.304E+03 1.027E+10 3.436E-04 3.389E-03 2.000E+05 0.000E+00 0.000E+00
4.97718430E-02   3142.6 4.977E+03 1.203E+10 4.000E-04 3.475E-03 2.000E+05 0.000E+00 0.000E+00
5.74797520E-02   3164.8 5.748E+03 1.409E+10 4.656E-04 3.571E-03 2.000E+05 0.000E+00 0.000E+00
6.63099522E-02   3187.3 6.631E+03 1.648E+10 5.419E-04 3.666E-03 2.000E+05 0.000E+00 0.000E+00
7.64307803E-02   3209.8 7.643E+03 1.927E+10 6.302E-04 3.770E-03 2.000E+05 0.000E+00 0.000E+00
8.80427191E-02   3232.2 8.804E+03 2.250E+10 7.320E-04 3.883E-03 2.000E+05 0.000E+00 0.000E+00
1.01385469E-01   3254.3 1.014E+04 2.624E+10 8.489E-04 4.010E-03 2.000E+05 0.000E+00 0.000E+00
1.16734193E-01   3276.5 1.167E+04 3.060E+10 9.838E-04 4.152E-03 2.000E+05 0.000E+00 0.000E+00
1.34416543E-01   3298.1 1.344E+04 3.561E+10 1.137E-03 4.313E-03 2.000E+05 0.000E+00 0.000E+00
1.54826036E-01   3319.4 1.548E+04 4.140E+10 1.313E-03 4.498E-03 2.000E+05 0.000E+00 0.000E+00
1.78424113E-01   3340.1 1.784E+04 4.806E+10 1.513E-03 4.703E-03 2.000E+05 0.000E+00 0.000E+00
2.05768553E-01   3360.1 2.058E+04 5.571E+10 1.739E-03 4.935E-03 2.000E+05 0.000E+00 0.000E+00
2.37534057E-01   3379.3 2.375E+04 6.447E+10 1.994E-03 5.198E-03 2.000E+05 0.000E+00 0.000E+00
2.74531330E-01   3397.7 2.745E+04 7.452E+10 2.280E-03 5.497E-03 2.000E+05 0.000E+00 0.000E+00
3.17717500E-01   3415.5 3.177E+04 8.604E+10 2.602E-03 5.838E-03 2.000E+05 0.000E+00 0.000E+00
3.68261044E-01   3432.4 3.683E+04 9.923E+10 2.961E-03 6.235E-03 2.000E+05 0.000E+00 0.000E+00
4.27519524E-01   3448.9 4.275E+04 1.145E+11 3.366E-03 6.689E-03 2.000E+05 0.000E+00 0.000E+00
4.97086985E-01   3464.9 4.971E+04 1.320E+11 3.821E-03 7.204E-03 2.000E+05 0.000E+00 0.000E+00
5.78798026E-01   3481.1 5.788E+04 1.524E+11 4.339E-03 7.787E-03 2.000E+05 0.000E+00 0.000E+00
6.74823518E-01   3496.9 6.748E+04 1.759E+11 4.921E-03 8.443E-03 2.000E+05 0.000E+00 0.000E+00
7.87662622E-01   3513.2 7.877E+04 2.034E+11 5.588E-03 9.189E-03 2.000E+05 0.000E+00 0.000E+00
9.20202783E-01   3529.8 9.202E+04 2.354E+11 6.345E-03 1.003E-02 2.000E+05 0.000E+00 0.000E+00
1.07564709E+00   3547.6 1.076E+05 2.732E+11 7.223E-03 1.100E-02 2.000E+05 0.000E+00 0.000E+00
1.25759572E+00   3566.3 1.258E+05 3.176E+11 8.237E-03 1.210E-02 2.000E+05 0.000E+00 0.000E+00
1.46973634E+00   3587.9 1.470E+05 3.710E+11 9.458E-03 1.344E-02 2.000E+05 0.000E+00 0.000E+00
1.71365065E+00   3617.3 1.714E+05 4.390E+11 1.109E-02 1.514E-02 2.000E+05 2.083E-06 0.000E+00
1.98918986E+00   3652.3 1.989E+05 5.232E+11 1.316E-02 1.716E-02 2.000E+05 3.172E-04 0.000E+00
2.29689758E+00   3692.7 2.297E+05 6.273E+11 1.581E-02 1.957E-02 2.000E+05 1.746E-03 0.000E+00
2.63682154E+00   3738.4 2.637E+05 7.562E+11 1.917E-02 2.244E-02 2.000E+05 2.813E-03 0.000E+00
3.00918031E+00   3788.6 3.009E+05 9.150E+11 2.340E-02 2.579E-02 2.000E+05 2.914E-03 5.488E+03
3.41578629E+00   3841.1 3.416E+05 1.107E+12 2.856E-02 2.944E-02 2.000E+05 1.220E-02 1.696E+04
3.86116523E+00   3894.2 3.861E+05 1.335E+12 3.467E-02 3.338E-02 2.000E+05 1.558E-02 1.471E+04
4.35179506E+00   3947.1 4.352E+05 1.604E+12 4.185E-02 3.765E-02 2.000E+05 2.916E-02 2.444E+03
4.89566649E+00   4000.0 4.896E+05 1.921E+12 5.022E-02 4.226E-02 2.000E+05 4.490E-02 1.102E+04
5.49875679E+00   4057.4 5.499E+05 2.313E+12 6.057E-02 4.745E-02 2.000E+05 5.979E-02 2.553E+04
6.16398941E+00   4119.5 6.164E+05 2.797E+12 7.333E-02 5.306E-02 2.000E+05 8.967E-02 2.937E+04
6.89826723E+00   4183.4 6.898E+05 3.378E+12 8.843E-02 5.870E-02 2.000E+05 1.196E-01 3.171E+04
7.70910625E+00   4252.3 7.709E+05 4.096E+12 1.069E-01 6.433E-02 2.000E+05 1.623E-01 3.204E+04
8.60660685E+00   4322.5 8.607E+05 4.951E+12 1.284E-01 6.941E-02 2.000E+05 2.122E-01 3.026E+04
9.60363595E+00   4397.5 9.604E+05 5.999E+12 1.541E-01 7.427E-02 2.000E+05 2.658E-01 3.874E+04
1.07069150E+01   4483.1 1.071E+06 7.338E+12 1.861E-01 7.871E-02 2.000E+05 3.289E-01 4.215E+04
1.19305068E+01   4571.3 1.193E+06 8.940E+12 2.230E-01 8.205E-02 2.000E+05 3.935E-01 4.434E+04
1.32911256E+01   4671.2 1.329E+06 1.098E+13 2.677E-01 8.496E-02 2.000E+05 4.609E-01 4.655E+04
1.48073558E+01   4776.5 1.481E+06 1.347E+13 3.195E-01 8.757E-02 2.000E+05 5.251E-01 4.841E+04
1.64996757E+01   4896.5 1.650E+06 1.672E+13 3.823E-01 9.069E-02 2.000E+05 5.851E-01 5.018E+04
1.83851593E+01   5025.1 1.839E+06 2.090E+13 4.580E-01 9.481E-02 2.000E+05 6.399E-01 5.174E+04
2.04699740E+01   5170.6 2.047E+06 2.682E+13 5.569E-01 1.007E-01 2.000E+05 6.882E-01 5.312E+04
2.27346459E+01   5324.9 2.273E+06 3.542E+13 6.911E-01 1.081E-01 2.000E+05 7.360E-01 5.456E+04
2.51270459E+01   5491.6 2.513E+06 4.884E+13 8.870E-01 1.177E-01 2.000E+05 7.786E-01 5.569E+04
2.75877829E+01   5659.5 2.759E+06 6.908E+13 1.160E+00 1.271E-01 2.000E+05 8.210E-01 5.694E+04
3.00735446E+01   5831.8 3.007E+06 9.982E+13 1.542E+00 1.375E-01 2.000E+05 8.542E-01 5.756E+04
3.25699049E+01   5999.7 3.257E+06 1.436E+14 2.043E+00 1.476E-01 2.000E+05 8.836E-01 5.829E+04
3.50842921E+01   6169.8 3.508E+06 2.067E+14 2.701E+00 1.574E-01 2.000E+05 9.049E-01 5.833E+04
3.76345692E+01   6335.4 3.763E+06 2.928E+14 3.533E+00 1.666E-01 2.000E+05 9.243E-01 5.871E+04
4.02400759E+01   6504.5 4.024E+06 4.131E+14 4.598E+00 1.761E-01 2.000E+05 9.374E-01 5.802E+04
4.29294596E+01   6670.0 4.293E+06 5.726E+14 5.903E+00 1.841E-01 2.000E+05 9.501E-01 5.847E+04
4.57213468E+01   6841.8 4.572E+06 7.927E+14 7.579E+00 1.927E-01 2.000E+05 9.585E-01 5.748E+04
4.86352241E+01   7009.4 4.864E+06 1.077E+15 9.588E+00 2.155E-01 2.000E+05 9.637E-01 5.747E+04
RADK 4.2678E-01
EGIN                    ITERATION  15 COMPLETED
