TEFF   6000.  GRAVITY 2.00000 LTE 
TITLE SDSC GRID  [-0.1]   VTURB 2.0 KM/S    L/H 1.25                            
 OPACITY IFOP 1 1 1 1 1 1 1 1 1 1 1 1 1 0 1 0 0 0 0 0
 CONVECTION ON   1.25 TURBULENCE OFF  0.00  0.00  0.00  0.00
ABUNDANCE SCALE   0.79430 ABUNDANCE CHANGE 1 0.91100 2 0.08900
 ABUNDANCE CHANGE  3 -10.88  4 -10.89  5  -9.44  6  -3.48  7  -3.99  8  -3.11
 ABUNDANCE CHANGE  9  -7.48 10  -3.95 11  -5.71 12  -4.46 13  -5.57 14  -4.49
 ABUNDANCE CHANGE 15  -6.59 16  -4.83 17  -6.54 18  -5.48 19  -6.82 20  -5.68
 ABUNDANCE CHANGE 21  -8.94 22  -7.05 23  -8.04 24  -6.37 25  -6.65 26  -4.37
 ABUNDANCE CHANGE 27  -7.12 28  -5.79 29  -7.83 30  -7.44 31  -9.16 32  -8.63
 ABUNDANCE CHANGE 33  -9.67 34  -8.69 35  -9.41 36  -8.81 37  -9.44 38  -9.14
 ABUNDANCE CHANGE 39  -9.80 40  -9.54 41 -10.62 42 -10.12 43 -20.00 44 -10.20
 ABUNDANCE CHANGE 45 -10.92 46 -10.35 47 -11.10 48 -10.18 49 -10.58 50 -10.04
 ABUNDANCE CHANGE 51 -11.04 52  -9.80 53 -10.53 54  -9.81 55 -10.92 56  -9.91
 ABUNDANCE CHANGE 57 -10.82 58 -10.49 59 -11.33 60 -10.54 61 -20.00 62 -11.04
 ABUNDANCE CHANGE 63 -11.53 64 -10.92 65 -11.94 66 -10.94 67 -11.78 68 -11.11
 ABUNDANCE CHANGE 69 -12.04 70 -10.96 71 -11.28 72 -11.16 73 -11.91 74 -10.93
 ABUNDANCE CHANGE 75 -11.77 76 -10.59 77 -10.69 78 -10.24 79 -11.03 80 -10.95
 ABUNDANCE CHANGE 81 -11.14 82 -10.19 83 -11.33 84 -20.00 85 -20.00 86 -20.00
 ABUNDANCE CHANGE 87 -20.00 88 -20.00 89 -20.00 90 -11.92 91 -20.00 92 -12.51
 ABUNDANCE CHANGE 93 -20.00 94 -20.00 95 -20.00 96 -20.00 97 -20.00 98 -20.00
 ABUNDANCE CHANGE 99 -20.00
READ DECK6 72 RHOX,T,P,XNE,ABROSS,ACCRAD,VTURB
 1.55672377E-03   3808.0 1.557E-01 3.464E+07 8.566E-05 1.022E-02 2.000E+05 0.000E+00 0.000E+00
 2.07541011E-03   3821.7 2.075E-01 4.500E+07 8.583E-05 1.062E-02 2.000E+05 0.000E+00 0.000E+00
 2.76507087E-03   3834.5 2.765E-01 5.840E+07 8.616E-05 1.088E-02 2.000E+05 0.000E+00 0.000E+00
 3.67750564E-03   3850.2 3.677E-01 7.607E+07 8.718E-05 1.121E-02 2.000E+05 0.000E+00 0.000E+00
 4.87589416E-03   3868.3 4.876E-01 9.917E+07 8.885E-05 1.155E-02 2.000E+05 0.000E+00 0.000E+00
 6.43801262E-03   3889.2 6.438E-01 1.292E+08 9.120E-05 1.177E-02 2.000E+05 0.000E+00 0.000E+00
 8.46039286E-03   3912.6 8.460E-01 1.681E+08 9.425E-05 1.185E-02 2.000E+05 0.000E+00 0.000E+00
 1.10601662E-02   3938.4 1.106E+00 2.182E+08 9.809E-05 1.184E-02 2.000E+05 0.000E+00 0.000E+00
 1.43800314E-02   3966.0 1.438E+00 2.823E+08 1.028E-04 1.179E-02 2.000E+05 0.000E+00 0.000E+00
 1.85879948E-02   3994.9 1.859E+00 3.636E+08 1.085E-04 1.171E-02 2.000E+05 0.000E+00 0.000E+00
 2.38833151E-02   4024.8 2.388E+00 4.663E+08 1.154E-04 1.163E-02 2.000E+05 0.000E+00 0.000E+00
 3.05018450E-02   4055.5 3.050E+00 5.953E+08 1.235E-04 1.142E-02 2.000E+05 0.000E+00 0.000E+00
 3.87215703E-02   4086.6 3.872E+00 7.561E+08 1.330E-04 1.128E-02 2.000E+05 0.000E+00 0.000E+00
 4.88676654E-02   4117.4 4.886E+00 9.551E+08 1.441E-04 1.108E-02 2.000E+05 0.000E+00 0.000E+00
 6.13266659E-02   4147.5 6.132E+00 1.200E+09 1.569E-04 1.085E-02 2.000E+05 0.000E+00 0.000E+00
 7.65457986E-02   4177.1 7.654E+00 1.498E+09 1.717E-04 1.067E-02 2.000E+05 0.000E+00 0.000E+00
 9.50231661E-02   4206.4 9.501E+00 1.862E+09 1.892E-04 1.062E-02 2.000E+05 0.000E+00 0.000E+00
 1.17318060E-01   4236.0 1.173E+01 2.304E+09 2.097E-04 1.068E-02 2.000E+05 0.000E+00 0.000E+00
 1.44075069E-01   4266.2 1.441E+01 2.840E+09 2.335E-04 1.073E-02 2.000E+05 0.000E+00 0.000E+00
 1.76037827E-01   4296.8 1.760E+01 3.487E+09 2.612E-04 1.073E-02 2.000E+05 0.000E+00 0.000E+00
 2.14065275E-01   4327.8 2.140E+01 4.267E+09 2.933E-04 1.067E-02 2.000E+05 0.000E+00 0.000E+00
 2.59154332E-01   4359.0 2.591E+01 5.205E+09 3.305E-04 1.055E-02 2.000E+05 0.000E+00 0.000E+00
 3.12380229E-01   4390.2 3.123E+01 6.326E+09 3.742E-04 1.056E-02 2.000E+05 0.000E+00 0.000E+00
 3.74920570E-01   4421.9 3.749E+01 7.668E+09 4.256E-04 1.071E-02 2.000E+05 0.000E+00 0.000E+00
 4.48156980E-01   4454.2 4.481E+01 9.273E+09 4.852E-04 1.083E-02 2.000E+05 0.000E+00 0.000E+00
 5.33742875E-01   4486.6 5.337E+01 1.119E+10 5.541E-04 1.091E-02 2.000E+05 0.000E+00 0.000E+00
 6.33606934E-01   4519.0 6.335E+01 1.346E+10 6.336E-04 1.096E-02 2.000E+05 0.000E+00 0.000E+00
 7.50008169E-01   4551.2 7.499E+01 1.616E+10 7.253E-04 1.099E-02 2.000E+05 0.000E+00 0.000E+00
 8.85505660E-01   4583.2 8.854E+01 1.936E+10 8.315E-04 1.108E-02 2.000E+05 0.000E+00 0.000E+00
 1.04292411E+00   4614.9 1.043E+02 2.313E+10 9.555E-04 1.132E-02 2.000E+05 0.000E+00 0.000E+00
 1.22545831E+00   4646.9 1.225E+02 2.759E+10 1.100E-03 1.169E-02 2.000E+05 0.000E+00 0.000E+00
 1.43685427E+00   4679.4 1.437E+02 3.290E+10 1.267E-03 1.207E-02 2.000E+05 0.000E+00 0.000E+00
 1.68149222E+00   4712.2 1.681E+02 3.920E+10 1.460E-03 1.245E-02 2.000E+05 0.000E+00 0.000E+00
 1.96448626E+00   4745.2 1.964E+02 4.665E+10 1.683E-03 1.286E-02 2.000E+05 0.000E+00 0.000E+00
 2.29180641E+00   4778.4 2.292E+02 5.547E+10 1.941E-03 1.329E-02 2.000E+05 0.000E+00 0.000E+00
 2.67014971E+00   4811.2 2.670E+02 6.585E+10 2.240E-03 1.389E-02 2.000E+05 0.000E+00 0.000E+00
 3.10702337E+00   4844.5 3.107E+02 7.814E+10 2.588E-03 1.461E-02 2.000E+05 0.000E+00 0.000E+00
 3.61100655E+00   4878.1 3.611E+02 9.269E+10 2.994E-03 1.553E-02 2.000E+05 0.000E+00 0.000E+00
 4.19178274E+00   4912.5 4.191E+02 1.100E+11 3.466E-03 1.658E-02 2.000E+05 0.000E+00 0.000E+00
 4.86057727E+00   4947.7 4.860E+02 1.307E+11 4.014E-03 1.776E-02 2.000E+05 0.000E+00 0.000E+00
 5.63023504E+00   4983.9 5.629E+02 1.553E+11 4.654E-03 1.913E-02 2.000E+05 0.000E+00 0.000E+00
 6.51491220E+00   5021.3 6.514E+02 1.849E+11 5.404E-03 2.076E-02 2.000E+05 0.000E+00 0.000E+00
 7.52886795E+00   5060.6 7.528E+02 2.208E+11 6.301E-03 2.287E-02 2.000E+05 0.000E+00 0.000E+00
 8.68584673E+00   5103.3 8.684E+02 2.651E+11 7.381E-03 2.542E-02 2.000E+05 0.000E+00 0.000E+00
 9.99979691E+00   5149.7 9.998E+02 3.204E+11 8.691E-03 2.853E-02 2.000E+05 0.000E+00 0.000E+00
 1.14808859E+01   5202.1 1.148E+03 3.915E+11 1.033E-02 3.257E-02 2.000E+05 0.000E+00 0.000E+00
 1.31331813E+01   5261.8 1.313E+03 4.852E+11 1.242E-02 3.769E-02 2.000E+05 0.000E+00 0.000E+00
 1.49543162E+01   5330.9 1.495E+03 6.121E+11 1.514E-02 4.436E-02 2.000E+05 0.000E+00 0.000E+00
 1.69279163E+01   5412.0 1.692E+03 7.905E+11 1.883E-02 5.370E-02 2.000E+05 7.567E-18 0.000E+00
 1.90080996E+01   5511.6 1.900E+03 1.059E+12 2.419E-02 6.750E-02 2.000E+05 1.656E-11 0.000E+00
 2.11609807E+01   5620.0 2.115E+03 1.437E+12 3.142E-02 8.943E-02 2.000E+05 2.953E-08 0.000E+00
 2.30661242E+01   5879.4 2.306E+03 2.679E+12 5.378E-02 1.456E-01 2.000E+05 1.788E-04 0.000E+00
 2.46325225E+01   6079.9 2.462E+03 4.249E+12 8.087E-02 1.936E-01 2.000E+05 4.980E-02 0.000E+00
 2.61655519E+01   6193.9 2.615E+03 5.540E+12 1.026E-01 2.186E-01 2.000E+05 1.154E-01 0.000E+00
 2.78047263E+01   6293.5 2.779E+03 6.973E+12 1.265E-01 2.488E-01 2.000E+05 1.795E-01 1.460E+01
 2.95270717E+01   6436.0 2.950E+03 9.465E+12 1.678E-01 3.175E-01 2.000E+05 2.084E-01 6.223E+02
 3.11821360E+01   6634.9 3.115E+03 1.403E+13 2.440E-01 4.524E-01 2.000E+05 2.401E-01 2.613E+03
 3.26172763E+01   6898.7 3.258E+03 2.263E+13 3.931E-01 7.013E-01 2.000E+05 2.764E-01 8.423E+03
 3.38012578E+01   7174.8 3.375E+03 3.583E+13 6.375E-01 1.075E+00 2.000E+05 3.168E-01 2.523E+04
 3.47373552E+01   7503.5 3.468E+03 5.883E+13 1.116E+00 1.788E+00 2.000E+05 3.573E-01 7.064E+04
 3.54395898E+01   7858.0 3.536E+03 9.514E+13 2.008E+00 2.996E+00 2.000E+05 3.993E-01 1.427E+05
 3.59503972E+01   8247.7 3.585E+03 1.523E+14 3.733E+00 5.138E+00 2.000E+05 4.428E-01 2.900E+05
 3.63102000E+01   8654.2 3.619E+03 2.341E+14 6.858E+00 7.066E+00 2.000E+05 5.622E-01 5.816E+05
 3.66076153E+01   8925.4 3.647E+03 3.025E+14 9.977E+00 6.103E+00 2.000E+05 7.549E-01 6.554E+05
 3.68970851E+01   9134.0 3.674E+03 3.624E+14 1.306E+01 5.063E+00 2.000E+05 8.388E-01 6.674E+05
 3.72018017E+01   9307.7 3.703E+03 4.170E+14 1.613E+01 4.472E+00 2.000E+05 8.859E-01 6.805E+05
 3.75341397E+01   9480.3 3.735E+03 4.745E+14 1.956E+01 4.129E+00 2.000E+05 9.146E-01 6.935E+05
 3.79046624E+01   9641.9 3.771E+03 5.312E+14 2.313E+01 3.805E+00 2.000E+05 9.326E-01 6.995E+05
 3.83238359E+01   9811.4 3.811E+03 5.925E+14 2.719E+01 3.638E+00 2.000E+05 9.455E-01 7.103E+05
 3.88022869E+01   9982.4 3.857E+03 6.556E+14 3.155E+01 3.513E+00 2.000E+05 9.547E-01 7.206E+05
 3.93551612E+01  10170.8 3.910E+03 7.250E+14 3.623E+01 3.449E+00 2.000E+05 9.611E-01 7.312E+05
 4.00022419E+01  10369.9 3.973E+03 7.970E+14 4.107E+01 3.571E+00 2.000E+05 9.645E-01 7.453E+05
PRADK 1.7178E+00
BEGIN                    ITERATION  15 COMPLETED
