TEFF   8500.  GRAVITY 2.00000 LTE 
TITLE SDSC GRID  [-3.0]   VTURB 2.0 KM/S    L/H 1.25                            
 OPACITY IFOP 1 1 1 1 1 1 1 1 1 1 1 1 1 0 1 0 0 0 0 0
 CONVECTION ON   1.25 TURBULENCE OFF  0.00  0.00  0.00  0.00
ABUNDANCE SCALE   0.00100 ABUNDANCE CHANGE 1 0.91100 2 0.08900
 ABUNDANCE CHANGE  3 -10.88  4 -10.89  5  -9.44  6  -3.48  7  -3.99  8  -3.11
 ABUNDANCE CHANGE  9  -7.48 10  -3.95 11  -5.71 12  -4.46 13  -5.57 14  -4.49
 ABUNDANCE CHANGE 15  -6.59 16  -4.83 17  -6.54 18  -5.48 19  -6.82 20  -5.68
 ABUNDANCE CHANGE 21  -8.94 22  -7.05 23  -8.04 24  -6.37 25  -6.65 26  -4.37
 ABUNDANCE CHANGE 27  -7.12 28  -5.79 29  -7.83 30  -7.44 31  -9.16 32  -8.63
 ABUNDANCE CHANGE 33  -9.67 34  -8.69 35  -9.41 36  -8.81 37  -9.44 38  -9.14
 ABUNDANCE CHANGE 39  -9.80 40  -9.54 41 -10.62 42 -10.12 43 -20.00 44 -10.20
 ABUNDANCE CHANGE 45 -10.92 46 -10.35 47 -11.10 48 -10.18 49 -10.58 50 -10.04
 ABUNDANCE CHANGE 51 -11.04 52  -9.80 53 -10.53 54  -9.81 55 -10.92 56  -9.91
 ABUNDANCE CHANGE 57 -10.82 58 -10.49 59 -11.33 60 -10.54 61 -20.00 62 -11.04
 ABUNDANCE CHANGE 63 -11.53 64 -10.92 65 -11.94 66 -10.94 67 -11.78 68 -11.11
 ABUNDANCE CHANGE 69 -12.04 70 -10.96 71 -11.28 72 -11.16 73 -11.91 74 -10.93
 ABUNDANCE CHANGE 75 -11.77 76 -10.59 77 -10.69 78 -10.24 79 -11.03 80 -10.95
 ABUNDANCE CHANGE 81 -11.14 82 -10.19 83 -11.33 84 -20.00 85 -20.00 86 -20.00
 ABUNDANCE CHANGE 87 -20.00 88 -20.00 89 -20.00 90 -11.92 91 -20.00 92 -12.51
 ABUNDANCE CHANGE 93 -20.00 94 -20.00 95 -20.00 96 -20.00 97 -20.00 98 -20.00
 ABUNDANCE CHANGE 99 -20.00
READ DECK6 72 RHOX,T,P,XNE,ABROSS,ACCRAD,VTURB
 4.66181571E-07   5957.4 4.523E-05 2.612E+07 2.861E-01 2.969E+00 2.000E+05 0.000E+00 0.000E+00
 6.21819929E-07   5964.3 6.034E-05 3.476E+07 2.855E-01 2.963E+00 2.000E+05 0.000E+00 0.000E+00
 8.29861833E-07   5968.8 8.052E-05 4.628E+07 2.847E-01 2.954E+00 2.000E+05 0.000E+00 0.000E+00
 1.10815660E-06   5974.4 1.075E-04 6.162E+07 2.837E-01 2.943E+00 2.000E+05 0.000E+00 0.000E+00
 1.48075639E-06   5980.3 1.437E-04 8.206E+07 2.824E-01 2.929E+00 2.000E+05 0.000E+00 0.000E+00
 1.98017430E-06   5986.4 1.922E-04 1.093E+08 2.808E-01 2.911E+00 2.000E+05 0.000E+00 0.000E+00
 2.65053874E-06   5992.8 2.573E-04 1.455E+08 2.788E-01 2.890E+00 2.000E+05 0.000E+00 0.000E+00
 3.55200022E-06   5999.4 3.448E-04 1.938E+08 2.762E-01 2.863E+00 2.000E+05 0.000E+00 0.000E+00
 4.76696870E-06   6006.4 4.629E-04 2.581E+08 2.729E-01 2.830E+00 2.000E+05 0.000E+00 0.000E+00
 6.40900317E-06   6013.9 6.225E-04 3.438E+08 2.689E-01 2.788E+00 2.000E+05 0.000E+00 0.000E+00
 8.63569781E-06   6021.9 8.390E-04 4.578E+08 2.639E-01 2.738E+00 2.000E+05 0.000E+00 0.000E+00
 1.16675346E-05   6030.5 1.134E-03 6.096E+08 2.579E-01 2.678E+00 2.000E+05 0.000E+00 0.000E+00
 1.58172022E-05   6038.4 1.538E-03 8.117E+08 2.506E-01 2.605E+00 2.000E+05 0.000E+00 0.000E+00
 2.15340064E-05   6046.2 2.095E-03 1.081E+09 2.417E-01 2.519E+00 2.000E+05 0.000E+00 0.000E+00
 2.94691396E-05   6054.2 2.869E-03 1.438E+09 2.313E-01 2.418E+00 2.000E+05 0.000E+00 0.000E+00
 4.05721502E-05   6063.3 3.953E-03 1.915E+09 2.196E-01 2.304E+00 2.000E+05 0.000E+00 0.000E+00
 5.62417936E-05   6073.4 5.485E-03 2.549E+09 2.066E-01 2.178E+00 2.000E+05 0.000E+00 0.000E+00
 7.85384410E-05   6085.8 7.668E-03 3.395E+09 1.930E-01 2.046E+00 2.000E+05 0.000E+00 0.000E+00
 1.10412816E-04   6101.5 1.079E-02 4.526E+09 1.794E-01 1.916E+00 2.000E+05 0.000E+00 0.000E+00
 1.56883938E-04   6103.2 1.535E-02 5.963E+09 1.615E-01 1.755E+00 2.000E+05 0.000E+00 0.000E+00
 2.25712994E-04   6115.2 2.212E-02 7.928E+09 1.459E-01 1.621E+00 2.000E+05 0.000E+00 0.000E+00
 3.28225564E-04   6123.3 3.221E-02 1.048E+10 1.297E-01 1.483E+00 2.000E+05 0.000E+00 0.000E+00
 4.80822176E-04   6144.2 4.726E-02 1.402E+10 1.172E-01 1.377E+00 2.000E+05 0.000E+00 0.000E+00
 7.06031897E-04   6166.7 6.948E-02 1.870E+10 1.060E-01 1.286E+00 2.000E+05 0.000E+00 0.000E+00
 1.03377803E-03   6201.7 1.018E-01 2.521E+10 9.848E-02 1.229E+00 2.000E+05 0.000E+00 0.000E+00
 1.49686770E-03   6248.1 1.476E-01 3.417E+10 9.428E-02 1.198E+00 2.000E+05 0.000E+00 0.000E+00
 2.13190856E-03   6304.1 2.103E-01 4.637E+10 9.299E-02 1.195E+00 2.000E+05 0.000E+00 0.000E+00
 2.97745401E-03   6368.5 2.939E-01 6.281E+10 9.439E-02 1.215E+00 2.000E+05 0.000E+00 0.000E+00
 4.07337753E-03   6438.9 4.021E-01 8.452E+10 9.808E-02 1.249E+00 2.000E+05 0.000E+00 0.000E+00
 5.48583580E-03   6499.0 5.416E-01 1.107E+11 1.007E-01 1.267E+00 2.000E+05 0.000E+00 0.000E+00
 7.34638077E-03   6542.5 7.253E-01 1.410E+11 1.005E-01 1.266E+00 2.000E+05 0.000E+00 0.000E+00
 9.87912621E-03   6568.3 9.754E-01 1.752E+11 9.701E-02 1.245E+00 2.000E+05 0.000E+00 0.000E+00
 1.34013908E-02   6587.2 1.323E+00 2.161E+11 9.247E-02 1.220E+00 2.000E+05 0.000E+00 0.000E+00
 1.83351594E-02   6604.5 1.811E+00 2.667E+11 8.814E-02 1.201E+00 2.000E+05 0.000E+00 0.000E+00
 2.52068363E-02   6623.6 2.490E+00 3.300E+11 8.480E-02 1.193E+00 2.000E+05 0.000E+00 0.000E+00
 3.46808795E-02   6644.0 3.426E+00 4.085E+11 8.248E-02 1.197E+00 2.000E+05 0.000E+00 0.000E+00
 4.75475195E-02   6668.3 4.697E+00 5.068E+11 8.172E-02 1.215E+00 2.000E+05 0.000E+00 0.000E+00
 6.47129833E-02   6695.2 6.392E+00 6.277E+11 8.237E-02 1.248E+00 2.000E+05 0.000E+00 0.000E+00
 8.71872062E-02   6726.0 8.611E+00 7.767E+11 8.472E-02 1.301E+00 2.000E+05 0.000E+00 0.000E+00
 1.16027138E-01   6760.6 1.146E+01 9.594E+11 8.889E-02 1.374E+00 2.000E+05 0.000E+00 0.000E+00
 1.52288874E-01   6799.9 1.503E+01 1.184E+12 9.521E-02 1.472E+00 2.000E+05 0.000E+00 0.000E+00
 1.96981650E-01   6844.0 1.943E+01 1.458E+12 1.040E-01 1.603E+00 2.000E+05 0.000E+00 0.000E+00
 2.50930557E-01   6894.7 2.474E+01 1.798E+12 1.162E-01 1.778E+00 2.000E+05 0.000E+00 0.000E+00
 3.14572590E-01   6953.8 3.098E+01 2.223E+12 1.329E-01 2.014E+00 2.000E+05 0.000E+00 0.000E+00
 3.87709710E-01   7024.3 3.813E+01 2.766E+12 1.564E-01 2.339E+00 2.000E+05 0.000E+00 0.000E+00
 4.69399595E-01   7107.6 4.609E+01 3.464E+12 1.894E-01 2.787E+00 2.000E+05 5.953E-18 0.000E+00
 5.57927615E-01   7206.9 5.467E+01 4.379E+12 2.368E-01 3.417E+00 2.000E+05 3.886E-16 3.012E+01
 6.50799031E-01   7323.8 6.360E+01 5.583E+12 3.060E-01 4.319E+00 2.000E+05 5.178E-15 6.855E+01
 7.44943636E-01   7461.7 7.255E+01 7.184E+12 4.097E-01 5.644E+00 2.000E+05 2.530E-14 1.113E+02
 8.37029146E-01   7623.7 8.116E+01 9.320E+12 5.684E-01 7.615E+00 2.000E+05 9.746E-14 1.687E+02
 9.24159317E-01   7813.0 8.909E+01 1.215E+13 8.130E-01 1.053E+01 2.000E+05 4.193E-13 2.681E+02
 1.00435459E+00   8031.7 9.610E+01 1.580E+13 1.190E+00 1.487E+01 2.000E+05 2.571E-12 4.865E+02
 1.07707917E+00   8283.6 1.021E+02 2.034E+13 1.750E+00 2.099E+01 2.000E+05 2.139E-11 9.934E+02
 1.14351420E+00   8570.0 1.071E+02 2.553E+13 2.513E+00 2.889E+01 2.000E+05 1.790E-10 1.950E+03
 1.20718401E+00   8892.1 1.113E+02 3.078E+13 3.378E+00 3.717E+01 2.000E+05 4.567E-10 2.965E+03
 1.27371618E+00   9256.1 1.153E+02 3.530E+13 4.096E+00 4.331E+01 2.000E+05 3.450E-10 2.863E+03
 1.35193358E+00   9663.4 1.197E+02 3.853E+13 4.355E+00 4.455E+01 2.000E+05 6.839E-11 1.657E+03
 1.45636251E+00  10124.7 1.256E+02 4.071E+13 4.134E+00 4.137E+01 2.000E+05 3.770E-12 6.782E+02
 1.60915963E+00  10645.7 1.350E+02 4.273E+13 3.629E+00 3.592E+01 2.000E+05 1.531E-13 2.473E+02
 1.84582364E+00  11237.0 1.508E+02 4.580E+13 3.093E+00 3.061E+01 2.000E+05 5.440E-15 9.146E+01
 2.21676868E+00  11906.6 1.775E+02 5.116E+13 2.638E+00 2.621E+01 2.000E+05 2.133E-16 2.801E+01
 2.79025383E+00  12658.1 2.208E+02 6.011E+13 2.304E+00 2.298E+01 2.000E+05 4.162E-20 1.914E+00
 3.64976076E+00  13494.1 2.880E+02 7.394E+13 2.088E+00 2.083E+01 2.000E+05 4.966E-17 6.519E+00
 4.88715629E+00  14408.6 3.869E+02 9.395E+13 1.971E+00 1.959E+01 2.000E+05 1.231E-15 4.442E+01
 6.60663052E+00  15403.6 5.258E+02 1.210E+14 1.913E+00 1.892E+01 2.000E+05 2.286E-15 5.449E+01
 8.96773632E+00  16482.2 7.180E+02 1.561E+14 1.857E+00 1.831E+01 2.000E+05 3.939E-16 0.000E+00
 1.22187705E+01  17653.7 9.847E+02 2.009E+14 1.795E+00 1.767E+01 2.000E+05 0.000E+00 0.000E+00
 1.66868485E+01  18918.6 1.354E+03 2.583E+14 1.750E+00 1.719E+01 2.000E+05 8.880E-18 0.000E+00
 2.27659457E+01  20291.6 1.858E+03 3.309E+14 1.724E+00 1.691E+01 2.000E+05 0.000E+00 0.000E+00
 3.09351075E+01  21770.9 2.537E+03 4.213E+14 1.723E+00 1.685E+01 2.000E+05 0.000E+00 0.000E+00
 4.17620142E+01  23369.2 3.437E+03 5.317E+14 1.745E+00 1.698E+01 2.000E+05 0.000E+00 0.000E+00
 5.59058674E+01  25087.8 4.613E+03 6.648E+14 1.792E+00 1.676E+01 2.000E+05 0.000E+00 0.000E+00
PRADK 6.9905E+00
BEGIN                    ITERATION  15 COMPLETED
