EFF  26000.  GRAVITY 4.50000 LTE 
ITLE SDSC GRID  [-1.5]   VTURB 2.0 KM/S                                        
OPACITY IFOP 1 1 1 1 1 1 1 1 1 1 1 1 1 0 1 0 0 0 0 0
CONVECTION OFF  1.00 TURBULENCE OFF  0.00  0.00  0.00  0.00
BUNDANCE SCALE   0.03162 ABUNDANCE CHANGE 1 0.91100 2 0.08900
ABUNDANCE CHANGE  3 -10.88  4 -10.89  5  -9.44  6  -3.48  7  -3.99  8  -3.11
ABUNDANCE CHANGE  9  -7.48 10  -3.95 11  -5.71 12  -4.46 13  -5.57 14  -4.49
ABUNDANCE CHANGE 15  -6.59 16  -4.83 17  -6.54 18  -5.48 19  -6.82 20  -5.68
ABUNDANCE CHANGE 21  -8.94 22  -7.05 23  -8.04 24  -6.37 25  -6.65 26  -4.37
ABUNDANCE CHANGE 27  -7.12 28  -5.79 29  -7.83 30  -7.44 31  -9.16 32  -8.63
ABUNDANCE CHANGE 33  -9.67 34  -8.69 35  -9.41 36  -8.81 37  -9.44 38  -9.14
ABUNDANCE CHANGE 39  -9.80 40  -9.54 41 -10.62 42 -10.12 43 -20.00 44 -10.20
ABUNDANCE CHANGE 45 -10.92 46 -10.35 47 -11.10 48 -10.18 49 -10.58 50 -10.04
ABUNDANCE CHANGE 51 -11.04 52  -9.80 53 -10.53 54  -9.81 55 -10.92 56  -9.91
ABUNDANCE CHANGE 57 -10.82 58 -10.49 59 -11.33 60 -10.54 61 -20.00 62 -11.04
ABUNDANCE CHANGE 63 -11.53 64 -10.92 65 -11.94 66 -10.94 67 -11.78 68 -11.11
ABUNDANCE CHANGE 69 -12.04 70 -10.96 71 -11.28 72 -11.16 73 -11.91 74 -10.93
ABUNDANCE CHANGE 75 -11.77 76 -10.59 77 -10.69 78 -10.24 79 -11.03 80 -10.95
ABUNDANCE CHANGE 81 -11.14 82 -10.19 83 -11.33 84 -20.00 85 -20.00 86 -20.00
ABUNDANCE CHANGE 87 -20.00 88 -20.00 89 -20.00 90 -11.92 91 -20.00 92 -12.51
ABUNDANCE CHANGE 93 -20.00 94 -20.00 95 -20.00 96 -20.00 97 -20.00 98 -20.00
ABUNDANCE CHANGE 99 -20.00
EAD DECK6 64 RHOX,T,P,XNE,ABROSS,ACCRAD,VTURB
5.00789251E-06  14456.5 1.567E-01 3.926E+10 3.272E-01 3.240E+02 2.000E+05
5.43549862E-06  14526.5 1.701E-01 4.240E+10 3.272E-01 3.234E+02 2.000E+05
7.24425435E-06  14559.3 2.267E-01 5.639E+10 3.283E-01 3.267E+02 2.000E+05
9.64836131E-06  14576.9 3.020E-01 7.500E+10 3.296E-01 3.315E+02 2.000E+05
1.28411569E-05  14602.5 4.019E-01 9.964E+10 3.310E-01 3.362E+02 2.000E+05
1.70796709E-05  14623.0 5.345E-01 1.323E+11 3.326E-01 3.421E+02 2.000E+05
2.27017493E-05  14638.9 7.103E-01 1.757E+11 3.346E-01 3.497E+02 2.000E+05
3.01507607E-05  14663.2 9.432E-01 2.329E+11 3.369E-01 3.589E+02 2.000E+05
4.00077250E-05  14671.3 1.251E+00 3.087E+11 3.398E-01 3.704E+02 2.000E+05
5.30300838E-05  14695.5 1.658E+00 4.084E+11 3.433E-01 3.838E+02 2.000E+05
7.01975807E-05  14725.2 2.194E+00 5.393E+11 3.476E-01 3.997E+02 2.000E+05
9.27719480E-05  14774.0 2.899E+00 7.101E+11 3.530E-01 4.172E+02 2.000E+05
1.22369889E-04  14833.3 3.822E+00 9.324E+11 3.596E-01 4.364E+02 2.000E+05
1.61053316E-04  14912.3 5.028E+00 1.220E+12 3.675E-01 4.560E+02 2.000E+05
2.11436073E-04  15008.8 6.598E+00 1.590E+12 3.769E-01 4.752E+02 2.000E+05
2.76812937E-04  15120.2 8.634E+00 2.065E+12 3.881E-01 4.935E+02 2.000E+05
3.61306287E-04  15238.7 1.126E+01 2.673E+12 4.012E-01 5.112E+02 2.000E+05
4.70027828E-04  15357.4 1.464E+01 3.448E+12 4.168E-01 5.297E+02 2.000E+05
6.09242809E-04  15468.6 1.897E+01 4.434E+12 4.351E-01 5.522E+02 2.000E+05
7.86551722E-04  15571.7 2.448E+01 5.683E+12 4.568E-01 5.814E+02 2.000E+05
1.01111947E-03  15668.0 3.144E+01 7.254E+12 4.823E-01 6.190E+02 2.000E+05
1.29399591E-03  15767.7 4.021E+01 9.215E+12 5.118E-01 6.643E+02 2.000E+05
1.64862133E-03  15873.5 5.118E+01 1.165E+13 5.455E-01 7.168E+02 2.000E+05
2.09150902E-03  15992.3 6.485E+01 1.465E+13 5.834E-01 7.743E+02 2.000E+05
2.64300549E-03  16128.4 8.185E+01 1.833E+13 6.255E-01 8.357E+02 2.000E+05
3.32830495E-03  16284.3 1.029E+02 2.282E+13 6.718E-01 8.991E+02 2.000E+05
4.17850085E-03  16462.1 1.290E+02 2.830E+13 7.225E-01 9.626E+02 2.000E+05
5.23203151E-03  16657.6 1.613E+02 3.496E+13 7.779E-01 1.026E+03 2.000E+05
6.53649581E-03  16869.9 2.012E+02 4.305E+13 8.381E-01 1.088E+03 2.000E+05
8.15037098E-03  17096.4 2.504E+02 5.288E+13 9.037E-01 1.152E+03 2.000E+05
1.01451394E-02  17334.7 3.111E+02 6.480E+13 9.756E-01 1.218E+03 2.000E+05
1.26065757E-02  17584.7 3.858E+02 7.924E+13 1.055E+00 1.290E+03 2.000E+05
1.56384513E-02  17842.9 4.777E+02 9.668E+13 1.143E+00 1.374E+03 2.000E+05
1.93692281E-02  18114.0 5.904E+02 1.177E+14 1.239E+00 1.471E+03 2.000E+05
2.39586320E-02  18405.4 7.285E+02 1.429E+14 1.343E+00 1.585E+03 2.000E+05
2.96099472E-02  18727.9 8.978E+02 1.732E+14 1.453E+00 1.716E+03 2.000E+05
3.65857254E-02  19094.6 1.106E+03 2.092E+14 1.567E+00 1.858E+03 2.000E+05
4.52272665E-02  19516.1 1.363E+03 2.522E+14 1.684E+00 2.006E+03 2.000E+05
5.59850889E-02  20001.1 1.680E+03 3.035E+14 1.798E+00 2.153E+03 2.000E+05
6.94656913E-02  20559.5 2.077E+03 3.650E+14 1.908E+00 2.288E+03 2.000E+05
8.64556452E-02  21205.6 2.574E+03 4.387E+14 2.014E+00 2.418E+03 2.000E+05
1.07949792E-01  21948.3 3.200E+03 5.270E+14 2.120E+00 2.537E+03 2.000E+05
1.35206648E-01  22788.5 3.992E+03 6.331E+14 2.228E+00 2.633E+03 2.000E+05
1.69827598E-01  23727.6 4.994E+03 7.608E+14 2.338E+00 2.713E+03 2.000E+05
2.13772948E-01  24763.8 6.263E+03 9.142E+14 2.460E+00 2.783E+03 2.000E+05
2.69321189E-01  25897.1 7.863E+03 1.098E+15 2.602E+00 2.853E+03 2.000E+05
3.39262161E-01  27129.9 9.872E+03 1.316E+15 2.760E+00 2.928E+03 2.000E+05
4.26876098E-01  28466.0 1.238E+04 1.573E+15 2.948E+00 3.017E+03 2.000E+05
5.35778661E-01  29913.0 1.549E+04 1.873E+15 3.175E+00 3.142E+03 2.000E+05
6.70576617E-01  31486.8 1.932E+04 2.219E+15 3.422E+00 3.289E+03 2.000E+05
8.36648227E-01  33206.9 2.401E+04 2.617E+15 3.719E+00 3.484E+03 2.000E+05
1.03987284E+00  35092.7 2.970E+04 3.070E+15 4.065E+00 3.732E+03 2.000E+05
1.28641396E+00  37164.6 3.654E+04 3.581E+15 4.491E+00 4.037E+03 2.000E+05
1.58342916E+00  39430.3 4.468E+04 4.158E+15 4.969E+00 4.380E+03 2.000E+05
1.94674295E+00  41910.7 5.454E+04 4.818E+15 5.308E+00 4.583E+03 2.000E+05
2.41672023E+00  44603.7 6.725E+04 5.627E+15 5.289E+00 4.525E+03 2.000E+05
3.06810118E+00  47537.2 8.500E+04 6.705E+15 4.952E+00 4.234E+03 2.000E+05
4.00733768E+00  50756.1 1.109E+05 8.215E+15 4.536E+00 3.889E+03 2.000E+05
5.37577649E+00  54278.7 1.491E+05 1.034E+16 4.161E+00 3.562E+03 2.000E+05
7.36102249E+00  58132.4 2.051E+05 1.329E+16 3.835E+00 3.264E+03 2.000E+05
1.02146942E+01  62282.8 2.864E+05 1.733E+16 3.576E+00 3.012E+03 2.000E+05
1.42840005E+01  66797.0 4.033E+05 2.276E+16 3.360E+00 2.792E+03 2.000E+05
2.00071658E+01  71652.6 5.689E+05 2.993E+16 3.204E+00 2.607E+03 2.000E+05
2.79448424E+01  76879.1 7.995E+05 3.920E+16 3.096E+00 2.538E+03 2.000E+05
RADK 8.3238E+02
EGIN                    ITERATION   9 COMPLETED
