EFF   4750.  GRAVITY 4.50000 LTE 
ITLE SDSC GRID  [-1.0]   VTURB 2.0 KM/S    L/H 1.25                            
OPACITY IFOP 1 1 1 1 1 1 1 1 1 1 1 1 1 0 1 0 0 0 0 0
CONVECTION ON   1.25 TURBULENCE OFF  0.00  0.00  0.00  0.00
BUNDANCE SCALE   0.10000 ABUNDANCE CHANGE 1 0.91100 2 0.08900
ABUNDANCE CHANGE  3 -10.88  4 -10.89  5  -9.44  6  -3.48  7  -3.99  8  -3.11
ABUNDANCE CHANGE  9  -7.48 10  -3.95 11  -5.71 12  -4.46 13  -5.57 14  -4.49
ABUNDANCE CHANGE 15  -6.59 16  -4.83 17  -6.54 18  -5.48 19  -6.82 20  -5.68
ABUNDANCE CHANGE 21  -8.94 22  -7.05 23  -8.04 24  -6.37 25  -6.65 26  -4.37
ABUNDANCE CHANGE 27  -7.12 28  -5.79 29  -7.83 30  -7.44 31  -9.16 32  -8.63
ABUNDANCE CHANGE 33  -9.67 34  -8.69 35  -9.41 36  -8.81 37  -9.44 38  -9.14
ABUNDANCE CHANGE 39  -9.80 40  -9.54 41 -10.62 42 -10.12 43 -20.00 44 -10.20
ABUNDANCE CHANGE 45 -10.92 46 -10.35 47 -11.10 48 -10.18 49 -10.58 50 -10.04
ABUNDANCE CHANGE 51 -11.04 52  -9.80 53 -10.53 54  -9.81 55 -10.92 56  -9.91
ABUNDANCE CHANGE 57 -10.82 58 -10.49 59 -11.33 60 -10.54 61 -20.00 62 -11.04
ABUNDANCE CHANGE 63 -11.53 64 -10.92 65 -11.94 66 -10.94 67 -11.78 68 -11.11
ABUNDANCE CHANGE 69 -12.04 70 -10.96 71 -11.28 72 -11.16 73 -11.91 74 -10.93
ABUNDANCE CHANGE 75 -11.77 76 -10.59 77 -10.69 78 -10.24 79 -11.03 80 -10.95
ABUNDANCE CHANGE 81 -11.14 82 -10.19 83 -11.33 84 -20.00 85 -20.00 86 -20.00
ABUNDANCE CHANGE 87 -20.00 88 -20.00 89 -20.00 90 -11.92 91 -20.00 92 -12.51
ABUNDANCE CHANGE 93 -20.00 94 -20.00 95 -20.00 96 -20.00 97 -20.00 98 -20.00
ABUNDANCE CHANGE 99 -20.00
EAD DECK6 72 RHOX,T,P,XNE,ABROSS,ACCRAD,VTURB
2.79097966E-03   3140.8 8.826E+01 8.036E+08 4.778E-05 4.415E-03 2.000E+05 0.000E+00 0.000E+00
3.64882300E-03   3156.4 1.154E+02 1.005E+09 5.591E-05 4.649E-03 2.000E+05 0.000E+00 0.000E+00
4.62707042E-03   3173.5 1.463E+02 1.238E+09 6.534E-05 4.733E-03 2.000E+05 0.000E+00 0.000E+00
5.74514555E-03   3191.3 1.817E+02 1.507E+09 7.613E-05 4.780E-03 2.000E+05 0.000E+00 0.000E+00
7.02649432E-03   3209.5 2.222E+02 1.816E+09 8.849E-05 4.826E-03 2.000E+05 0.000E+00 0.000E+00
8.49792212E-03   3227.9 2.687E+02 2.173E+09 1.027E-04 4.876E-03 2.000E+05 0.000E+00 0.000E+00
1.01899960E-02   3246.7 3.222E+02 2.587E+09 1.190E-04 4.934E-03 2.000E+05 0.000E+00 0.000E+00
1.21375096E-02   3265.7 3.838E+02 3.065E+09 1.378E-04 4.973E-03 2.000E+05 0.000E+00 0.000E+00
1.43811151E-02   3284.9 4.548E+02 3.619E+09 1.595E-04 5.021E-03 2.000E+05 0.000E+00 0.000E+00
1.69667422E-02   3304.6 5.366E+02 4.264E+09 1.845E-04 5.081E-03 2.000E+05 0.000E+00 0.000E+00
1.99469466E-02   3324.6 6.308E+02 5.014E+09 2.135E-04 5.129E-03 2.000E+05 0.000E+00 0.000E+00
2.33818936E-02   3345.1 7.394E+02 5.886E+09 2.470E-04 5.185E-03 2.000E+05 0.000E+00 0.000E+00
2.73407120E-02   3365.9 8.646E+02 6.902E+09 2.858E-04 5.260E-03 2.000E+05 0.000E+00 0.000E+00
3.19022355E-02   3387.2 1.009E+03 8.085E+09 3.309E-04 5.357E-03 2.000E+05 0.000E+00 0.000E+00
3.71540607E-02   3409.3 1.175E+03 9.470E+09 3.834E-04 5.442E-03 2.000E+05 0.000E+00 0.000E+00
4.31984255E-02   3431.7 1.366E+03 1.108E+10 4.442E-04 5.536E-03 2.000E+05 0.000E+00 0.000E+00
5.01547985E-02   3454.6 1.586E+03 1.296E+10 5.147E-04 5.645E-03 2.000E+05 0.000E+00 0.000E+00
5.81635585E-02   3477.7 1.839E+03 1.515E+10 5.960E-04 5.744E-03 2.000E+05 0.000E+00 0.000E+00
6.73849170E-02   3501.5 2.131E+03 1.770E+10 6.904E-04 5.838E-03 2.000E+05 0.000E+00 0.000E+00
7.80120164E-02   3524.8 2.467E+03 2.063E+10 7.981E-04 5.959E-03 2.000E+05 0.000E+00 0.000E+00
9.02695983E-02   3548.5 2.855E+03 2.405E+10 9.228E-04 6.113E-03 2.000E+05 0.000E+00 0.000E+00
1.04416352E-01   3572.0 3.302E+03 2.798E+10 1.066E-03 6.294E-03 2.000E+05 0.000E+00 0.000E+00
1.20749564E-01   3595.9 3.818E+03 3.256E+10 1.231E-03 6.488E-03 2.000E+05 0.000E+00 0.000E+00
1.39620157E-01   3619.3 4.415E+03 3.782E+10 1.419E-03 6.711E-03 2.000E+05 0.000E+00 0.000E+00
1.61453900E-01   3642.6 5.106E+03 4.390E+10 1.635E-03 6.950E-03 2.000E+05 0.000E+00 0.000E+00
1.86742064E-01   3665.6 5.905E+03 5.089E+10 1.881E-03 7.210E-03 2.000E+05 0.000E+00 0.000E+00
2.16082009E-01   3687.8 6.833E+03 5.887E+10 2.160E-03 7.524E-03 2.000E+05 0.000E+00 0.000E+00
2.50174591E-01   3709.4 7.911E+03 6.801E+10 2.478E-03 7.897E-03 2.000E+05 0.000E+00 0.000E+00
2.89849072E-01   3730.0 9.166E+03 7.843E+10 2.837E-03 8.337E-03 2.000E+05 0.000E+00 0.000E+00
3.36065869E-01   3750.5 1.063E+04 9.041E+10 3.247E-03 8.850E-03 2.000E+05 0.000E+00 0.000E+00
3.89942330E-01   3770.4 1.233E+04 1.041E+11 3.713E-03 9.434E-03 2.000E+05 0.000E+00 0.000E+00
4.52805551E-01   3789.9 1.432E+04 1.198E+11 4.242E-03 1.010E-02 2.000E+05 0.000E+00 0.000E+00
5.26238890E-01   3808.7 1.664E+04 1.377E+11 4.839E-03 1.086E-02 2.000E+05 0.000E+00 0.000E+00
6.12078748E-01   3827.4 1.936E+04 1.583E+11 5.520E-03 1.171E-02 2.000E+05 0.000E+00 0.000E+00
7.12500592E-01   3845.3 2.253E+04 1.817E+11 6.288E-03 1.269E-02 2.000E+05 0.000E+00 0.000E+00
8.30035422E-01   3863.3 2.625E+04 2.087E+11 7.166E-03 1.381E-02 2.000E+05 0.000E+00 0.000E+00
9.67613637E-01   3881.1 3.060E+04 2.396E+11 8.163E-03 1.509E-02 2.000E+05 0.000E+00 0.000E+00
1.12858680E+00   3899.5 3.569E+04 2.755E+11 9.308E-03 1.658E-02 2.000E+05 0.000E+00 0.000E+00
1.31676616E+00   3918.6 4.164E+04 3.170E+11 1.062E-02 1.828E-02 2.000E+05 0.000E+00 0.000E+00
1.53642536E+00   3939.0 4.859E+04 3.657E+11 1.215E-02 2.023E-02 2.000E+05 0.000E+00 0.000E+00
1.79231518E+00   3961.0 5.668E+04 4.227E+11 1.392E-02 2.247E-02 2.000E+05 0.000E+00 0.000E+00
2.08964846E+00   3985.4 6.608E+04 4.905E+11 1.600E-02 2.506E-02 2.000E+05 0.000E+00 0.000E+00
2.43394997E+00   4012.7 7.697E+04 5.715E+11 1.846E-02 2.805E-02 2.000E+05 0.000E+00 0.000E+00
2.83099631E+00   4043.9 8.952E+04 6.693E+11 2.140E-02 3.155E-02 2.000E+05 0.000E+00 0.000E+00
3.28645351E+00   4080.0 1.039E+05 7.887E+11 2.495E-02 3.567E-02 2.000E+05 0.000E+00 0.000E+00
3.80582325E+00   4122.0 1.204E+05 9.361E+11 2.926E-02 4.055E-02 2.000E+05 0.000E+00 0.000E+00
4.39422541E+00   4171.3 1.390E+05 1.120E+12 3.456E-02 4.634E-02 2.000E+05 0.000E+00 0.000E+00
5.05659193E+00   4229.2 1.599E+05 1.350E+12 4.106E-02 5.314E-02 2.000E+05 0.000E+00 0.000E+00
5.79798438E+00   4296.9 1.833E+05 1.641E+12 4.905E-02 6.126E-02 2.000E+05 0.000E+00 0.000E+00
6.62324413E+00   4376.9 2.094E+05 2.011E+12 5.889E-02 7.096E-02 2.000E+05 0.000E+00 0.000E+00
7.53928910E+00   4470.1 2.384E+05 2.481E+12 7.075E-02 8.210E-02 2.000E+05 0.000E+00 0.000E+00
8.55678064E+00   4576.3 2.706E+05 3.074E+12 8.493E-02 9.565E-02 2.000E+05 0.000E+00 0.000E+00
9.68243597E+00   4715.1 3.062E+05 3.905E+12 1.030E-01 1.125E-01 2.000E+05 5.312E-05 0.000E+00
1.09065414E+01   4896.6 3.449E+05 5.195E+12 1.280E-01 1.327E-01 2.000E+05 6.529E-03 0.000E+00
1.21913655E+01   5092.9 3.855E+05 7.293E+12 1.657E-01 1.562E-01 2.000E+05 5.210E-02 0.000E+00
1.35133735E+01   5252.2 4.273E+05 1.017E+13 2.149E-01 1.812E-01 2.000E+05 1.242E-01 0.000E+00
1.48617597E+01   5407.9 4.700E+05 1.450E+13 2.841E-01 2.145E-01 2.000E+05 2.043E-01 0.000E+00
1.61941496E+01   5582.0 5.121E+05 2.178E+13 3.920E-01 2.663E-01 2.000E+05 2.830E-01 3.489E+04
1.74568451E+01   5779.8 5.520E+05 3.448E+13 5.612E-01 3.382E-01 2.000E+05 3.589E-01 7.932E+04
1.86189149E+01   5990.6 5.888E+05 5.557E+13 8.155E-01 4.119E-01 2.000E+05 4.675E-01 1.019E+05
1.97077349E+01   6185.3 6.232E+05 8.511E+13 1.137E+00 4.507E-01 2.000E+05 5.809E-01 1.087E+05
2.07630736E+01   6371.2 6.566E+05 1.258E+14 1.546E+00 4.758E-01 2.000E+05 6.779E-01 1.138E+05
2.18094364E+01   6552.4 6.897E+05 1.812E+14 2.058E+00 4.946E-01 2.000E+05 7.488E-01 1.166E+05
2.28664895E+01   6729.6 7.231E+05 2.549E+14 2.696E+00 5.140E-01 2.000E+05 8.020E-01 1.184E+05
2.39481534E+01   6906.2 7.573E+05 3.530E+14 3.495E+00 5.327E-01 2.000E+05 8.413E-01 1.191E+05
2.50683953E+01   7080.7 7.927E+05 4.802E+14 4.474E+00 5.513E-01 2.000E+05 8.724E-01 1.195E+05
2.62376427E+01   7257.3 8.297E+05 6.470E+14 5.704E+00 5.675E-01 2.000E+05 8.963E-01 1.189E+05
2.74670628E+01   7432.0 8.686E+05 8.588E+14 7.201E+00 5.793E-01 2.000E+05 9.169E-01 1.186E+05
2.87669012E+01   7610.7 9.097E+05 1.133E+15 9.072E+00 5.899E-01 2.000E+05 9.320E-01 1.171E+05
3.01491656E+01   7786.3 9.534E+05 1.474E+15 1.133E+01 5.965E-01 2.000E+05 9.458E-01 1.165E+05
3.16228266E+01   7968.4 1.000E+06 1.913E+15 1.418E+01 5.992E-01 2.000E+05 9.556E-01 1.134E+05
3.32020731E+01   8142.9 1.050E+06 2.436E+15 1.750E+01 6.455E-01 2.000E+05 9.623E-01 1.133E+05
RADK 6.7625E-01
EGIN                    ITERATION  15 COMPLETED
