TEFF   5750.  GRAVITY 1.00000 LTE 
TITLE SDSC GRID  [+0.2]   VTURB 2.0 KM/S    L/H 1.25                            
 OPACITY IFOP 1 1 1 1 1 1 1 1 1 1 1 1 1 0 1 0 0 0 0 0
 CONVECTION ON   1.25 TURBULENCE OFF  0.00  0.00  0.00  0.00
ABUNDANCE SCALE   1.58489 ABUNDANCE CHANGE 1 0.91100 2 0.08900
 ABUNDANCE CHANGE  3 -10.88  4 -10.89  5  -9.44  6  -3.48  7  -3.99  8  -3.11
 ABUNDANCE CHANGE  9  -7.48 10  -3.95 11  -5.71 12  -4.46 13  -5.57 14  -4.49
 ABUNDANCE CHANGE 15  -6.59 16  -4.83 17  -6.54 18  -5.48 19  -6.82 20  -5.68
 ABUNDANCE CHANGE 21  -8.94 22  -7.05 23  -8.04 24  -6.37 25  -6.65 26  -4.37
 ABUNDANCE CHANGE 27  -7.12 28  -5.79 29  -7.83 30  -7.44 31  -9.16 32  -8.63
 ABUNDANCE CHANGE 33  -9.67 34  -8.69 35  -9.41 36  -8.81 37  -9.44 38  -9.14
 ABUNDANCE CHANGE 39  -9.80 40  -9.54 41 -10.62 42 -10.12 43 -20.00 44 -10.20
 ABUNDANCE CHANGE 45 -10.92 46 -10.35 47 -11.10 48 -10.18 49 -10.58 50 -10.04
 ABUNDANCE CHANGE 51 -11.04 52  -9.80 53 -10.53 54  -9.81 55 -10.92 56  -9.91
 ABUNDANCE CHANGE 57 -10.82 58 -10.49 59 -11.33 60 -10.54 61 -20.00 62 -11.04
 ABUNDANCE CHANGE 63 -11.53 64 -10.92 65 -11.94 66 -10.94 67 -11.78 68 -11.11
 ABUNDANCE CHANGE 69 -12.04 70 -10.96 71 -11.28 72 -11.16 73 -11.91 74 -10.93
 ABUNDANCE CHANGE 75 -11.77 76 -10.59 77 -10.69 78 -10.24 79 -11.03 80 -10.95
 ABUNDANCE CHANGE 81 -11.14 82 -10.19 83 -11.33 84 -20.00 85 -20.00 86 -20.00
 ABUNDANCE CHANGE 87 -20.00 88 -20.00 89 -20.00 90 -11.92 91 -20.00 92 -12.51
 ABUNDANCE CHANGE 93 -20.00 94 -20.00 95 -20.00 96 -20.00 97 -20.00 98 -20.00
 ABUNDANCE CHANGE 99 -20.00
READ DECK6 72 RHOX,T,P,XNE,ABROSS,ACCRAD,VTURB
 1.26792523E-03   3438.2 1.267E-02 5.027E+06 1.052E-04 6.554E-03 2.000E+05 0.000E+00 0.000E+00
 1.68918053E-03   3448.1 1.688E-02 6.652E+06 1.060E-04 6.971E-03 2.000E+05 0.000E+00 0.000E+00
 2.24639305E-03   3457.4 2.245E-02 8.789E+06 1.069E-04 7.421E-03 2.000E+05 0.000E+00 0.000E+00
 2.98214371E-03   3472.0 2.980E-02 1.159E+07 1.081E-04 7.789E-03 2.000E+05 0.000E+00 0.000E+00
 3.95117374E-03   3492.0 3.948E-02 1.525E+07 1.096E-04 8.054E-03 2.000E+05 0.000E+00 0.000E+00
 5.22502699E-03   3515.5 5.221E-02 2.003E+07 1.112E-04 8.177E-03 2.000E+05 0.000E+00 0.000E+00
 6.89691672E-03   3541.8 6.892E-02 2.624E+07 1.131E-04 8.159E-03 2.000E+05 0.000E+00 0.000E+00
 9.08771319E-03   3569.9 9.080E-02 3.431E+07 1.152E-04 8.027E-03 2.000E+05 0.000E+00 0.000E+00
 1.19535516E-02   3600.0 1.194E-01 4.480E+07 1.175E-04 7.842E-03 2.000E+05 0.000E+00 0.000E+00
 1.56949710E-02   3630.9 1.568E-01 5.838E+07 1.202E-04 7.621E-03 2.000E+05 0.000E+00 0.000E+00
 2.05676290E-02   3662.4 2.055E-01 7.593E+07 1.232E-04 7.458E-03 2.000E+05 0.000E+00 0.000E+00
 2.68981196E-02   3693.7 2.688E-01 9.858E+07 1.266E-04 7.264E-03 2.000E+05 0.000E+00 0.000E+00
 3.51042738E-02   3724.7 3.508E-01 1.277E+08 1.304E-04 7.108E-03 2.000E+05 0.000E+00 0.000E+00
 4.57102768E-02   3756.0 4.568E-01 1.652E+08 1.347E-04 7.012E-03 2.000E+05 0.000E+00 0.000E+00
 5.93697118E-02   3787.5 5.933E-01 2.130E+08 1.398E-04 6.910E-03 2.000E+05 0.000E+00 0.000E+00
 7.68850937E-02   3819.9 7.683E-01 2.740E+08 1.457E-04 6.840E-03 2.000E+05 0.000E+00 0.000E+00
 9.92393048E-02   3853.7 9.917E-01 3.514E+08 1.526E-04 6.762E-03 2.000E+05 0.000E+00 0.000E+00
 1.27631999E-01   3889.3 1.275E+00 4.492E+08 1.606E-04 6.707E-03 2.000E+05 0.000E+00 0.000E+00
 1.63514844E-01   3925.8 1.634E+00 5.723E+08 1.699E-04 6.589E-03 2.000E+05 0.000E+00 0.000E+00
 2.08628280E-01   3962.7 2.085E+00 7.265E+08 1.806E-04 6.422E-03 2.000E+05 0.000E+00 0.000E+00
 2.65016825E-01   3999.7 2.648E+00 9.187E+08 1.933E-04 6.281E-03 2.000E+05 0.000E+00 0.000E+00
 3.35066242E-01   4037.0 3.348E+00 1.157E+09 2.081E-04 6.187E-03 2.000E+05 0.000E+00 0.000E+00
 4.21585794E-01   4074.7 4.213E+00 1.451E+09 2.253E-04 6.131E-03 2.000E+05 0.000E+00 0.000E+00
 5.27882189E-01   4112.5 5.275E+00 1.813E+09 2.451E-04 6.034E-03 2.000E+05 0.000E+00 0.000E+00
 6.57824578E-01   4150.2 6.574E+00 2.256E+09 2.680E-04 5.905E-03 2.000E+05 0.000E+00 0.000E+00
 8.15789262E-01   4187.3 8.153E+00 2.795E+09 2.949E-04 5.821E-03 2.000E+05 0.000E+00 0.000E+00
 1.00672395E+00   4224.1 1.006E+01 3.449E+09 3.262E-04 5.780E-03 2.000E+05 0.000E+00 0.000E+00
 1.23636061E+00   4260.9 1.236E+01 4.239E+09 3.624E-04 5.822E-03 2.000E+05 0.000E+00 0.000E+00
 1.51140195E+00   4298.1 1.510E+01 5.192E+09 4.043E-04 5.840E-03 2.000E+05 0.000E+00 0.000E+00
 1.83964732E+00   4335.5 1.839E+01 6.340E+09 4.525E-04 5.837E-03 2.000E+05 0.000E+00 0.000E+00
 2.22999214E+00   4372.9 2.229E+01 7.717E+09 5.084E-04 5.843E-03 2.000E+05 0.000E+00 0.000E+00
 2.69197419E+00   4410.2 2.690E+01 9.366E+09 5.743E-04 5.938E-03 2.000E+05 0.000E+00 0.000E+00
 3.23667124E+00   4448.1 3.235E+01 1.134E+10 6.502E-04 6.028E-03 2.000E+05 0.000E+00 0.000E+00
 3.87706215E+00   4486.6 3.875E+01 1.370E+10 7.387E-04 6.180E-03 2.000E+05 0.000E+00 0.000E+00
 4.62779843E+00   4526.1 4.625E+01 1.654E+10 8.412E-04 6.316E-03 2.000E+05 0.000E+00 0.000E+00
 5.50601855E+00   4566.0 5.503E+01 1.994E+10 9.600E-04 6.436E-03 2.000E+05 0.000E+00 0.000E+00
 6.52957917E+00   4606.0 6.525E+01 2.400E+10 1.101E-03 6.665E-03 2.000E+05 0.000E+00 0.000E+00
 7.71850153E+00   4646.6 7.714E+01 2.886E+10 1.265E-03 6.920E-03 2.000E+05 0.000E+00 0.000E+00
 9.09744499E+00   4687.8 9.091E+01 3.468E+10 1.455E-03 7.191E-03 2.000E+05 0.000E+00 0.000E+00
 1.06946404E+01   4729.3 1.069E+02 4.166E+10 1.677E-03 7.525E-03 2.000E+05 0.000E+00 0.000E+00
 1.25409957E+01   4771.6 1.253E+02 5.005E+10 1.937E-03 7.944E-03 2.000E+05 0.000E+00 0.000E+00
 1.46683318E+01   4814.9 1.466E+02 6.017E+10 2.247E-03 8.504E-03 2.000E+05 0.000E+00 0.000E+00
 1.71092286E+01   4860.3 1.710E+02 7.249E+10 2.616E-03 9.195E-03 2.000E+05 0.000E+00 0.000E+00
 1.99000520E+01   4908.4 1.988E+02 8.767E+10 3.056E-03 1.000E-02 2.000E+05 0.000E+00 0.000E+00
 2.30796382E+01   4959.5 2.306E+02 1.065E+11 3.584E-03 1.096E-02 2.000E+05 0.000E+00 0.000E+00
 2.66856372E+01   5014.8 2.666E+02 1.303E+11 4.227E-03 1.215E-02 2.000E+05 0.000E+00 0.000E+00
 3.07358244E+01   5076.4 3.071E+02 1.613E+11 5.056E-03 1.385E-02 2.000E+05 0.000E+00 0.000E+00
 3.52176518E+01   5147.4 3.518E+02 2.032E+11 6.141E-03 1.614E-02 2.000E+05 3.114E-17 0.000E+00
 4.00912344E+01   5230.4 4.005E+02 2.621E+11 7.608E-03 1.923E-02 2.000E+05 4.307E-15 0.000E+00
 4.52783297E+01   5328.0 4.522E+02 3.483E+11 9.656E-03 2.357E-02 2.000E+05 1.591E-14 0.000E+00
 5.06133393E+01   5448.7 5.054E+02 4.853E+11 1.281E-02 3.054E-02 2.000E+05 4.065E-11 0.000E+00
 5.58469205E+01   5598.1 5.576E+02 7.150E+11 1.792E-02 4.232E-02 2.000E+05 4.415E-07 1.564E+01
 6.03853616E+01   5825.7 6.028E+02 1.235E+12 2.904E-02 6.268E-02 2.000E+05 3.281E-02 6.133E+01
 6.44137708E+01   5984.3 6.428E+02 1.797E+12 4.083E-02 7.610E-02 2.000E+05 1.032E-01 2.032E+01
 6.85228535E+01   6080.3 6.836E+02 2.267E+12 5.050E-02 8.476E-02 2.000E+05 1.547E-01 4.044E+00
 7.28717376E+01   6206.1 7.266E+02 3.020E+12 6.599E-02 1.070E-01 2.000E+05 1.824E-01 1.881E+02
 7.70356836E+01   6402.9 7.677E+02 4.552E+12 9.828E-02 1.581E-01 2.000E+05 2.134E-01 8.549E+02
 8.05932583E+01   6650.4 8.026E+02 7.325E+12 1.594E-01 2.498E-01 2.000E+05 2.489E-01 3.042E+03
 8.34181923E+01   6935.8 8.299E+02 1.209E+13 2.751E-01 4.045E-01 2.000E+05 2.901E-01 1.038E+04
 8.55988700E+01   7231.2 8.506E+02 1.940E+13 4.782E-01 6.766E-01 2.000E+05 3.292E-01 3.803E+04
 8.71428362E+01   7612.1 8.646E+02 3.338E+13 9.566E-01 1.266E+00 2.000E+05 3.695E-01 8.066E+04
 8.82243241E+01   7959.4 8.736E+02 5.166E+13 1.756E+00 2.194E+00 2.000E+05 4.060E-01 1.710E+05
 8.89373574E+01   8419.2 8.785E+02 8.485E+13 3.704E+00 4.022E+00 2.000E+05 4.561E-01 6.556E+05
 8.94558840E+01   8748.0 8.816E+02 1.143E+14 5.955E+00 3.924E+00 2.000E+05 6.745E-01 9.102E+05
 8.99342190E+01   8977.8 8.847E+02 1.369E+14 7.983E+00 3.369E+00 2.000E+05 8.003E-01 9.898E+05
 9.04260699E+01   9184.5 8.880E+02 1.578E+14 1.011E+01 2.897E+00 2.000E+05 8.555E-01 1.002E+06
 9.09628372E+01   9354.8 8.919E+02 1.750E+14 1.200E+01 2.799E+00 2.000E+05 8.903E-01 1.055E+06
 9.15621473E+01   9571.8 8.962E+02 1.958E+14 1.439E+01 2.746E+00 2.000E+05 9.052E-01 1.069E+06
 9.22507089E+01   9746.7 9.012E+02 2.115E+14 1.625E+01 2.811E+00 2.000E+05 9.183E-01 1.116E+06
 9.30530068E+01  10032.7 9.069E+02 2.329E+14 1.881E+01 3.055E+00 2.000E+05 9.190E-01 1.127E+06
 9.40124397E+01  10262.4 9.132E+02 2.467E+14 2.008E+01 3.955E+00 2.000E+05 9.081E-01 1.210E+06
 9.52486991E+01  10882.8 9.194E+02 2.647E+14 2.038E+01 6.005E+00 2.000E+05 8.568E-01 1.322E+06
PRADK 1.4492E+00
BEGIN                    ITERATION  15 COMPLETED
