TEFF   6500.  GRAVITY 3.00000 LTE
TITLE SDSC GRID  [-4.0]   VTURB 2.0 KM/S    L/H 1.25
 OPACITY IFOP 1 1 1 1 1 1 1 1 1 1 1 1 1 0 1 0 0 0 0 0
 CONVECTION ON   1.25 TURBULENCE OFF  0.00  0.00  0.00  0.00
ABUNDANCE SCALE   0.00010 ABUNDANCE CHANGE 1 0.91100 2 0.08900
 ABUNDANCE CHANGE  3 -10.88  4 -10.89  5  -9.44  6  -3.48  7  -3.99  8  -3.11
 ABUNDANCE CHANGE  9  -7.48 10  -3.95 11  -5.71 12  -4.46 13  -5.57 14  -4.49
 ABUNDANCE CHANGE 15  -6.59 16  -4.83 17  -6.54 18  -5.48 19  -6.82 20  -5.68
 ABUNDANCE CHANGE 21  -8.94 22  -7.05 23  -8.04 24  -6.37 25  -6.65 26  -4.37
 ABUNDANCE CHANGE 27  -7.12 28  -5.79 29  -7.83 30  -7.44 31  -9.16 32  -8.63
 ABUNDANCE CHANGE 33  -9.67 34  -8.69 35  -9.41 36  -8.81 37  -9.44 38  -9.14
 ABUNDANCE CHANGE 39  -9.80 40  -9.54 41 -10.62 42 -10.12 43 -20.00 44 -10.20
 ABUNDANCE CHANGE 45 -10.92 46 -10.35 47 -11.10 48 -10.18 49 -10.58 50 -10.04
 ABUNDANCE CHANGE 51 -11.04 52  -9.80 53 -10.53 54  -9.81 55 -10.92 56  -9.91
 ABUNDANCE CHANGE 57 -10.82 58 -10.49 59 -11.33 60 -10.54 61 -20.00 62 -11.04
 ABUNDANCE CHANGE 63 -11.53 64 -10.92 65 -11.94 66 -10.94 67 -11.78 68 -11.11
 ABUNDANCE CHANGE 69 -12.04 70 -10.96 71 -11.28 72 -11.16 73 -11.91 74 -10.93
 ABUNDANCE CHANGE 75 -11.77 76 -10.59 77 -10.69 78 -10.24 79 -11.03 80 -10.95
 ABUNDANCE CHANGE 81 -11.14 82 -10.19 83 -11.33 84 -20.00 85 -20.00 86 -20.00
 ABUNDANCE CHANGE 87 -20.00 88 -20.00 89 -20.00 90 -11.92 91 -20.00 92 -12.51
 ABUNDANCE CHANGE 93 -20.00 94 -20.00 95 -20.00 96 -20.00 97 -20.00 98 -20.00
 ABUNDANCE CHANGE 99 -20.00
READ DECK6 72 RHOX,T,P,XNE,ABROSS,ACCRAD,VTURB
 2.16631830E-05   4938.0 2.166E-02 5.577E+08 6.156E-03 2.527E-02 2.000E+05 0.000E+00 0.000E+00
 2.93847038E-05   4939.0 2.938E-02 6.534E+08 5.364E-03 2.267E-02 2.000E+05 0.000E+00 0.000E+00
 4.12818590E-05   4940.0 4.128E-02 7.789E+08 4.606E-03 2.018E-02 2.000E+05 0.000E+00 0.000E+00
 5.98398563E-05   4941.0 5.986E-02 9.433E+08 3.906E-03 1.790E-02 2.000E+05 0.000E+00 0.000E+00
 8.93634693E-05   4942.7 8.943E-02 1.162E+09 3.285E-03 1.589E-02 2.000E+05 0.000E+00 0.000E+00
 1.36177305E-04   4945.9 1.363E-01 1.452E+09 2.761E-03 1.421E-02 2.000E+05 0.000E+00 0.000E+00
 2.10232952E-04   4950.6 2.106E-01 1.836E+09 2.331E-03 1.284E-02 2.000E+05 0.000E+00 0.000E+00
 3.26544274E-04   4957.1 3.274E-01 2.341E+09 1.986E-03 1.177E-02 2.000E+05 0.000E+00 0.000E+00
 5.07839409E-04   4965.5 5.088E-01 3.001E+09 1.716E-03 1.094E-02 2.000E+05 0.000E+00 0.000E+00
 7.86638038E-04   4972.3 7.878E-01 3.821E+09 1.494E-03 1.026E-02 2.000E+05 0.000E+00 0.000E+00
 1.21022678E-03   4979.5 1.211E+00 4.853E+09 1.323E-03 9.753E-03 2.000E+05 0.000E+00 0.000E+00
 1.84000302E-03   4988.1 1.841E+00 6.154E+09 1.201E-03 9.403E-03 2.000E+05 0.000E+00 0.000E+00
 2.75251679E-03   4997.6 2.754E+00 7.763E+09 1.120E-03 9.183E-03 2.000E+05 0.000E+00 0.000E+00
 4.03814626E-03   5008.4 4.040E+00 9.733E+09 1.075E-03 9.078E-03 2.000E+05 0.000E+00 0.000E+00
 5.80089561E-03   5019.4 5.802E+00 1.209E+10 1.058E-03 9.063E-03 2.000E+05 0.000E+00 0.000E+00
 8.15429395E-03   5032.0 8.156E+00 1.491E+10 1.070E-03 9.141E-03 2.000E+05 0.000E+00 0.000E+00
 1.12220471E-02   5045.0 1.122E+01 1.823E+10 1.106E-03 9.294E-03 2.000E+05 0.000E+00 0.000E+00
 1.51412279E-02   5059.1 1.514E+01 2.214E+10 1.165E-03 9.523E-03 2.000E+05 0.000E+00 0.000E+00
 2.00676583E-02   5073.5 2.007E+01 2.667E+10 1.244E-03 9.816E-03 2.000E+05 0.000E+00 0.000E+00
 2.61796963E-02   5088.8 2.618E+01 3.194E+10 1.344E-03 1.018E-02 2.000E+05 0.000E+00 0.000E+00
 3.36827793E-02   5104.6 3.368E+01 3.804E+10 1.467E-03 1.061E-02 2.000E+05 0.000E+00 0.000E+00
 4.28160243E-02   5121.1 4.282E+01 4.511E+10 1.613E-03 1.111E-02 2.000E+05 0.000E+00 0.000E+00
 5.38607347E-02   5138.0 5.386E+01 5.327E+10 1.783E-03 1.169E-02 2.000E+05 0.000E+00 0.000E+00
 6.71585861E-02   5154.9 6.716E+01 6.261E+10 1.978E-03 1.233E-02 2.000E+05 0.000E+00 0.000E+00
 8.31129108E-02   5172.1 8.311E+01 7.336E+10 2.201E-03 1.306E-02 2.000E+05 0.000E+00 0.000E+00
 1.02212210E-01   5189.0 1.022E+02 8.555E+10 2.453E-03 1.386E-02 2.000E+05 0.000E+00 0.000E+00
 1.25056246E-01   5205.5 1.251E+02 9.938E+10 2.736E-03 1.474E-02 2.000E+05 0.000E+00 0.000E+00
 1.52386904E-01   5220.9 1.524E+02 1.148E+11 3.047E-03 1.570E-02 2.000E+05 0.000E+00 0.000E+00
 1.85120242E-01   5235.4 1.851E+02 1.320E+11 3.391E-03 1.674E-02 2.000E+05 0.000E+00 0.000E+00
 2.24427955E-01   5247.6 2.244E+02 1.507E+11 3.758E-03 1.784E-02 2.000E+05 0.000E+00 0.000E+00
 2.71799502E-01   5258.1 2.718E+02 1.710E+11 4.152E-03 1.903E-02 2.000E+05 0.000E+00 0.000E+00
 3.29134052E-01   5265.7 3.291E+02 1.924E+11 4.563E-03 2.029E-02 2.000E+05 0.000E+00 0.000E+00
 3.98786499E-01   5271.7 3.988E+02 2.154E+11 5.004E-03 2.168E-02 2.000E+05 0.000E+00 0.000E+00
 4.83649267E-01   5275.6 4.836E+02 2.400E+11 5.469E-03 2.317E-02 2.000E+05 0.000E+00 0.000E+00
 5.87148089E-01   5279.2 5.871E+02 2.672E+11 5.984E-03 2.487E-02 2.000E+05 0.000E+00 0.000E+00
 7.13191780E-01   5283.1 7.132E+02 2.977E+11 6.559E-03 2.678E-02 2.000E+05 0.000E+00 0.000E+00
 8.66332671E-01   5287.7 8.663E+02 3.325E+11 7.210E-03 2.898E-02 2.000E+05 0.000E+00 0.000E+00
 1.05162985E+00   5294.1 1.052E+03 3.732E+11 7.965E-03 3.154E-02 2.000E+05 0.000E+00 0.000E+00
 1.27486162E+00   5302.2 1.275E+03 4.205E+11 8.836E-03 3.450E-02 2.000E+05 0.000E+00 0.000E+00
 1.54226868E+00   5313.3 1.542E+03 4.774E+11 9.868E-03 3.803E-02 2.000E+05 0.000E+00 0.000E+00
 1.86057786E+00   5327.2 1.861E+03 5.454E+11 1.109E-02 4.221E-02 2.000E+05 0.000E+00 0.000E+00
 2.23680031E+00   5345.3 2.237E+03 6.293E+11 1.256E-02 4.727E-02 2.000E+05 0.000E+00 0.000E+00
 2.67753213E+00   5368.0 2.677E+03 7.338E+11 1.437E-02 5.347E-02 2.000E+05 0.000E+00 0.000E+00
 3.18854471E+00   5396.9 3.188E+03 8.675E+11 1.662E-02 6.122E-02 2.000E+05 0.000E+00 0.000E+00
 3.77352107E+00   5433.3 3.773E+03 1.043E+12 1.950E-02 7.112E-02 2.000E+05 0.000E+00 0.000E+00
 4.43337133E+00   5478.7 4.433E+03 1.277E+12 2.324E-02 8.400E-02 2.000E+05 0.000E+00 0.000E+00
 5.16445986E+00   5535.5 5.164E+03 1.602E+12 2.825E-02 1.013E-01 2.000E+05 3.803E-11 0.000E+00
 5.95740270E+00   5606.1 5.957E+03 2.066E+12 3.514E-02 1.250E-01 2.000E+05 1.340E-10 0.000E+00
 6.79618339E+00   5694.3 6.796E+03 2.754E+12 4.499E-02 1.590E-01 2.000E+05 1.987E-10 0.000E+00
 7.65039986E+00   5815.3 7.650E+03 3.918E+12 6.088E-02 2.142E-01 2.000E+05 2.741E-07 0.000E+00
 8.38566563E+00   6078.5 8.385E+03 7.457E+12 1.064E-01 3.705E-01 2.000E+05 2.026E-04 7.895E+02
 8.95256777E+00   6322.2 8.952E+03 1.283E+13 1.725E-01 5.805E-01 2.000E+05 3.622E-02 7.065E+02
 9.47600606E+00   6469.4 9.475E+03 1.764E+13 2.304E-01 7.271E-01 2.000E+05 9.725E-02 2.310E+02
 1.00147613E+01   6591.5 1.001E+04 2.283E+13 2.924E-01 8.522E-01 2.000E+05 1.578E-01 1.923E+02
 1.05811364E+01   6720.9 1.058E+04 2.968E+13 3.738E-01 1.003E+00 2.000E+05 2.180E-01 7.844E+02
 1.11621680E+01   6876.7 1.116E+04 3.996E+13 4.969E-01 1.243E+00 2.000E+05 2.679E-01 3.050E+03
 1.17220195E+01   7087.8 1.172E+04 5.798E+13 7.185E-01 1.713E+00 2.000E+05 3.010E-01 1.024E+04
 1.22172711E+01   7355.6 1.221E+04 8.937E+13 1.124E+00 2.564E+00 2.000E+05 3.353E-01 3.041E+04
 1.26298282E+01   7659.1 1.262E+04 1.398E+14 1.835E+00 3.957E+00 2.000E+05 3.716E-01 7.114E+04
 1.29598671E+01   8000.8 1.295E+04 2.206E+14 3.119E+00 6.350E+00 2.000E+05 4.077E-01 1.336E+05
 1.32135500E+01   8383.1 1.320E+04 3.489E+14 5.508E+00 1.042E+01 2.000E+05 4.471E-01 2.413E+05
 1.34009634E+01   8789.8 1.339E+04 5.384E+14 9.756E+00 1.444E+01 2.000E+05 5.517E-01 4.465E+05
 1.35579657E+01   9073.4 1.354E+04 7.086E+14 1.417E+01 1.274E+01 2.000E+05 7.395E-01 4.960E+05
 1.37108130E+01   9289.1 1.369E+04 8.613E+14 1.855E+01 1.071E+01 2.000E+05 8.267E-01 5.029E+05
 1.38711437E+01   9474.5 1.385E+04 1.009E+15 2.305E+01 9.395E+00 2.000E+05 8.779E-01 5.080E+05
 1.40454561E+01   9649.6 1.403E+04 1.163E+15 2.798E+01 8.595E+00 2.000E+05 9.099E-01 5.146E+05
 1.42385994E+01   9819.0 1.422E+04 1.324E+15 3.344E+01 7.843E+00 2.000E+05 9.302E-01 5.143E+05
 1.44558275E+01   9983.6 1.443E+04 1.494E+15 3.939E+01 7.357E+00 2.000E+05 9.450E-01 5.186E+05
 1.47023510E+01  10157.1 1.468E+04 1.684E+15 4.618E+01 6.933E+00 2.000E+05 9.555E-01 5.199E+05
 1.49848591E+01  10327.3 1.496E+04 1.882E+15 5.340E+01 6.564E+00 2.000E+05 9.637E-01 5.234E+05
 1.53100191E+01  10516.4 1.528E+04 2.112E+15 6.196E+01 6.329E+00 2.000E+05 9.697E-01 5.260E+05
 1.56866700E+01  10702.3 1.566E+04 2.350E+15 7.084E+01 6.387E+00 2.000E+05 9.735E-01 5.302E+05
PRADK 2.3692E+00
BEGIN                    ITERATION  15 COMPLETED
