EFF   3500.  GRAVITY 4.00000 LTE 
ITLE SDSC GRID  [-2.0]   VTURB 2.0 KM/S    L/H 1.25                            
OPACITY IFOP 1 1 1 1 1 1 1 1 1 1 1 1 1 0 1 0 0 0 0 0
CONVECTION ON   1.25 TURBULENCE OFF  0.00  0.00  0.00  0.00
BUNDANCE SCALE   0.01000 ABUNDANCE CHANGE 1 0.91100 2 0.08900
ABUNDANCE CHANGE  3 -10.88  4 -10.89  5  -9.44  6  -3.48  7  -3.99  8  -3.11
ABUNDANCE CHANGE  9  -7.48 10  -3.95 11  -5.71 12  -4.46 13  -5.57 14  -4.49
ABUNDANCE CHANGE 15  -6.59 16  -4.83 17  -6.54 18  -5.48 19  -6.82 20  -5.68
ABUNDANCE CHANGE 21  -8.94 22  -7.05 23  -8.04 24  -6.37 25  -6.65 26  -4.37
ABUNDANCE CHANGE 27  -7.12 28  -5.79 29  -7.83 30  -7.44 31  -9.16 32  -8.63
ABUNDANCE CHANGE 33  -9.67 34  -8.69 35  -9.41 36  -8.81 37  -9.44 38  -9.14
ABUNDANCE CHANGE 39  -9.80 40  -9.54 41 -10.62 42 -10.12 43 -20.00 44 -10.20
ABUNDANCE CHANGE 45 -10.92 46 -10.35 47 -11.10 48 -10.18 49 -10.58 50 -10.04
ABUNDANCE CHANGE 51 -11.04 52  -9.80 53 -10.53 54  -9.81 55 -10.92 56  -9.91
ABUNDANCE CHANGE 57 -10.82 58 -10.49 59 -11.33 60 -10.54 61 -20.00 62 -11.04
ABUNDANCE CHANGE 63 -11.53 64 -10.92 65 -11.94 66 -10.94 67 -11.78 68 -11.11
ABUNDANCE CHANGE 69 -12.04 70 -10.96 71 -11.28 72 -11.16 73 -11.91 74 -10.93
ABUNDANCE CHANGE 75 -11.77 76 -10.59 77 -10.69 78 -10.24 79 -11.03 80 -10.95
ABUNDANCE CHANGE 81 -11.14 82 -10.19 83 -11.33 84 -20.00 85 -20.00 86 -20.00
ABUNDANCE CHANGE 87 -20.00 88 -20.00 89 -20.00 90 -11.92 91 -20.00 92 -12.51
ABUNDANCE CHANGE 93 -20.00 94 -20.00 95 -20.00 96 -20.00 97 -20.00 98 -20.00
ABUNDANCE CHANGE 99 -20.00
EAD DECK6 72 RHOX,T,P,XNE,ABROSS,ACCRAD,VTURB
5.33443007E-02   2278.2 5.334E+02 7.530E+07 2.500E-06 1.134E-04 2.000E+05 0.000E+00 0.000E+00
7.03716957E-02   2291.4 7.037E+02 9.685E+07 2.724E-06 1.118E-04 2.000E+05 0.000E+00 0.000E+00
9.11760707E-02   2304.5 9.118E+02 1.236E+08 2.977E-06 1.099E-04 2.000E+05 0.000E+00 0.000E+00
1.16415691E-01   2320.6 1.164E+03 1.567E+08 3.290E-06 1.081E-04 2.000E+05 0.000E+00 0.000E+00
1.46765677E-01   2338.4 1.468E+03 1.970E+08 3.659E-06 1.063E-04 2.000E+05 0.000E+00 0.000E+00
1.83049047E-01   2357.7 1.831E+03 2.460E+08 4.092E-06 1.046E-04 2.000E+05 0.000E+00 0.000E+00
2.26167003E-01   2378.5 2.262E+03 3.056E+08 4.604E-06 1.032E-04 2.000E+05 0.000E+00 0.000E+00
2.77085994E-01   2400.7 2.771E+03 3.778E+08 5.213E-06 1.019E-04 2.000E+05 0.000E+00 0.000E+00
3.36928815E-01   2424.2 3.370E+03 4.649E+08 5.933E-06 1.007E-04 2.000E+05 0.000E+00 0.000E+00
4.06687434E-01   2449.8 4.068E+03 5.706E+08 6.820E-06 9.990E-05 2.000E+05 0.000E+00 0.000E+00
4.87411932E-01   2476.2 4.875E+03 6.968E+08 7.876E-06 9.950E-05 2.000E+05 0.000E+00 0.000E+00
5.80292267E-01   2503.7 5.804E+03 8.472E+08 9.154E-06 9.957E-05 2.000E+05 0.000E+00 0.000E+00
6.86885930E-01   2530.7 6.871E+03 1.023E+09 1.063E-05 9.984E-05 2.000E+05 0.000E+00 0.000E+00
8.08907552E-01   2558.5 8.091E+03 1.231E+09 1.242E-05 1.006E-04 2.000E+05 0.000E+00 0.000E+00
9.48057442E-01   2586.2 9.483E+03 1.473E+09 1.454E-05 1.021E-04 2.000E+05 0.000E+00 0.000E+00
1.10620357E+00   2614.8 1.107E+04 1.758E+09 1.709E-05 1.040E-04 2.000E+05 0.000E+00 0.000E+00
1.28575871E+00   2642.6 1.286E+04 2.085E+09 2.005E-05 1.060E-04 2.000E+05 0.000E+00 0.000E+00
1.49011718E+00   2669.6 1.491E+04 2.462E+09 2.347E-05 1.083E-04 2.000E+05 0.000E+00 0.000E+00
1.72296793E+00   2695.9 1.724E+04 2.896E+09 2.745E-05 1.112E-04 2.000E+05 0.000E+00 0.000E+00
1.98896955E+00   2721.1 1.990E+04 3.394E+09 3.199E-05 1.145E-04 2.000E+05 0.000E+00 0.000E+00
2.29381591E+00   2745.2 2.295E+04 3.966E+09 3.717E-05 1.184E-04 2.000E+05 0.000E+00 0.000E+00
2.64473735E+00   2767.8 2.646E+04 4.621E+09 4.293E-05 1.225E-04 2.000E+05 0.000E+00 0.000E+00
3.05060349E+00   2789.2 3.052E+04 5.375E+09 4.941E-05 1.272E-04 2.000E+05 0.000E+00 0.000E+00
3.52222105E+00   2809.1 3.524E+04 6.242E+09 5.655E-05 1.325E-04 2.000E+05 0.000E+00 0.000E+00
4.07291791E+00   2827.9 4.074E+04 7.244E+09 6.447E-05 1.386E-04 2.000E+05 0.000E+00 0.000E+00
4.71817983E+00   2845.5 4.720E+04 8.405E+09 7.325E-05 1.455E-04 2.000E+05 0.000E+00 0.000E+00
5.47691620E+00   2862.1 5.479E+04 9.751E+09 8.293E-05 1.533E-04 2.000E+05 0.000E+00 0.000E+00
6.37160253E+00   2877.9 6.374E+04 1.132E+10 9.371E-05 1.622E-04 2.000E+05 0.000E+00 0.000E+00
7.42828756E+00   2893.1 7.431E+04 1.315E+10 1.057E-04 1.722E-04 2.000E+05 0.000E+00 0.000E+00
8.67923644E+00   2907.6 8.683E+04 1.528E+10 1.190E-04 1.835E-04 2.000E+05 0.000E+00 0.000E+00
1.01561464E+01   2923.4 1.016E+05 1.781E+10 1.348E-04 1.972E-04 2.000E+05 0.000E+00 0.000E+00
1.18904240E+01   2940.4 1.190E+05 2.079E+10 1.534E-04 2.129E-04 2.000E+05 0.000E+00 0.000E+00
1.39155010E+01   2958.9 1.392E+05 2.430E+10 1.756E-04 2.314E-04 2.000E+05 0.000E+00 0.000E+00
1.62766150E+01   2976.9 1.629E+05 2.837E+10 2.005E-04 2.537E-04 2.000E+05 0.000E+00 0.000E+00
1.89608698E+01   3010.9 1.898E+05 3.379E+10 2.448E-04 2.928E-04 2.000E+05 0.000E+00 4.099E+04
2.16769347E+01   3076.7 2.170E+05 4.139E+10 3.367E-04 3.522E-04 2.000E+05 0.000E+00 5.849E+04
2.44346408E+01   3122.0 2.447E+05 4.878E+10 4.234E-04 3.969E-04 2.000E+05 2.462E-01 3.412E+04
2.74672002E+01   3152.3 2.750E+05 5.613E+10 4.997E-04 4.323E-04 2.000E+05 2.143E-01 0.000E+00
3.09579901E+01   3174.2 3.100E+05 6.393E+10 5.700E-04 4.634E-04 2.000E+05 2.018E-01 0.000E+00
3.50772427E+01   3192.0 3.513E+05 7.265E+10 6.401E-04 4.919E-04 2.000E+05 1.278E-01 0.000E+00
3.99948163E+01   3206.7 4.006E+05 8.258E+10 7.115E-04 5.201E-04 2.000E+05 2.275E-02 0.000E+00
4.59266251E+01   3218.7 4.600E+05 9.398E+10 7.838E-04 5.485E-04 2.000E+05 2.625E-03 0.000E+00
5.31129408E+01   3230.0 5.320E+05 1.074E+11 8.632E-04 5.802E-04 2.000E+05 1.725E-02 0.000E+00
6.18200227E+01   3240.9 6.191E+05 1.234E+11 9.534E-04 6.204E-04 2.000E+05 4.195E-02 0.000E+00
7.18847251E+01   3278.0 7.194E+05 1.473E+11 1.163E-03 7.083E-04 2.000E+05 6.672E-02 0.000E+00
8.26341957E+01   3324.7 8.266E+05 1.768E+11 1.461E-03 8.113E-04 2.000E+05 1.308E-01 1.791E+04
9.42311132E+01   3364.8 9.423E+05 2.088E+11 1.780E-03 9.011E-04 2.000E+05 1.368E-01 1.743E+04
1.06843507E+02   3408.7 1.068E+06 2.474E+11 2.193E-03 9.970E-04 2.000E+05 2.008E-01 1.944E+04
1.20658329E+02   3447.6 1.206E+06 2.901E+11 2.643E-03 1.072E-03 2.000E+05 1.534E-01 1.432E+04
1.35917944E+02   3488.8 1.359E+06 3.411E+11 3.203E-03 1.140E-03 2.000E+05 3.150E-01 2.157E+04
1.52701497E+02   3530.5 1.526E+06 4.008E+11 3.880E-03 1.186E-03 2.000E+05 2.704E-01 1.902E+04
1.71259948E+02   3570.5 1.712E+06 4.689E+11 4.651E-03 1.194E-03 2.000E+05 2.979E-01 0.000E+00
1.92095194E+02   3605.8 1.920E+06 5.442E+11 5.473E-03 1.167E-03 2.000E+05 3.612E-01 0.000E+00
2.15462538E+02   3648.0 2.154E+06 6.398E+11 6.590E-03 1.145E-03 2.000E+05 4.976E-01 2.179E+04
2.41262692E+02   3691.9 2.412E+06 7.538E+11 7.960E-03 1.095E-03 2.000E+05 5.279E-01 2.109E+04
2.69892673E+02   3734.1 2.698E+06 8.844E+11 9.526E-03 1.024E-03 2.000E+05 6.091E-01 2.177E+04
3.01650567E+02   3779.5 3.015E+06 1.043E+12 1.149E-02 9.504E-04 2.000E+05 6.545E-01 2.137E+04
3.37003780E+02   3822.3 3.369E+06 1.222E+12 1.369E-02 8.746E-04 2.000E+05 7.269E-01 2.189E+04
3.76333379E+02   3869.6 3.762E+06 1.444E+12 1.648E-02 8.075E-04 2.000E+05 7.653E-01 2.129E+04
4.20231930E+02   3913.4 4.201E+06 1.692E+12 1.956E-02 7.427E-04 2.000E+05 8.127E-01 2.111E+04
4.69196932E+02   3962.8 4.690E+06 2.002E+12 2.353E-02 6.890E-04 2.000E+05 8.685E-01 2.170E+04
5.23937459E+02   4008.4 5.238E+06 2.348E+12 2.787E-02 6.005E-04 2.000E+05 8.825E-01 0.000E+00
5.85608927E+02   4055.6 5.854E+06 2.761E+12 3.304E-02 5.703E-04 2.000E+05 9.196E-01 2.014E+04
6.54473875E+02   4108.2 6.543E+06 3.272E+12 3.962E-02 5.333E-04 2.000E+05 9.520E-01 2.115E+04
7.31597802E+02   4157.8 7.314E+06 3.851E+12 4.690E-02 4.794E-04 2.000E+05 9.499E-01 1.779E+04
8.18117956E+02   4212.1 8.179E+06 4.563E+12 5.597E-02 4.520E-04 2.000E+05 9.737E-01 1.995E+04
9.15196169E+02   4265.1 9.149E+06 5.386E+12 6.629E-02 4.226E-04 2.000E+05 9.789E-01 1.910E+04
1.02411190E+03   4322.4 1.024E+07 6.391E+12 7.899E-02 3.889E-04 2.000E+05 9.791E-01 0.000E+00
1.14713237E+03   4374.5 1.147E+07 7.511E+12 9.251E-02 3.754E-04 2.000E+05 9.840E-01 1.696E+04
1.28524264E+03   4439.5 1.285E+07 8.998E+12 1.112E-01 3.690E-04 2.000E+05 9.918E-01 1.943E+04
1.44062639E+03   4495.2 1.440E+07 1.061E+13 1.303E-01 3.222E-04 2.000E+05 9.867E-01 0.000E+00
1.61667900E+03   4556.0 1.616E+07 1.261E+13 1.539E-01 3.461E-04 2.000E+05 9.930E-01 1.709E+04
RADK 1.9310E-01
EGIN                    ITERATION  15 COMPLETED
