TEFF   6000.  GRAVITY 3.50000 LTE
TITLE SDSC GRID  [+0.5]   VTURB 2.0 KM/S    L/H 1.25
 OPACITY IFOP 1 1 1 1 1 1 1 1 1 1 1 1 1 0 1 0 0 0 0 0
 CONVECTION ON   1.25 TURBULENCE OFF  0.00  0.00  0.00  0.00
ABUNDANCE SCALE   3.16200 ABUNDANCE CHANGE 1 0.91100 2 0.08900
 ABUNDANCE CHANGE  3 -10.88  4 -10.89  5  -9.44  6  -3.48  7  -3.99  8  -3.11
 ABUNDANCE CHANGE  9  -7.48 10  -3.95 11  -5.71 12  -4.46 13  -5.57 14  -4.49
 ABUNDANCE CHANGE 15  -6.59 16  -4.83 17  -6.54 18  -5.48 19  -6.82 20  -5.68
 ABUNDANCE CHANGE 21  -8.94 22  -7.05 23  -8.04 24  -6.37 25  -6.65 26  -4.37
 ABUNDANCE CHANGE 27  -7.12 28  -5.79 29  -7.83 30  -7.44 31  -9.16 32  -8.63
 ABUNDANCE CHANGE 33  -9.67 34  -8.69 35  -9.41 36  -8.81 37  -9.44 38  -9.14
 ABUNDANCE CHANGE 39  -9.80 40  -9.54 41 -10.62 42 -10.12 43 -20.00 44 -10.20
 ABUNDANCE CHANGE 45 -10.92 46 -10.35 47 -11.10 48 -10.18 49 -10.58 50 -10.04
 ABUNDANCE CHANGE 51 -11.04 52  -9.80 53 -10.53 54  -9.81 55 -10.92 56  -9.91
 ABUNDANCE CHANGE 57 -10.82 58 -10.49 59 -11.33 60 -10.54 61 -20.00 62 -11.04
 ABUNDANCE CHANGE 63 -11.53 64 -10.92 65 -11.94 66 -10.94 67 -11.78 68 -11.11
 ABUNDANCE CHANGE 69 -12.04 70 -10.96 71 -11.28 72 -11.16 73 -11.91 74 -10.93
 ABUNDANCE CHANGE 75 -11.77 76 -10.59 77 -10.69 78 -10.24 79 -11.03 80 -10.95
 ABUNDANCE CHANGE 81 -11.14 82 -10.19 83 -11.33 84 -20.00 85 -20.00 86 -20.00
 ABUNDANCE CHANGE 87 -20.00 88 -20.00 89 -20.00 90 -11.92 91 -20.00 92 -12.51
 ABUNDANCE CHANGE 93 -20.00 94 -20.00 95 -20.00 96 -20.00 97 -20.00 98 -20.00
 ABUNDANCE CHANGE 99 -20.00
READ DECK6 72 RHOX,T,P,XNE,ABROSS,ACCRAD,VTURB
 4.38015733E-04   3694.8 1.385E+00 9.427E+08 3.044E-04 1.041E-01 2.000E+05 0.000E+00 0.000E+00
 5.78263767E-04   3717.9 1.829E+00 1.230E+09 3.298E-04 1.099E-01 2.000E+05 0.000E+00 0.000E+00
 7.50387687E-04   3741.6 2.373E+00 1.578E+09 3.593E-04 1.131E-01 2.000E+05 0.000E+00 0.000E+00
 9.60416484E-04   3767.2 3.037E+00 1.999E+09 3.938E-04 1.143E-01 2.000E+05 0.000E+00 0.000E+00
 1.21558189E-03   3794.4 3.844E+00 2.507E+09 4.323E-04 1.141E-01 2.000E+05 0.000E+00 0.000E+00
 1.52551412E-03   3822.5 4.824E+00 3.117E+09 4.748E-04 1.131E-01 2.000E+05 0.000E+00 0.000E+00
 1.90125119E-03   3850.4 6.012E+00 3.851E+09 5.232E-04 1.115E-01 2.000E+05 0.000E+00 0.000E+00
 2.35478486E-03   3877.7 7.446E+00 4.729E+09 5.794E-04 1.100E-01 2.000E+05 0.000E+00 0.000E+00
 2.89956914E-03   3904.4 9.169E+00 5.773E+09 6.445E-04 1.088E-01 2.000E+05 0.000E+00 0.000E+00
 3.55195685E-03   3930.7 1.123E+01 7.013E+09 7.183E-04 1.079E-01 2.000E+05 0.000E+00 0.000E+00
 4.33155122E-03   3956.7 1.370E+01 8.482E+09 8.027E-04 1.077E-01 2.000E+05 0.000E+00 0.000E+00
 5.25986926E-03   3982.6 1.663E+01 1.022E+10 9.005E-04 1.082E-01 2.000E+05 0.000E+00 0.000E+00
 6.36423093E-03   4008.9 2.012E+01 1.226E+10 1.009E-03 1.086E-01 2.000E+05 0.000E+00 0.000E+00
 7.67700576E-03   4035.7 2.428E+01 1.468E+10 1.133E-03 1.089E-01 2.000E+05 0.000E+00 0.000E+00
 9.23296390E-03   4062.9 2.920E+01 1.752E+10 1.277E-03 1.091E-01 2.000E+05 0.000E+00 0.000E+00
 1.10745800E-02   4090.8 3.502E+01 2.086E+10 1.439E-03 1.089E-01 2.000E+05 0.000E+00 0.000E+00
 1.32526818E-02   4119.3 4.191E+01 2.479E+10 1.623E-03 1.086E-01 2.000E+05 0.000E+00 0.000E+00
 1.58229108E-02   4148.2 5.003E+01 2.940E+10 1.837E-03 1.086E-01 2.000E+05 0.000E+00 0.000E+00
 1.88496113E-02   4177.7 5.961E+01 3.479E+10 2.081E-03 1.086E-01 2.000E+05 0.000E+00 0.000E+00
 2.24148418E-02   4207.7 7.088E+01 4.109E+10 2.354E-03 1.084E-01 2.000E+05 0.000E+00 0.000E+00
 2.66133443E-02   4238.2 8.416E+01 4.848E+10 2.668E-03 1.080E-01 2.000E+05 0.000E+00 0.000E+00
 3.15497253E-02   4268.9 9.977E+01 5.711E+10 3.028E-03 1.076E-01 2.000E+05 0.000E+00 0.000E+00
 3.73545767E-02   4300.1 1.181E+02 6.719E+10 3.432E-03 1.071E-01 2.000E+05 0.000E+00 0.000E+00
 4.41772439E-02   4331.3 1.397E+02 7.897E+10 3.898E-03 1.070E-01 2.000E+05 0.000E+00 0.000E+00
 5.21803876E-02   4362.8 1.650E+02 9.270E+10 4.434E-03 1.073E-01 2.000E+05 0.000E+00 0.000E+00
 6.15671821E-02   4394.5 1.947E+02 1.087E+11 5.039E-03 1.079E-01 2.000E+05 0.000E+00 0.000E+00
 7.25810403E-02   4426.7 2.295E+02 1.274E+11 5.728E-03 1.085E-01 2.000E+05 0.000E+00 0.000E+00
 8.54950966E-02   4459.3 2.703E+02 1.491E+11 6.517E-03 1.093E-01 2.000E+05 0.000E+00 0.000E+00
 1.00627559E-01   4492.2 3.182E+02 1.745E+11 7.418E-03 1.102E-01 2.000E+05 0.000E+00 0.000E+00
 1.18364319E-01   4525.6 3.743E+02 2.041E+11 8.437E-03 1.114E-01 2.000E+05 0.000E+00 0.000E+00
 1.39146445E-01   4559.4 4.400E+02 2.385E+11 9.608E-03 1.132E-01 2.000E+05 0.000E+00 0.000E+00
 1.63479448E-01   4593.6 5.169E+02 2.787E+11 1.094E-02 1.155E-01 2.000E+05 0.000E+00 0.000E+00
 1.91971215E-01   4628.5 6.070E+02 3.255E+11 1.246E-02 1.182E-01 2.000E+05 0.000E+00 0.000E+00
 2.25329355E-01   4664.0 7.125E+02 3.800E+11 1.420E-02 1.211E-01 2.000E+05 0.000E+00 0.000E+00
 2.64375950E-01   4700.2 8.360E+02 4.435E+11 1.617E-02 1.244E-01 2.000E+05 0.000E+00 0.000E+00
 3.10071379E-01   4736.8 9.805E+02 5.176E+11 1.843E-02 1.282E-01 2.000E+05 0.000E+00 0.000E+00
 3.63550836E-01   4774.4 1.150E+03 6.040E+11 2.100E-02 1.327E-01 2.000E+05 0.000E+00 0.000E+00
 4.26128202E-01   4812.5 1.347E+03 7.047E+11 2.394E-02 1.383E-01 2.000E+05 0.000E+00 0.000E+00
 4.99331211E-01   4851.8 1.579E+03 8.223E+11 2.729E-02 1.446E-01 2.000E+05 0.000E+00 0.000E+00
 5.84963644E-01   4892.2 1.850E+03 9.596E+11 3.111E-02 1.518E-01 2.000E+05 0.000E+00 0.000E+00
 6.85135049E-01   4934.0 2.166E+03 1.120E+12 3.546E-02 1.600E-01 2.000E+05 0.000E+00 0.000E+00
 8.02311827E-01   4977.5 2.537E+03 1.308E+12 4.043E-02 1.694E-01 2.000E+05 0.000E+00 0.000E+00
 9.39395956E-01   5023.2 2.970E+03 1.529E+12 4.608E-02 1.804E-01 2.000E+05 0.000E+00 0.000E+00
 1.09970250E+00   5072.0 3.477E+03 1.789E+12 5.257E-02 1.942E-01 2.000E+05 0.000E+00 0.000E+00
 1.28708273E+00   5125.3 4.070E+03 2.098E+12 5.997E-02 2.099E-01 2.000E+05 0.000E+00 0.000E+00
 1.50608422E+00   5183.8 4.762E+03 2.466E+12 6.844E-02 2.277E-01 2.000E+05 0.000E+00 0.000E+00
 1.76191033E+00   5248.9 5.571E+03 2.909E+12 7.817E-02 2.481E-01 2.000E+05 0.000E+00 0.000E+00
 2.06033294E+00   5321.8 6.515E+03 3.452E+12 8.945E-02 2.716E-01 2.000E+05 0.000E+00 0.000E+00
 2.40709232E+00   5405.0 7.611E+03 4.132E+12 1.030E-01 3.016E-01 2.000E+05 0.000E+00 0.000E+00
 2.80638679E+00   5502.0 8.874E+03 5.012E+12 1.200E-01 3.412E-01 2.000E+05 0.000E+00 0.000E+00
 3.26085542E+00   5615.3 1.031E+04 6.209E+12 1.415E-01 3.908E-01 2.000E+05 2.221E-11 0.000E+00
 3.76978310E+00   5748.0 1.192E+04 7.929E+12 1.706E-01 4.601E-01 2.000E+05 9.156E-10 0.000E+00
 4.31847728E+00   5913.8 1.365E+04 1.069E+13 2.174E-01 5.858E-01 2.000E+05 1.032E-07 0.000E+00
 4.87405763E+00   6130.0 1.541E+04 1.574E+13 2.962E-01 7.808E-01 2.000E+05 8.769E-05 0.000E+00
 5.39658900E+00   6380.8 1.706E+04 2.472E+13 4.334E-01 1.079E+00 2.000E+05 1.884E-02 6.351E+02
 5.87105107E+00   6624.3 1.856E+04 3.828E+13 6.318E-01 1.404E+00 2.000E+05 1.029E-01 1.345E+03
 6.31681941E+00   6829.4 1.997E+04 5.510E+13 8.774E-01 1.722E+00 2.000E+05 1.833E-01 2.562E+03
 6.74643114E+00   7040.1 2.133E+04 7.883E+13 1.218E+00 2.175E+00 2.000E+05 2.559E-01 7.621E+03
 7.14817208E+00   7294.2 2.260E+04 1.180E+14 1.792E+00 3.016E+00 2.000E+05 3.074E-01 2.369E+04
 7.50217062E+00   7596.2 2.372E+04 1.840E+14 2.788E+00 4.461E+00 2.000E+05 3.465E-01 6.122E+04
 7.79766114E+00   7941.8 2.465E+04 2.926E+14 4.560E+00 6.866E+00 2.000E+05 3.873E-01 1.132E+05
 8.03538510E+00   8318.6 2.540E+04 4.631E+14 7.649E+00 1.071E+01 2.000E+05 4.309E-01 1.915E+05
 8.21860890E+00   8730.4 2.598E+04 7.268E+14 1.315E+01 1.443E+01 2.000E+05 5.317E-01 3.276E+05
 8.37474162E+00   9023.0 2.647E+04 9.755E+14 1.902E+01 1.309E+01 2.000E+05 7.245E-01 3.632E+05
 8.52551912E+00   9256.3 2.694E+04 1.216E+15 2.522E+01 1.122E+01 2.000E+05 8.169E-01 3.663E+05
 8.68247982E+00   9446.5 2.744E+04 1.444E+15 3.146E+01 9.937E+00 2.000E+05 8.699E-01 3.678E+05
 8.85140087E+00   9634.1 2.797E+04 1.697E+15 3.876E+01 9.140E+00 2.000E+05 9.047E-01 3.701E+05
 9.03715765E+00   9802.4 2.856E+04 1.952E+15 4.639E+01 8.311E+00 2.000E+05 9.267E-01 3.682E+05
 9.24434119E+00   9977.1 2.921E+04 2.242E+15 5.542E+01 7.783E+00 2.000E+05 9.428E-01 3.679E+05
 9.47816041E+00  10141.6 2.995E+04 2.544E+15 6.488E+01 7.238E+00 2.000E+05 9.546E-01 3.675E+05
 9.74387141E+00  10320.8 3.079E+04 2.900E+15 7.630E+01 6.821E+00 2.000E+05 9.634E-01 3.658E+05
 1.00480619E+01  10488.6 3.175E+04 3.268E+15 8.814E+01 6.703E+00 2.000E+05 9.689E-01 3.654E+05
PRADK 1.7245E+00
BEGIN                    ITERATION  15 COMPLETED
