EFF   7750.  GRAVITY 3.00000 LTE 
ITLE SDSC GRID  [-2.5]   VTURB 2.0 KM/S    L/H 1.25                            
OPACITY IFOP 1 1 1 1 1 1 1 1 1 1 1 1 1 0 1 0 0 0 0 0
CONVECTION ON   1.25 TURBULENCE OFF  0.00  0.00  0.00  0.00
BUNDANCE SCALE  0.003162 ABUNDANCE CHANGE 1 0.91100 2 0.08900
ABUNDANCE CHANGE  3 -10.88  4 -10.89  5  -9.44  6  -3.48  7  -3.99  8  -3.11
ABUNDANCE CHANGE  9  -7.48 10  -3.95 11  -5.71 12  -4.46 13  -5.57 14  -4.49
ABUNDANCE CHANGE 15  -6.59 16  -4.83 17  -6.54 18  -5.48 19  -6.82 20  -5.68
ABUNDANCE CHANGE 21  -8.94 22  -7.05 23  -8.04 24  -6.37 25  -6.65 26  -4.37
ABUNDANCE CHANGE 27  -7.12 28  -5.79 29  -7.83 30  -7.44 31  -9.16 32  -8.63
ABUNDANCE CHANGE 33  -9.67 34  -8.69 35  -9.41 36  -8.81 37  -9.44 38  -9.14
ABUNDANCE CHANGE 39  -9.80 40  -9.54 41 -10.62 42 -10.12 43 -20.00 44 -10.20
ABUNDANCE CHANGE 45 -10.92 46 -10.35 47 -11.10 48 -10.18 49 -10.58 50 -10.04
ABUNDANCE CHANGE 51 -11.04 52  -9.80 53 -10.53 54  -9.81 55 -10.92 56  -9.91
ABUNDANCE CHANGE 57 -10.82 58 -10.49 59 -11.33 60 -10.54 61 -20.00 62 -11.04
ABUNDANCE CHANGE 63 -11.53 64 -10.92 65 -11.94 66 -10.94 67 -11.78 68 -11.11
ABUNDANCE CHANGE 69 -12.04 70 -10.96 71 -11.28 72 -11.16 73 -11.91 74 -10.93
ABUNDANCE CHANGE 75 -11.77 76 -10.59 77 -10.69 78 -10.24 79 -11.03 80 -10.95
ABUNDANCE CHANGE 81 -11.14 82 -10.19 83 -11.33 84 -20.00 85 -20.00 86 -20.00
ABUNDANCE CHANGE 87 -20.00 88 -20.00 89 -20.00 90 -11.92 91 -20.00 92 -12.51
ABUNDANCE CHANGE 93 -20.00 94 -20.00 95 -20.00 96 -20.00 97 -20.00 98 -20.00
ABUNDANCE CHANGE 99 -20.00
EAD DECK6 72 RHOX,T,P,XNE,ABROSS,ACCRAD,VTURB
1.65240031E-06   5374.7 1.651E-03 4.466E+08 8.070E-02 6.227E-01 2.000E+05 0.000E+00 0.000E+00
2.24069549E-06   5375.7 2.239E-03 5.413E+08 7.050E-02 5.537E-01 2.000E+05 0.000E+00 0.000E+00
3.14633337E-06   5376.7 3.144E-03 6.666E+08 6.048E-02 4.860E-01 2.000E+05 0.000E+00 0.000E+00
4.56414468E-06   5377.7 4.563E-03 8.324E+08 5.100E-02 4.222E-01 2.000E+05 0.000E+00 0.000E+00
6.84135305E-06   5378.7 6.841E-03 1.053E+09 4.231E-02 3.637E-01 2.000E+05 0.000E+00 0.000E+00
1.05204639E-05   5380.8 1.052E-02 1.348E+09 3.476E-02 3.133E-01 2.000E+05 0.000E+00 0.000E+00
1.64893741E-05   5386.0 1.650E-02 1.749E+09 2.857E-02 2.724E-01 2.000E+05 0.000E+00 0.000E+00
2.61774290E-05   5392.2 2.621E-02 2.282E+09 2.342E-02 2.386E-01 2.000E+05 0.000E+00 0.000E+00
4.19355860E-05   5400.8 4.198E-02 2.998E+09 1.929E-02 2.115E-01 2.000E+05 0.000E+00 0.000E+00
6.73719314E-05   5411.4 6.743E-02 3.955E+09 1.599E-02 1.899E-01 2.000E+05 0.000E+00 0.000E+00
1.07998367E-04   5425.3 1.081E-01 5.245E+09 1.344E-02 1.735E-01 2.000E+05 0.000E+00 0.000E+00
1.72400020E-04   5438.3 1.725E-01 6.913E+09 1.133E-02 1.601E-01 2.000E+05 0.000E+00 0.000E+00
2.73107511E-04   5456.7 2.732E-01 9.194E+09 9.779E-03 1.505E-01 2.000E+05 0.000E+00 0.000E+00
4.26659542E-04   5479.9 4.267E-01 1.228E+10 8.659E-03 1.437E-01 2.000E+05 0.000E+00 0.000E+00
6.54472441E-04   5508.1 6.545E-01 1.644E+10 7.893E-03 1.392E-01 2.000E+05 0.000E+00 0.000E+00
9.82665791E-04   5540.7 9.827E-01 2.199E+10 7.409E-03 1.367E-01 2.000E+05 0.000E+00 0.000E+00
1.44206956E-03   5576.8 1.442E+00 2.931E+10 7.153E-03 1.357E-01 2.000E+05 0.000E+00 0.000E+00
2.06787553E-03   5615.8 2.068E+00 3.883E+10 7.090E-03 1.361E-01 2.000E+05 0.000E+00 0.000E+00
2.89913910E-03   5657.0 2.899E+00 5.107E+10 7.200E-03 1.379E-01 2.000E+05 0.000E+00 0.000E+00
3.97804438E-03   5700.1 3.978E+00 6.663E+10 7.475E-03 1.411E-01 2.000E+05 0.000E+00 0.000E+00
5.34973402E-03   5744.6 5.349E+00 8.623E+10 7.915E-03 1.457E-01 2.000E+05 0.000E+00 0.000E+00
7.05857618E-03   5791.6 7.058E+00 1.110E+11 8.556E-03 1.518E-01 2.000E+05 0.000E+00 0.000E+00
9.14831276E-03   5840.3 9.147E+00 1.418E+11 9.402E-03 1.591E-01 2.000E+05 0.000E+00 0.000E+00
1.16657618E-02   5890.1 1.166E+01 1.799E+11 1.047E-02 1.674E-01 2.000E+05 0.000E+00 0.000E+00
1.46697172E-02   5939.5 1.467E+01 2.260E+11 1.174E-02 1.762E-01 2.000E+05 0.000E+00 0.000E+00
1.82436650E-02   5985.2 1.824E+01 2.795E+11 1.313E-02 1.846E-01 2.000E+05 0.000E+00 0.000E+00
2.25255907E-02   6024.4 2.252E+01 3.389E+11 1.453E-02 1.922E-01 2.000E+05 0.000E+00 0.000E+00
2.77278690E-02   6054.9 2.772E+01 4.023E+11 1.582E-02 1.991E-01 2.000E+05 0.000E+00 0.000E+00
3.41447779E-02   6077.5 3.414E+01 4.694E+11 1.700E-02 2.058E-01 2.000E+05 0.000E+00 0.000E+00
4.21408336E-02   6094.8 4.213E+01 5.418E+11 1.814E-02 2.130E-01 2.000E+05 0.000E+00 0.000E+00
5.21340524E-02   6109.5 5.213E+01 6.226E+11 1.937E-02 2.212E-01 2.000E+05 0.000E+00 0.000E+00
6.45973192E-02   6123.1 6.459E+01 7.142E+11 2.075E-02 2.305E-01 2.000E+05 0.000E+00 0.000E+00
8.00650865E-02   6136.8 8.005E+01 8.194E+11 2.236E-02 2.414E-01 2.000E+05 0.000E+00 0.000E+00
9.91646798E-02   6150.4 9.915E+01 9.394E+11 2.420E-02 2.539E-01 2.000E+05 0.000E+00 0.000E+00
1.22604567E-01   6165.5 1.226E+02 1.079E+12 2.639E-02 2.688E-01 2.000E+05 0.000E+00 0.000E+00
1.51186970E-01   6181.6 1.512E+02 1.240E+12 2.893E-02 2.860E-01 2.000E+05 0.000E+00 0.000E+00
1.85843395E-01   6199.3 1.858E+02 1.428E+12 3.191E-02 3.060E-01 2.000E+05 0.000E+00 0.000E+00
2.27651497E-01   6218.3 2.276E+02 1.645E+12 3.535E-02 3.290E-01 2.000E+05 0.000E+00 0.000E+00
2.77840069E-01   6239.3 2.778E+02 1.899E+12 3.937E-02 3.559E-01 2.000E+05 0.000E+00 0.000E+00
3.37788986E-01   6262.4 3.377E+02 2.196E+12 4.407E-02 3.875E-01 2.000E+05 0.000E+00 0.000E+00
4.08951113E-01   6288.9 4.088E+02 2.552E+12 4.967E-02 4.256E-01 2.000E+05 0.000E+00 0.000E+00
4.92893586E-01   6318.5 4.927E+02 2.975E+12 5.630E-02 4.711E-01 2.000E+05 0.000E+00 0.000E+00
5.91274714E-01   6352.5 5.911E+02 3.489E+12 6.432E-02 5.268E-01 2.000E+05 0.000E+00 0.000E+00
7.05589605E-01   6392.1 7.053E+02 4.122E+12 7.417E-02 5.961E-01 2.000E+05 0.000E+00 0.000E+00
8.37000962E-01   6438.9 8.367E+02 4.920E+12 8.657E-02 6.844E-01 2.000E+05 0.000E+00 0.000E+00
9.86071823E-01   6494.9 9.856E+02 5.948E+12 1.025E-01 7.994E-01 2.000E+05 0.000E+00 0.000E+00
1.15226207E+00   6563.6 1.152E+03 7.317E+12 1.239E-01 9.558E-01 2.000E+05 0.000E+00 0.000E+00
1.33360161E+00   6647.0 1.333E+03 9.176E+12 1.532E-01 1.172E+00 2.000E+05 0.000E+00 0.000E+00
1.52656487E+00   6748.6 1.526E+03 1.177E+13 1.947E-01 1.481E+00 2.000E+05 0.000E+00 0.000E+00
1.72584723E+00   6871.9 1.724E+03 1.549E+13 2.556E-01 1.939E+00 2.000E+05 3.166E-14 0.000E+00
1.92454336E+00   7021.1 1.923E+03 2.094E+13 3.486E-01 2.647E+00 2.000E+05 4.266E-12 6.670E+01
2.11427020E+00   7203.1 2.112E+03 2.924E+13 4.990E-01 3.800E+00 2.000E+05 4.954E-10 2.704E+02
2.28643732E+00   7422.9 2.283E+03 4.216E+13 7.550E-01 5.780E+00 2.000E+05 1.579E-07 8.021E+02
2.43180925E+00   7701.7 2.427E+03 6.384E+13 1.246E+00 9.597E+00 2.000E+05 7.660E-05 2.803E+03
2.54378011E+00   8042.3 2.538E+03 9.999E+13 2.232E+00 1.686E+01 2.000E+05 1.037E-02 1.053E+04
2.62806235E+00   8385.1 2.620E+03 1.494E+14 3.883E+00 2.757E+01 2.000E+05 4.434E-02 3.424E+04
2.69445790E+00   8722.6 2.684E+03 2.118E+14 6.449E+00 4.357E+01 2.000E+05 5.750E-02 9.246E+04
2.74713553E+00   9124.1 2.734E+03 3.027E+14 1.103E+01 7.586E+01 2.000E+05 5.501E-02 2.258E+05
2.78566588E+00   9686.0 2.769E+03 4.482E+14 2.021E+01 1.355E+02 2.000E+05 6.300E-02 4.479E+05
2.81765166E+00  10180.2 2.796E+03 5.747E+14 2.922E+01 1.592E+02 2.000E+05 1.947E-01 6.886E+05
2.85026076E+00  10593.2 2.823E+03 6.632E+14 3.494E+01 1.724E+02 2.000E+05 2.370E-01 7.711E+05
2.88851242E+00  11131.9 2.854E+03 7.395E+14 3.779E+01 2.183E+02 2.000E+05 1.488E-01 7.178E+05
2.94205204E+00  11943.8 2.896E+03 7.798E+14 3.227E+01 2.184E+02 2.000E+05 2.720E-02 2.468E+05
3.03255141E+00  12849.3 2.969E+03 7.765E+14 2.305E+01 1.561E+02 2.000E+05 2.421E-02 5.210E+04
3.20698757E+00  13773.6 3.121E+03 7.734E+14 1.606E+01 1.074E+02 2.000E+05 2.177E-02 9.960E+03
3.53767482E+00  14811.5 3.422E+03 7.958E+14 1.148E+01 7.848E+01 2.000E+05 5.860E-07 3.802E+03
4.12550366E+00  15916.4 3.969E+03 8.689E+14 9.061E+00 6.168E+01 2.000E+05 3.707E-09 2.820E+03
5.06961584E+00  17109.2 4.859E+03 1.004E+15 7.861E+00 5.338E+01 2.000E+05 1.378E-09 1.955E+03
6.48050344E+00  18384.5 6.199E+03 1.206E+15 7.174E+00 4.862E+01 2.000E+05 2.036E-10 6.384E+02
8.51171214E+00  19759.4 8.135E+03 1.481E+15 6.732E+00 4.560E+01 2.000E+05 3.984E-12 0.000E+00
1.13525371E+01  21232.7 1.085E+04 1.842E+15 6.510E+00 4.395E+01 2.000E+05 0.000E+00 0.000E+00
1.52090863E+01  22813.8 1.454E+04 2.300E+15 6.460E+00 4.265E+01 2.000E+05 0.000E+00 0.000E+00
RADK 4.8329E+00
EGIN                    ITERATION  15 COMPLETED
