TEFF  12000.  GRAVITY 3.00000 LTE
TITLE SDSC GRID  [-4.0]   VTURB 2.0 KM/S
 OPACITY IFOP 1 1 1 1 1 1 1 1 1 1 1 1 1 0 1 0 0 0 0 0
 CONVECTION OFF  1.00 TURBULENCE OFF  0.00  0.00  0.00  0.00
ABUNDANCE SCALE   0.00010 ABUNDANCE CHANGE 1 0.91100 2 0.08900
 ABUNDANCE CHANGE  3 -10.88  4 -10.89  5  -9.44  6  -3.48  7  -3.99  8  -3.11
 ABUNDANCE CHANGE  9  -7.48 10  -3.95 11  -5.71 12  -4.46 13  -5.57 14  -4.49
 ABUNDANCE CHANGE 15  -6.59 16  -4.83 17  -6.54 18  -5.48 19  -6.82 20  -5.68
 ABUNDANCE CHANGE 21  -8.94 22  -7.05 23  -8.04 24  -6.37 25  -6.65 26  -4.37
 ABUNDANCE CHANGE 27  -7.12 28  -5.79 29  -7.83 30  -7.44 31  -9.16 32  -8.63
 ABUNDANCE CHANGE 33  -9.67 34  -8.69 35  -9.41 36  -8.81 37  -9.44 38  -9.14
 ABUNDANCE CHANGE 39  -9.80 40  -9.54 41 -10.62 42 -10.12 43 -20.00 44 -10.20
 ABUNDANCE CHANGE 45 -10.92 46 -10.35 47 -11.10 48 -10.18 49 -10.58 50 -10.04
 ABUNDANCE CHANGE 51 -11.04 52  -9.80 53 -10.53 54  -9.81 55 -10.92 56  -9.91
 ABUNDANCE CHANGE 57 -10.82 58 -10.49 59 -11.33 60 -10.54 61 -20.00 62 -11.04
 ABUNDANCE CHANGE 63 -11.53 64 -10.92 65 -11.94 66 -10.94 67 -11.78 68 -11.11
 ABUNDANCE CHANGE 69 -12.04 70 -10.96 71 -11.28 72 -11.16 73 -11.91 74 -10.93
 ABUNDANCE CHANGE 75 -11.77 76 -10.59 77 -10.69 78 -10.24 79 -11.03 80 -10.95
 ABUNDANCE CHANGE 81 -11.14 82 -10.19 83 -11.33 84 -20.00 85 -20.00 86 -20.00
 ABUNDANCE CHANGE 87 -20.00 88 -20.00 89 -20.00 90 -11.92 91 -20.00 92 -12.51
 ABUNDANCE CHANGE 93 -20.00 94 -20.00 95 -20.00 96 -20.00 97 -20.00 98 -20.00
 ABUNDANCE CHANGE 99 -20.00
READ DECK6 64 RHOX,T,P,XNE,ABROSS,ACCRAD,VTURB
 5.99780718E-06   7734.0 5.927E-03 2.644E+09 2.886E-01 1.155E+01 2.000E+05
 6.18225663E-06   7797.3 6.109E-03 2.703E+09 2.886E-01 1.153E+01 2.000E+05
 8.23019364E-06   7798.3 8.133E-03 3.598E+09 2.891E-01 1.156E+01 2.000E+05
 1.09658800E-05   7799.3 1.084E-02 4.792E+09 2.897E-01 1.161E+01 2.000E+05
 1.46011035E-05   7805.5 1.443E-02 6.374E+09 2.906E-01 1.171E+01 2.000E+05
 1.94320907E-05   7822.1 1.920E-02 8.462E+09 2.917E-01 1.183E+01 2.000E+05
 2.58461528E-05   7841.6 2.554E-02 1.122E+10 2.932E-01 1.196E+01 2.000E+05
 3.43517901E-05   7869.6 3.394E-02 1.486E+10 2.950E-01 1.212E+01 2.000E+05
 4.56125314E-05   7903.4 4.507E-02 1.963E+10 2.973E-01 1.229E+01 2.000E+05
 6.04988039E-05   7944.5 5.977E-02 2.588E+10 3.002E-01 1.248E+01 2.000E+05
 8.01376150E-05   7990.2 7.916E-02 3.407E+10 3.038E-01 1.269E+01 2.000E+05
 1.05984930E-04   8038.9 1.047E-01 4.475E+10 3.082E-01 1.292E+01 2.000E+05
 1.39906725E-04   8087.5 1.382E-01 5.866E+10 3.136E-01 1.319E+01 2.000E+05
 1.84277234E-04   8134.7 1.819E-01 7.674E+10 3.203E-01 1.353E+01 2.000E+05
 2.42094721E-04   8182.3 2.390E-01 1.001E+11 3.284E-01 1.397E+01 2.000E+05
 3.17127757E-04   8234.1 3.129E-01 1.301E+11 3.381E-01 1.449E+01 2.000E+05
 4.14109244E-04   8295.7 4.085E-01 1.685E+11 3.495E-01 1.507E+01 2.000E+05
 5.38978627E-04   8370.1 5.314E-01 2.171E+11 3.626E-01 1.567E+01 2.000E+05
 6.99111420E-04   8452.3 6.890E-01 2.786E+11 3.779E-01 1.628E+01 2.000E+05
 9.03630300E-04   8541.9 8.901E-01 3.560E+11 3.953E-01 1.687E+01 2.000E+05
 1.16353628E-03   8621.9 1.146E+00 4.536E+11 4.161E-01 1.755E+01 2.000E+05
 1.49158507E-03   8682.4 1.468E+00 5.764E+11 4.413E-01 1.846E+01 2.000E+05
 1.90211805E-03   8716.6 1.870E+00 7.301E+11 4.723E-01 1.982E+01 2.000E+05
 2.41145662E-03   8734.4 2.369E+00 9.202E+11 5.095E-01 2.171E+01 2.000E+05
 3.03903179E-03   8747.6 2.982E+00 1.152E+12 5.529E-01 2.409E+01 2.000E+05
 3.80875254E-03   8767.4 3.732E+00 1.433E+12 6.021E-01 2.680E+01 2.000E+05
 4.74961943E-03   8793.6 4.647E+00 1.772E+12 6.580E-01 2.984E+01 2.000E+05
 5.89548062E-03   8822.9 5.756E+00 2.179E+12 7.218E-01 3.328E+01 2.000E+05
 7.28644930E-03   8859.2 7.098E+00 2.664E+12 7.940E-01 3.708E+01 2.000E+05
 8.96967226E-03   8897.2 8.716E+00 3.243E+12 8.763E-01 4.135E+01 2.000E+05
 1.10008811E-02   8940.9 1.066E+01 3.930E+12 9.694E-01 4.604E+01 2.000E+05
 1.34471429E-02   8989.7 1.299E+01 4.743E+12 1.074E+00 5.116E+01 2.000E+05
 1.63865447E-02   9040.2 1.577E+01 5.704E+12 1.194E+00 5.700E+01 2.000E+05
 1.99111349E-02   9097.7 1.908E+01 6.836E+12 1.329E+00 6.352E+01 2.000E+05
 2.41320510E-02   9164.6 2.302E+01 8.168E+12 1.480E+00 7.068E+01 2.000E+05
 2.91834950E-02   9244.1 2.769E+01 9.734E+12 1.649E+00 7.844E+01 2.000E+05
 3.52304503E-02   9339.2 3.324E+01 1.158E+13 1.836E+00 8.664E+01 2.000E+05
 4.24894686E-02   9455.6 3.984E+01 1.374E+13 2.035E+00 9.458E+01 2.000E+05
 5.12354928E-02   9590.3 4.772E+01 1.630E+13 2.249E+00 1.028E+02 2.000E+05
 6.18197666E-02   9750.3 5.717E+01 1.932E+13 2.471E+00 1.110E+02 2.000E+05
 7.47222864E-02   9939.7 6.859E+01 2.290E+13 2.691E+00 1.186E+02 2.000E+05
 9.06269680E-02  10164.4 8.255E+01 2.714E+13 2.891E+00 1.250E+02 2.000E+05
 1.10518731E-01  10428.5 9.991E+01 3.224E+13 3.060E+00 1.298E+02 2.000E+05
 1.35815464E-01  10739.1 1.219E+02 3.843E+13 3.181E+00 1.328E+02 2.000E+05
 1.68562264E-01  11101.6 1.502E+02 4.608E+13 3.249E+00 1.341E+02 2.000E+05
 2.11766455E-01  11526.0 1.877E+02 5.566E+13 3.253E+00 1.335E+02 2.000E+05
 2.69875029E-01  12019.9 2.381E+02 6.793E+13 3.198E+00 1.312E+02 2.000E+05
 3.49341121E-01  12592.7 3.073E+02 8.391E+13 3.097E+00 1.277E+02 2.000E+05
 4.59246062E-01  13253.3 4.034E+02 1.050E+14 2.977E+00 1.235E+02 2.000E+05
 6.11807625E-01  14007.5 5.374E+02 1.331E+14 2.863E+00 1.193E+02 2.000E+05
 8.21813441E-01  14851.9 7.228E+02 1.703E+14 2.794E+00 1.159E+02 2.000E+05
 1.10690973E+00  15780.5 9.752E+02 2.188E+14 2.757E+00 1.131E+02 2.000E+05
 1.49200098E+00  16791.4 1.317E+03 2.805E+14 2.721E+00 1.100E+02 2.000E+05
 2.01349727E+00  17883.4 1.782E+03 3.584E+14 2.674E+00 1.067E+02 2.000E+05
 2.72084610E+00  19067.7 2.415E+03 4.568E+14 2.634E+00 1.040E+02 2.000E+05
 3.67496592E+00  20352.9 3.271E+03 5.803E+14 2.614E+00 1.025E+02 2.000E+05
 4.94957441E+00  21750.6 4.415E+03 7.334E+14 2.624E+00 1.023E+02 2.000E+05
 6.63291641E+00  23270.2 5.926E+03 9.203E+14 2.663E+00 1.033E+02 2.000E+05
 8.83126210E+00  24919.4 7.895E+03 1.145E+15 2.735E+00 1.054E+02 2.000E+05
 1.16677634E+01  26707.7 1.043E+04 1.411E+15 2.843E+00 1.087E+02 2.000E+05
 1.52865291E+01  28641.3 1.365E+04 1.722E+15 2.987E+00 1.129E+02 2.000E+05
 1.98541569E+01  30733.8 1.768E+04 2.081E+15 3.173E+00 1.182E+02 2.000E+05
 2.55495137E+01  32993.8 2.269E+04 2.489E+15 3.416E+00 1.244E+02 2.000E+05
 3.25290126E+01  35426.5 2.880E+04 2.951E+15 3.752E+00 1.242E+02 2.000E+05
PRADK 3.6850E+01
BEGIN                    ITERATION   6 COMPLETED
