EFF  25000.  GRAVITY 4.00000 LTE
ITLE SDSC GRID  [-4.5]   VTURB 2.0 KM/S
OPACITY IFOP 1 1 1 1 1 1 1 1 1 1 1 1 1 0 1 0 0 0 0 0
CONVECTION OFF  1.00 TURBULENCE OFF  0.00  0.00  0.00  0.00
BUNDANCE SCALE .00003162 ABUNDANCE CHANGE 1 0.91100 2 0.08900
ABUNDANCE CHANGE  3 -10.88  4 -10.89  5  -9.44  6  -3.48  7  -3.99  8  -3.11
ABUNDANCE CHANGE  9  -7.48 10  -3.95 11  -5.71 12  -4.46 13  -5.57 14  -4.49
ABUNDANCE CHANGE 15  -6.59 16  -4.83 17  -6.54 18  -5.48 19  -6.82 20  -5.68
ABUNDANCE CHANGE 21  -8.94 22  -7.05 23  -8.04 24  -6.37 25  -6.65 26  -4.37
ABUNDANCE CHANGE 27  -7.12 28  -5.79 29  -7.83 30  -7.44 31  -9.16 32  -8.63
ABUNDANCE CHANGE 33  -9.67 34  -8.69 35  -9.41 36  -8.81 37  -9.44 38  -9.14
ABUNDANCE CHANGE 39  -9.80 40  -9.54 41 -10.62 42 -10.12 43 -20.00 44 -10.20
ABUNDANCE CHANGE 45 -10.92 46 -10.35 47 -11.10 48 -10.18 49 -10.58 50 -10.04
ABUNDANCE CHANGE 51 -11.04 52  -9.80 53 -10.53 54  -9.81 55 -10.92 56  -9.91
ABUNDANCE CHANGE 57 -10.82 58 -10.49 59 -11.33 60 -10.54 61 -20.00 62 -11.04
ABUNDANCE CHANGE 63 -11.53 64 -10.92 65 -11.94 66 -10.94 67 -11.78 68 -11.11
ABUNDANCE CHANGE 69 -12.04 70 -10.96 71 -11.28 72 -11.16 73 -11.91 74 -10.93
ABUNDANCE CHANGE 75 -11.77 76 -10.59 77 -10.69 78 -10.24 79 -11.03 80 -10.95
ABUNDANCE CHANGE 81 -11.14 82 -10.19 83 -11.33 84 -20.00 85 -20.00 86 -20.00
ABUNDANCE CHANGE 87 -20.00 88 -20.00 89 -20.00 90 -11.92 91 -20.00 92 -12.51
ABUNDANCE CHANGE 93 -20.00 94 -20.00 95 -20.00 96 -20.00 97 -20.00 98 -20.00
ABUNDANCE CHANGE 99 -20.00
EAD DECK6 64 RHOX,T,P,XNE,ABROSS,ACCRAD,VTURB
5.54936991E-06  14104.2 5.410E-02 1.389E+10 3.178E-01 2.338E+02 2.000E+05
5.77119036E-06  14105.2 5.627E-02 1.444E+10 3.178E-01 2.338E+02 2.000E+05
7.57804826E-06  14106.2 7.388E-02 1.897E+10 3.183E-01 2.342E+02 2.000E+05
1.00882692E-05  14107.2 9.837E-02 2.525E+10 3.188E-01 2.347E+02 2.000E+05
1.34086054E-05  14108.2 1.308E-01 3.356E+10 3.193E-01 2.354E+02 2.000E+05
1.78104577E-05  14109.2 1.738E-01 4.459E+10 3.199E-01 2.363E+02 2.000E+05
2.36574502E-05  14110.2 2.309E-01 5.923E+10 3.206E-01 2.374E+02 2.000E+05
3.14389635E-05  14111.2 3.068E-01 7.872E+10 3.215E-01 2.389E+02 2.000E+05
4.17947667E-05  14112.9 4.079E-01 1.046E+11 3.226E-01 2.408E+02 2.000E+05
5.55420504E-05  14121.3 5.421E-01 1.390E+11 3.239E-01 2.431E+02 2.000E+05
7.38055874E-05  14134.0 7.202E-01 1.844E+11 3.256E-01 2.461E+02 2.000E+05
9.80175310E-05  14150.1 9.563E-01 2.446E+11 3.278E-01 2.500E+02 2.000E+05
1.30083680E-04  14180.2 1.269E+00 3.238E+11 3.305E-01 2.545E+02 2.000E+05
1.72416991E-04  14213.3 1.681E+00 4.280E+11 3.340E-01 2.602E+02 2.000E+05
2.28190257E-04  14251.8 2.224E+00 5.646E+11 3.384E-01 2.671E+02 2.000E+05
3.01466884E-04  14299.2 2.937E+00 7.430E+11 3.439E-01 2.754E+02 2.000E+05
3.97501579E-04  14343.1 3.871E+00 9.758E+11 3.508E-01 2.862E+02 2.000E+05
5.22764793E-04  14399.1 5.087E+00 1.277E+12 3.593E-01 2.988E+02 2.000E+05
6.85552666E-04  14466.8 6.665E+00 1.665E+12 3.695E-01 3.132E+02 2.000E+05
8.96155154E-04  14548.7 8.703E+00 2.161E+12 3.816E-01 3.290E+02 2.000E+05
1.16737674E-03  14639.9 1.132E+01 2.794E+12 3.960E-01 3.466E+02 2.000E+05
1.51507969E-03  14742.0 1.468E+01 3.595E+12 4.128E-01 3.662E+02 2.000E+05
1.95879426E-03  14852.8 1.895E+01 4.605E+12 4.323E-01 3.883E+02 2.000E+05
2.52256689E-03  14976.1 2.436E+01 5.871E+12 4.546E-01 4.130E+02 2.000E+05
3.23614841E-03  15114.2 3.119E+01 7.447E+12 4.798E-01 4.401E+02 2.000E+05
4.13674304E-03  15273.7 3.979E+01 9.400E+12 5.075E-01 4.679E+02 2.000E+05
5.27090134E-03  15452.6 5.058E+01 1.181E+13 5.379E-01 4.958E+02 2.000E+05
6.69659988E-03  15649.6 6.411E+01 1.478E+13 5.710E-01 5.235E+02 2.000E+05
8.48577611E-03  15861.2 8.104E+01 1.844E+13 6.073E-01 5.515E+02 2.000E+05
1.07271279E-02  16084.4 1.022E+02 2.293E+13 6.470E-01 5.806E+02 2.000E+05
1.35294685E-02  16317.3 1.285E+02 2.843E+13 6.908E-01 6.116E+02 2.000E+05
1.70255693E-02  16556.1 1.613E+02 3.517E+13 7.392E-01 6.463E+02 2.000E+05
2.13772033E-02  16800.5 2.019E+02 4.339E+13 7.928E-01 6.867E+02 2.000E+05
2.67825468E-02  17052.1 2.521E+02 5.338E+13 8.517E-01 7.354E+02 2.000E+05
3.34887347E-02  17318.6 3.141E+02 6.548E+13 9.156E-01 7.944E+02 2.000E+05
4.18127508E-02  17613.3 3.904E+02 8.004E+13 9.828E-01 8.610E+02 2.000E+05
5.21695968E-02  17948.1 4.847E+02 9.753E+13 1.052E+00 9.340E+02 2.000E+05
6.51095865E-02  18336.7 6.015E+02 1.185E+14 1.120E+00 1.010E+03 2.000E+05
8.13669727E-02  18791.3 7.470E+02 1.436E+14 1.185E+00 1.086E+03 2.000E+05
1.01918586E-01  19322.8 9.294E+02 1.738E+14 1.246E+00 1.158E+03 2.000E+05
1.28058303E-01  19943.8 1.160E+03 2.102E+14 1.303E+00 1.225E+03 2.000E+05
1.61471520E-01  20662.1 1.452E+03 2.540E+14 1.357E+00 1.285E+03 2.000E+05
2.04308605E-01  21477.9 1.824E+03 3.070E+14 1.410E+00 1.335E+03 2.000E+05
2.59290616E-01  22397.5 2.299E+03 3.711E+14 1.465E+00 1.378E+03 2.000E+05
3.29760214E-01  23418.5 2.905E+03 4.486E+14 1.527E+00 1.415E+03 2.000E+05
4.19768797E-01  24538.5 3.676E+03 5.417E+14 1.597E+00 1.449E+03 2.000E+05
5.34168421E-01  25754.1 4.653E+03 6.533E+14 1.681E+00 1.484E+03 2.000E+05
6.78743374E-01  27071.1 5.881E+03 7.856E+14 1.778E+00 1.524E+03 2.000E+05
8.60446562E-01  28487.4 7.416E+03 9.415E+14 1.892E+00 1.575E+03 2.000E+05
1.08758167E+00  30030.6 9.322E+03 1.123E+15 2.023E+00 1.642E+03 2.000E+05
1.37007149E+00  31706.6 1.167E+04 1.332E+15 2.176E+00 1.725E+03 2.000E+05
1.71853204E+00  33542.3 1.454E+04 1.571E+15 2.364E+00 1.839E+03 2.000E+05
2.14378490E+00  35553.6 1.797E+04 1.840E+15 2.597E+00 1.987E+03 2.000E+05
2.65757822E+00  37760.9 2.205E+04 2.140E+15 2.878E+00 2.164E+03 2.000E+05
3.28173251E+00  40174.7 2.689E+04 2.478E+15 3.107E+00 2.299E+03 2.000E+05
4.08183823E+00  42806.2 3.305E+04 2.882E+15 3.115E+00 2.279E+03 2.000E+05
5.18601283E+00  45642.4 4.165E+04 3.424E+15 2.926E+00 2.143E+03 2.000E+05
6.77387577E+00  48756.2 5.427E+04 4.187E+15 2.684E+00 1.968E+03 2.000E+05
9.08037843E+00  52140.1 7.299E+04 5.272E+15 2.475E+00 1.816E+03 2.000E+05
1.24096749E+01  55864.5 1.005E+05 6.779E+15 2.292E+00 1.674E+03 2.000E+05
1.71653866E+01  59842.7 1.404E+05 8.843E+15 2.152E+00 1.558E+03 2.000E+05
2.39119993E+01  64202.6 1.977E+05 1.161E+16 2.031E+00 1.455E+03 2.000E+05
3.33545875E+01  68859.1 2.789E+05 1.527E+16 1.944E+00 1.367E+03 2.000E+05
4.64294735E+01  73892.4 3.919E+05 2.000E+16 1.881E+00 1.343E+03 2.000E+05
RADK 7.1006E+02
EGIN                    ITERATION   9 COMPLETED
